token_id	region	spectral_trajectory_valid	cpps_trajectory_valid	cpps_left_phone_margin_samples	cpps_right_phone_margin_samples	cpps_failure_reason
LA_T_9980379_0000	Boundary	True	True			
LA_T_9980379_0000	Interior_A	True	False	-4.440892098500626e-13	1.1102230246251565e-13	incomplete_strict_phone_support_for_nine_point_cpps_trajectory
LA_T_9980379_0000	Interior_B	True	False	-159.9999999999997	-160.00000000000048	incomplete_strict_phone_support_for_nine_point_cpps_trajectory
LA_T_9980379_0012	Boundary	True	True			
LA_T_9980379_0012	Interior_A	True	False	-80.00000000000007	-80.0000000000013	incomplete_strict_phone_support_for_nine_point_cpps_trajectory
LA_T_9980379_0012	Interior_B	True	True	320.0000000000003	320.00000000000085	
LA_T_9980379_0013	Boundary	True	True			
LA_T_9980379_0013	Interior_A	True	True	320.0000000000003	320.00000000000085	
LA_T_9980379_0013	Interior_B	True	True	239.99999999999844	239.999999999999	
LA_T_9980379_0014	Boundary	True	True			
LA_T_9980379_0014	Interior_A	True	True	239.99999999999844	239.999999999999	
LA_T_9980379_0014	Interior_B	True	True	719.9999999999989	720.000000000003	
LA_T_9980379_0015	Boundary	True	True			
LA_T_9980379_0015	Interior_A	True	True	719.9999999999989	720.000000000003	
LA_T_9980379_0015	Interior_B	True	False	-3.552713678800501e-12	5.551115123125783e-13	incomplete_strict_phone_support_for_nine_point_cpps_trajectory
LA_T_9980379_0016	Boundary	True	False			official_v6_boundary_cpps_invalid_or_incomplete_support
LA_T_9980379_0016	Interior_A	True	False	-3.552713678800501e-12	5.551115123125783e-13	incomplete_strict_phone_support_for_nine_point_cpps_trajectory
LA_T_9980379_0016	Interior_B	True	False	-79.9999999999983	-80.0000000000013	incomplete_strict_phone_support_for_nine_point_cpps_trajectory
LA_T_9980379_0017	Boundary	True	False			official_v6_boundary_cpps_invalid_or_incomplete_support
LA_T_9980379_0017	Interior_A	True	False	-79.9999999999983	-80.0000000000013	incomplete_strict_phone_support_for_nine_point_cpps_trajectory
LA_T_9980379_0017	Interior_B	True	False	-160.00000000000014	-159.99999999999957	incomplete_strict_phone_support_for_nine_point_cpps_trajectory
LA_T_9980379_0018	Boundary	True	False			official_v6_boundary_cpps_invalid_or_incomplete_support
LA_T_9980379_0018	Interior_A	True	False	-160.00000000000014	-159.99999999999957	incomplete_strict_phone_support_for_nine_point_cpps_trajectory
LA_T_9980379_0018	Interior_B	True	False	-160.00000000000014	-159.99999999999957	incomplete_strict_phone_support_for_nine_point_cpps_trajectory
LA_T_9980379_0019	Boundary	True	True			
LA_T_9980379_0019	Interior_A	True	False	-160.00000000000014	-159.99999999999957	incomplete_strict_phone_support_for_nine_point_cpps_trajectory
LA_T_9980379_0019	Interior_B	True	False	-3.552713678800501e-12	5.551115123125783e-13	incomplete_strict_phone_support_for_nine_point_cpps_trajectory
LA_T_9980379_0020	Boundary	True	False			official_v6_boundary_cpps_invalid_or_incomplete_support
LA_T_9980379_0020	Interior_A	True	False	-3.552713678800501e-12	5.551115123125783e-13	incomplete_strict_phone_support_for_nine_point_cpps_trajectory
LA_T_9980379_0020	Interior_B	True	False	0.0	5.551115123125783e-13	incomplete_strict_phone_support_for_nine_point_cpps_trajectory
LA_T_9980379_0023	Boundary	True	True			
LA_T_9980379_0023	Interior_A	True	True	399.9999999999986	399.99999999999915	
LA_T_9980379_0023	Interior_B	True	True	1440.0000000000014	1439.9999999999982	
LA_T_9982405_0005	Boundary	True	True			
LA_T_9982405_0005	Interior_A	True	True	240.00000000000023	239.9999999999999	
LA_T_9982405_0005	Interior_B	True	True	8.881784197001252e-13	5.551115123125783e-13	
LA_T_9982405_0006	Boundary	True	True			
LA_T_9982405_0006	Interior_A	True	True	8.881784197001252e-13	5.551115123125783e-13	
LA_T_9982405_0006	Interior_B	True	False	-80.00000000000185	-79.99999999999952	incomplete_strict_phone_support_for_nine_point_cpps_trajectory
LA_T_9982405_0007	Boundary	True	False			official_v6_boundary_cpps_invalid_or_incomplete_support
LA_T_9982405_0007	Interior_A	True	False	-80.00000000000185	-79.99999999999952	incomplete_strict_phone_support_for_nine_point_cpps_trajectory
LA_T_9982405_0007	Interior_B	True	True	159.99999999999835	160.0000000000007	
LA_T_9982405_0008	Boundary	True	False			official_v6_boundary_cpps_invalid_or_incomplete_support
LA_T_9982405_0008	Interior_A	True	True	159.99999999999835	160.0000000000007	
LA_T_9982405_0008	Interior_B	True	True	79.9999999999983	80.00000000000063	
LA_T_9982405_0009	Boundary	True	True			
LA_T_9982405_0009	Interior_A	True	True	79.9999999999983	80.00000000000063	
LA_T_9982405_0009	Interior_B	True	False	-160.00000000000014	-159.99999999999957	incomplete_strict_phone_support_for_nine_point_cpps_trajectory
LA_T_9982405_0010	Boundary	True	False			official_v6_boundary_cpps_invalid_or_incomplete_support
LA_T_9982405_0010	Interior_A	True	False	-160.00000000000014	-159.99999999999957	incomplete_strict_phone_support_for_nine_point_cpps_trajectory
LA_T_9982405_0010	Interior_B	True	True	399.9999999999986	400.0000000000009	
LA_T_9982405_0011	Boundary	True	False			official_v6_boundary_cpps_invalid_or_incomplete_support
LA_T_9982405_0011	Interior_A	True	True	399.9999999999986	400.0000000000009	
LA_T_9982405_0011	Interior_B	True	True	80.00000000000185	79.99999999999885	
LA_T_9982405_0012	Boundary	True	True			
LA_T_9982405_0012	Interior_A	True	True	80.00000000000185	79.99999999999885	
LA_T_9982405_0012	Interior_B	True	False	-3.552713678800501e-12	5.551115123125783e-13	incomplete_strict_phone_support_for_nine_point_cpps_trajectory
LA_T_9982405_0015	Boundary	True	True			
LA_T_9982405_0015	Interior_A	True	True	559.9999999999987	560.0000000000028	
LA_T_9982405_0015	Interior_B	True	False	-3.552713678800501e-12	5.551115123125783e-13	incomplete_strict_phone_support_for_nine_point_cpps_trajectory
LA_T_9982405_0016	Boundary	True	False			official_v6_boundary_cpps_invalid_or_incomplete_support
LA_T_9982405_0016	Interior_A	True	False	-3.552713678800501e-12	5.551115123125783e-13	incomplete_strict_phone_support_for_nine_point_cpps_trajectory
LA_T_9982405_0016	Interior_B	True	True	160.00000000000014	160.0000000000007	
LA_T_9982405_0019	Boundary	True	True			
LA_T_9982405_0019	Interior_A	True	True	479.9999999999969	480.00000000000097	
LA_T_9982405_0019	Interior_B	True	True	480.00000000000045	480.00000000000097	
LA_T_9982405_0020	Boundary	True	True			
LA_T_9982405_0020	Interior_A	True	True	480.00000000000045	480.00000000000097	
LA_T_9982405_0020	Interior_B	True	True	319.9999999999967	320.00000000000085	
LA_T_9982405_0021	Boundary	True	True			
LA_T_9982405_0021	Interior_A	True	True	319.9999999999967	320.00000000000085	
LA_T_9982405_0021	Interior_B	True	False	-160.00000000000014	-160.00000000000313	incomplete_strict_phone_support_for_nine_point_cpps_trajectory
LA_T_9982405_0022	Boundary	True	True			
LA_T_9982405_0022	Interior_A	True	False	-160.00000000000014	-160.00000000000313	incomplete_strict_phone_support_for_nine_point_cpps_trajectory
LA_T_9982405_0022	Interior_B	True	True	320.0000000000003	320.00000000000085	
LA_T_9983713_0000	Boundary	True	True			
LA_T_9983713_0000	Interior_A	True	True	320.0000000000003	319.99999999999727	
LA_T_9983713_0000	Interior_B	True	False	-160.00000000000014	-159.99999999999957	incomplete_strict_phone_support_for_nine_point_cpps_trajectory
LA_T_9983713_0001	Boundary	True	True			
LA_T_9983713_0001	Interior_A	True	False	-160.00000000000014	-159.99999999999957	incomplete_strict_phone_support_for_nine_point_cpps_trajectory
LA_T_9983713_0001	Interior_B	True	True	79.9999999999983	80.0000000000024	
LA_T_9983713_0003	Boundary	True	False			official_v6_boundary_cpps_invalid_or_incomplete_support
LA_T_9983713_0003	Interior_A	True	False	-159.9999999999966	-160.00000000000313	incomplete_strict_phone_support_for_nine_point_cpps_trajectory
LA_T_9983713_0003	Interior_B	True	False	-160.00000000000014	-159.99999999999957	incomplete_strict_phone_support_for_nine_point_cpps_trajectory
LA_T_9983713_0006	Boundary	True	True			
LA_T_9983713_0006	Interior_A	True	False	-80.00000000000185	-79.99999999999774	incomplete_strict_phone_support_for_nine_point_cpps_trajectory
LA_T_9983713_0006	Interior_B	True	False	-160.00000000000014	-159.99999999999957	incomplete_strict_phone_support_for_nine_point_cpps_trajectory
LA_T_9983713_0012	Boundary	True	True			
LA_T_9983713_0012	Interior_A	True	True	239.99999999999844	239.999999999999	
LA_T_9983713_0012	Interior_B	True	False	-79.9999999999983	-80.0000000000013	incomplete_strict_phone_support_for_nine_point_cpps_trajectory
LA_T_9983713_0013	Boundary	True	True			
LA_T_9983713_0013	Interior_A	True	False	-79.9999999999983	-80.0000000000013	incomplete_strict_phone_support_for_nine_point_cpps_trajectory
LA_T_9983713_0013	Interior_B	True	True	239.99999999999844	240.00000000000256	
LA_T_9983713_0016	Boundary	True	True			
LA_T_9983713_0016	Interior_A	True	False	-159.9999999999966	-160.00000000000313	incomplete_strict_phone_support_for_nine_point_cpps_trajectory
LA_T_9983713_0016	Interior_B	True	False	-159.9999999999966	-160.00000000000313	incomplete_strict_phone_support_for_nine_point_cpps_trajectory
LA_T_9983713_0017	Boundary	True	False			official_v6_boundary_cpps_invalid_or_incomplete_support
LA_T_9983713_0017	Interior_A	True	False	-159.9999999999966	-160.00000000000313	incomplete_strict_phone_support_for_nine_point_cpps_trajectory
LA_T_9983713_0017	Interior_B	True	False	-160.0000000000037	-159.99999999999602	incomplete_strict_phone_support_for_nine_point_cpps_trajectory
LA_T_9983713_0018	Boundary	True	False			official_v6_boundary_cpps_invalid_or_incomplete_support
LA_T_9983713_0018	Interior_A	True	False	-160.0000000000037	-159.99999999999602	incomplete_strict_phone_support_for_nine_point_cpps_trajectory
LA_T_9983713_0018	Interior_B	True	False	0.0	5.551115123125783e-13	incomplete_strict_phone_support_for_nine_point_cpps_trajectory
LA_T_9983713_0019	Boundary	True	False			official_v6_boundary_cpps_invalid_or_incomplete_support
LA_T_9983713_0019	Interior_A	True	False	0.0	5.551115123125783e-13	incomplete_strict_phone_support_for_nine_point_cpps_trajectory
LA_T_9983713_0019	Interior_B	True	False	-159.9999999999966	-160.00000000000313	incomplete_strict_phone_support_for_nine_point_cpps_trajectory
LA_T_9983713_0023	Boundary	True	False			official_v6_boundary_cpps_invalid_or_incomplete_support
LA_T_9983713_0023	Interior_A	True	True	320.0000000000003	320.00000000000085	
LA_T_9983713_0023	Interior_B	True	True	79.9999999999983	79.99999999999885	
LA_T_9983713_0024	Boundary	True	True			
LA_T_9983713_0024	Interior_A	True	True	79.9999999999983	79.99999999999885	
LA_T_9983713_0024	Interior_B	True	True	1120.0000000000045	1119.999999999998	
LA_T_9983805_0000	Boundary	True	False			official_v6_boundary_cpps_invalid_or_incomplete_support
LA_T_9983805_0000	Interior_A	True	False	-80.00000000000007	-79.99999999999952	incomplete_strict_phone_support_for_nine_point_cpps_trajectory
LA_T_9983805_0000	Interior_B	True	False	-160.00000000000014	-159.99999999999957	incomplete_strict_phone_support_for_nine_point_cpps_trajectory
LA_T_9983805_0003	Boundary	True	False			official_v6_boundary_cpps_invalid_or_incomplete_support
LA_T_9983805_0003	Interior_A	True	True	320.0000000000003	319.99999999999727	
LA_T_9983805_0003	Interior_B	True	True	719.9999999999989	719.9999999999994	
LA_T_9983805_0004	Boundary	True	True			
LA_T_9983805_0004	Interior_A	True	True	719.9999999999989	719.9999999999994	
LA_T_9983805_0004	Interior_B	True	True	480.00000000000045	479.99999999999744	
LA_T_9983805_0005	Boundary	True	False			official_v6_boundary_cpps_invalid_or_incomplete_support
LA_T_9983805_0005	Interior_A	True	True	480.00000000000045	480.00000000000097	
LA_T_9983805_0005	Interior_B	True	True	239.99999999999844	239.999999999999	
LA_T_9984124_0000	Boundary	True	False			official_v6_boundary_cpps_invalid_or_incomplete_support
LA_T_9984124_0000	Interior_A	True	False	-79.99999999999996	-79.99999999999996	incomplete_strict_phone_support_for_nine_point_cpps_trajectory
LA_T_9984124_0000	Interior_B	True	True	159.9999999999997	160.00000000000026	
LA_T_9984124_0004	Boundary	True	True			
LA_T_9984124_0004	Interior_A	True	True	80.00000000000007	80.00000000000063	
LA_T_9984124_0004	Interior_B	True	False	-160.00000000000014	-159.99999999999957	incomplete_strict_phone_support_for_nine_point_cpps_trajectory
LA_T_9984124_0006	Boundary	True	True			
LA_T_9984124_0006	Interior_A	True	False	-160.00000000000014	-159.99999999999957	incomplete_strict_phone_support_for_nine_point_cpps_trajectory
LA_T_9984124_0006	Interior_B	True	False	0.0	-1.2212453270876722e-12	incomplete_strict_phone_support_for_nine_point_cpps_trajectory
LA_T_9984124_0007	Boundary	True	True			
LA_T_9984124_0007	Interior_A	True	False	0.0	-1.2212453270876722e-12	incomplete_strict_phone_support_for_nine_point_cpps_trajectory
LA_T_9984124_0007	Interior_B	True	True	80.00000000000007	80.00000000000063	
LA_T_9984124_0008	Boundary	True	True			
LA_T_9984124_0008	Interior_A	True	True	80.00000000000007	80.00000000000063	
LA_T_9984124_0008	Interior_B	True	False	-80.00000000000007	-80.0000000000013	incomplete_strict_phone_support_for_nine_point_cpps_trajectory
LA_T_9984124_0009	Boundary	True	True			
LA_T_9984124_0009	Interior_A	True	False	-80.00000000000007	-80.0000000000013	incomplete_strict_phone_support_for_nine_point_cpps_trajectory
LA_T_9984124_0009	Interior_B	True	False	0.0	-1.2212453270876722e-12	incomplete_strict_phone_support_for_nine_point_cpps_trajectory
LA_T_9984124_0012	Boundary	True	False			official_v6_boundary_cpps_invalid_or_incomplete_support
LA_T_9984124_0012	Interior_A	True	False	0.0	-1.2212453270876722e-12	incomplete_strict_phone_support_for_nine_point_cpps_trajectory
LA_T_9984124_0012	Interior_B	True	False	-160.00000000000014	-159.99999999999957	incomplete_strict_phone_support_for_nine_point_cpps_trajectory
LA_T_9984124_0016	Boundary	True	False			official_v6_boundary_cpps_invalid_or_incomplete_support
LA_T_9984124_0016	Interior_A	True	True	479.9999999999969	480.00000000000097	
LA_T_9984124_0016	Interior_B	True	False	-79.9999999999983	-80.0000000000013	incomplete_strict_phone_support_for_nine_point_cpps_trajectory
LA_T_9984124_0017	Boundary	True	True			
LA_T_9984124_0017	Interior_A	True	False	-79.9999999999983	-80.0000000000013	incomplete_strict_phone_support_for_nine_point_cpps_trajectory
LA_T_9984124_0017	Interior_B	True	True	160.00000000000014	159.99999999999716	
LA_T_9984124_0018	Boundary	True	False			official_v6_boundary_cpps_invalid_or_incomplete_support
LA_T_9984124_0018	Interior_A	True	True	160.00000000000014	159.99999999999716	
LA_T_9984124_0018	Interior_B	True	True	79.9999999999983	80.0000000000024	
LA_T_9984124_0019	Boundary	True	False			official_v6_boundary_cpps_invalid_or_incomplete_support
LA_T_9984124_0019	Interior_A	True	True	79.9999999999983	80.0000000000024	
LA_T_9984124_0019	Interior_B	True	True	320.0000000000003	320.00000000000085	
LA_T_9984124_0027	Boundary	True	False			official_v6_boundary_cpps_invalid_or_incomplete_support
LA_T_9984124_0027	Interior_A	True	False	-160.00000000000014	-159.99999999999957	incomplete_strict_phone_support_for_nine_point_cpps_trajectory
LA_T_9984124_0027	Interior_B	True	True	160.00000000000014	159.99999999999716	
LA_T_9984124_0028	Boundary	True	False			official_v6_boundary_cpps_invalid_or_incomplete_support
LA_T_9984124_0028	Interior_A	True	True	160.00000000000014	159.99999999999716	
LA_T_9984124_0028	Interior_B	True	False	-79.9999999999983	-79.99999999999774	incomplete_strict_phone_support_for_nine_point_cpps_trajectory
LA_T_9984124_0029	Boundary	True	False			official_v6_boundary_cpps_invalid_or_incomplete_support
LA_T_9984124_0029	Interior_A	True	False	-79.9999999999983	-79.99999999999774	incomplete_strict_phone_support_for_nine_point_cpps_trajectory
LA_T_9984124_0029	Interior_B	True	False	-80.0000000000054	-79.99999999999774	incomplete_strict_phone_support_for_nine_point_cpps_trajectory
LA_T_9984137_0011	Boundary	True	False			official_v6_boundary_cpps_invalid_or_incomplete_support
LA_T_9984137_0011	Interior_A	True	False	-160.00000000000014	-159.99999999999957	incomplete_strict_phone_support_for_nine_point_cpps_trajectory
LA_T_9984137_0011	Interior_B	True	True	79.9999999999983	80.00000000000063	
LA_T_9984137_0018	Boundary	True	False			official_v6_boundary_cpps_invalid_or_incomplete_support
LA_T_9984137_0018	Interior_A	True	False	-3.552713678800501e-12	5.551115123125783e-13	incomplete_strict_phone_support_for_nine_point_cpps_trajectory
LA_T_9984137_0018	Interior_B	True	False	-160.00000000000014	-159.99999999999957	incomplete_strict_phone_support_for_nine_point_cpps_trajectory
LA_T_9984385_0003	Boundary	True	True			
LA_T_9984385_0003	Interior_A	True	False	-4.440892098500626e-13	5.551115123125783e-13	incomplete_strict_phone_support_for_nine_point_cpps_trajectory
LA_T_9984385_0003	Interior_B	True	False	-160.00000000000014	-159.99999999999957	incomplete_strict_phone_support_for_nine_point_cpps_trajectory
LA_T_9984385_0013	Boundary	True	False			official_v6_boundary_cpps_invalid_or_incomplete_support
LA_T_9984385_0013	Interior_A	True	False	0.0	-1.2212453270876722e-12	incomplete_strict_phone_support_for_nine_point_cpps_trajectory
LA_T_9984385_0013	Interior_B	True	True	1839.9999999999982	1840.0000000000002	
LA_T_9984385_0017	Boundary	True	True			
LA_T_9984385_0017	Interior_A	True	False	-79.9999999999983	-80.0000000000013	incomplete_strict_phone_support_for_nine_point_cpps_trajectory
LA_T_9984385_0017	Interior_B	True	False	-160.00000000000014	-160.00000000000313	incomplete_strict_phone_support_for_nine_point_cpps_trajectory
LA_T_9984810_0006	Boundary	True	False			official_v6_boundary_cpps_invalid_or_incomplete_support
LA_T_9984810_0006	Interior_A	True	False	-79.99999999999918	-79.99999999999952	incomplete_strict_phone_support_for_nine_point_cpps_trajectory
LA_T_9984810_0006	Interior_B	True	False	0.0	-1.2212453270876722e-12	incomplete_strict_phone_support_for_nine_point_cpps_trajectory
LA_T_9984810_0007	Boundary	True	False			official_v6_boundary_cpps_invalid_or_incomplete_support
LA_T_9984810_0007	Interior_A	True	False	0.0	-1.2212453270876722e-12	incomplete_strict_phone_support_for_nine_point_cpps_trajectory
LA_T_9984810_0007	Interior_B	True	False	-80.00000000000007	-80.0000000000013	incomplete_strict_phone_support_for_nine_point_cpps_trajectory
LA_T_9984810_0010	Boundary	True	False			official_v6_boundary_cpps_invalid_or_incomplete_support
LA_T_9984810_0010	Interior_A	True	True	160.00000000000014	159.99999999999892	
LA_T_9984810_0010	Interior_B	True	False	-1.7763568394002505e-12	2.3314683517128287e-12	incomplete_strict_phone_support_for_nine_point_cpps_trajectory
LA_T_9984810_0011	Boundary	True	False			official_v6_boundary_cpps_invalid_or_incomplete_support
LA_T_9984810_0011	Interior_A	True	False	0.0	-1.2212453270876722e-12	incomplete_strict_phone_support_for_nine_point_cpps_trajectory
LA_T_9984810_0011	Interior_B	True	True	239.99999999999844	240.00000000000077	
LA_T_9984810_0012	Boundary	True	True			
LA_T_9984810_0012	Interior_A	True	True	239.99999999999844	240.00000000000077	
LA_T_9984810_0012	Interior_B	True	False	-160.00000000000014	-159.99999999999957	incomplete_strict_phone_support_for_nine_point_cpps_trajectory
LA_T_9984810_0013	Boundary	True	True			
LA_T_9984810_0013	Interior_A	True	False	-160.00000000000014	-159.99999999999957	incomplete_strict_phone_support_for_nine_point_cpps_trajectory
LA_T_9984810_0013	Interior_B	True	False	-160.00000000000014	-160.00000000000313	incomplete_strict_phone_support_for_nine_point_cpps_trajectory
LA_T_9984810_0016	Boundary	True	False			official_v6_boundary_cpps_invalid_or_incomplete_support
LA_T_9984810_0016	Interior_A	True	True	80.00000000000185	79.99999999999885	
LA_T_9984810_0016	Interior_B	True	False	-79.9999999999983	-80.0000000000013	incomplete_strict_phone_support_for_nine_point_cpps_trajectory
LA_T_9984810_0017	Boundary	True	False			official_v6_boundary_cpps_invalid_or_incomplete_support
LA_T_9984810_0017	Interior_A	True	False	-79.9999999999983	-80.0000000000013	incomplete_strict_phone_support_for_nine_point_cpps_trajectory
LA_T_9984810_0017	Interior_B	True	False	-3.552713678800501e-12	4.107825191113079e-12	incomplete_strict_phone_support_for_nine_point_cpps_trajectory
LA_T_9984810_0018	Boundary	True	False			official_v6_boundary_cpps_invalid_or_incomplete_support
LA_T_9984810_0018	Interior_A	True	False	-3.552713678800501e-12	5.551115123125783e-13	incomplete_strict_phone_support_for_nine_point_cpps_trajectory
LA_T_9984810_0018	Interior_B	True	True	399.9999999999986	399.99999999999915	
LA_T_9984810_0019	Boundary	True	True			
LA_T_9984810_0019	Interior_A	True	True	399.9999999999986	400.0000000000027	
LA_T_9984810_0019	Interior_B	True	False	-80.00000000000185	-80.0000000000013	incomplete_strict_phone_support_for_nine_point_cpps_trajectory
LA_T_9984936_0001	Boundary	True	False			official_v6_boundary_cpps_invalid_or_incomplete_support
LA_T_9984936_0001	Interior_A	True	True	160.00000000000102	159.9999999999998	
LA_T_9984936_0001	Interior_B	True	False	-80.00000000000007	-79.99999999999952	incomplete_strict_phone_support_for_nine_point_cpps_trajectory
LA_T_9984936_0003	Boundary	True	True			
LA_T_9984936_0003	Interior_A	True	False	-160.00000000000014	-159.99999999999957	incomplete_strict_phone_support_for_nine_point_cpps_trajectory
LA_T_9984936_0003	Interior_B	True	False	-160.00000000000014	-159.99999999999957	incomplete_strict_phone_support_for_nine_point_cpps_trajectory
LA_T_9984936_0008	Boundary	True	True			
LA_T_9984936_0008	Interior_A	True	False	0.0	-1.2212453270876722e-12	incomplete_strict_phone_support_for_nine_point_cpps_trajectory
LA_T_9984936_0008	Interior_B	True	False	-80.00000000000007	-80.0000000000013	incomplete_strict_phone_support_for_nine_point_cpps_trajectory
LA_T_9984936_0012	Boundary	True	False			official_v6_boundary_cpps_invalid_or_incomplete_support
LA_T_9984936_0012	Interior_A	True	False	-160.00000000000014	-159.99999999999957	incomplete_strict_phone_support_for_nine_point_cpps_trajectory
LA_T_9984936_0012	Interior_B	True	True	159.9999999999966	160.00000000000426	
LA_T_9984936_0016	Boundary	True	True			
LA_T_9984936_0016	Interior_A	True	False	-160.00000000000014	-159.99999999999957	incomplete_strict_phone_support_for_nine_point_cpps_trajectory
LA_T_9984936_0016	Interior_B	True	True	79.9999999999983	79.99999999999885	
LA_T_9984936_0017	Boundary	True	True			
LA_T_9984936_0017	Interior_A	True	True	80.00000000000185	79.99999999999885	
LA_T_9984936_0017	Interior_B	True	True	79.9999999999983	80.0000000000024	
LA_T_9984936_0020	Boundary	True	False			official_v6_boundary_cpps_invalid_or_incomplete_support
LA_T_9984936_0020	Interior_A	True	False	-160.00000000000014	-159.99999999999957	incomplete_strict_phone_support_for_nine_point_cpps_trajectory
LA_T_9984936_0020	Interior_B	True	True	160.00000000000014	159.99999999999716	
LA_T_9984936_0021	Boundary	True	False			official_v6_boundary_cpps_invalid_or_incomplete_support
LA_T_9984936_0021	Interior_A	True	True	160.0000000000037	159.99999999999716	
LA_T_9984936_0021	Interior_B	True	True	560.0000000000023	559.9999999999993	
LA_T_9984936_0022	Boundary	True	True			
LA_T_9984936_0022	Interior_A	True	True	560.0000000000023	559.9999999999993	
LA_T_9984936_0022	Interior_B	True	False	-160.00000000000014	-159.99999999999957	incomplete_strict_phone_support_for_nine_point_cpps_trajectory
LA_T_9984936_0023	Boundary	True	True			
LA_T_9984936_0023	Interior_A	True	False	-160.00000000000014	-159.99999999999957	incomplete_strict_phone_support_for_nine_point_cpps_trajectory
LA_T_9984936_0023	Interior_B	True	True	799.9999999999972	800.0000000000048	
LA_T_9984936_0024	Boundary	True	True			
LA_T_9984936_0024	Interior_A	True	True	799.9999999999972	799.9999999999977	
LA_T_9984936_0024	Interior_B	True	False	-79.9999999999983	-79.99999999999774	incomplete_strict_phone_support_for_nine_point_cpps_trajectory
LA_T_9985674_0000	Boundary	True	True			
LA_T_9985674_0000	Interior_A	True	True	79.99999999999474	80.0000000000024	
LA_T_9985674_0000	Interior_B	True	True	80.00000000000185	79.99999999999885	
LA_T_9985674_0001	Boundary	True	False			official_v6_boundary_cpps_invalid_or_incomplete_support
LA_T_9985674_0001	Interior_A	True	True	80.00000000000185	79.99999999999885	
LA_T_9985674_0001	Interior_B	True	True	160.00000000000014	160.0000000000007	
LA_T_9985674_0005	Boundary	True	False			official_v6_boundary_cpps_invalid_or_incomplete_support
LA_T_9985674_0005	Interior_A	True	True	399.999999999995	400.0000000000027	
LA_T_9985674_0005	Interior_B	True	True	319.9999999999967	320.0000000000044	
LA_T_9985674_0011	Boundary	True	True			
LA_T_9985674_0011	Interior_A	True	False	-79.9999999999983	-80.00000000000485	incomplete_strict_phone_support_for_nine_point_cpps_trajectory
LA_T_9985674_0011	Interior_B	True	True	240.000000000002	239.99999999999545	
LA_T_9985674_0020	Boundary	True	False			official_v6_boundary_cpps_invalid_or_incomplete_support
LA_T_9985674_0020	Interior_A	True	False	-160.0000000000037	-159.99999999999602	incomplete_strict_phone_support_for_nine_point_cpps_trajectory
LA_T_9985674_0020	Interior_B	True	False	-159.9999999999966	-160.00000000000313	incomplete_strict_phone_support_for_nine_point_cpps_trajectory
LA_T_9985674_0021	Boundary	True	True			
LA_T_9985674_0021	Interior_A	True	False	-159.9999999999966	-160.00000000000313	incomplete_strict_phone_support_for_nine_point_cpps_trajectory
LA_T_9985674_0021	Interior_B	True	False	-80.0000000000054	-79.99999999999774	incomplete_strict_phone_support_for_nine_point_cpps_trajectory
LA_T_9985674_0024	Boundary	True	True			
LA_T_9985674_0024	Interior_A	True	True	399.9999999999915	400.00000000000625	
LA_T_9985674_0024	Interior_B	True	True	399.9999999999986	399.99999999999915	
LA_T_9986038_0000	Boundary	True	False			official_v6_boundary_cpps_invalid_or_incomplete_support
LA_T_9986038_0000	Interior_A	True	False	-1.1102230246251565e-13	1.1102230246251565e-13	incomplete_strict_phone_support_for_nine_point_cpps_trajectory
LA_T_9986038_0000	Interior_B	True	False	-80.00000000000007	-79.99999999999996	incomplete_strict_phone_support_for_nine_point_cpps_trajectory
LA_T_9986038_0001	Boundary	True	False			official_v6_boundary_cpps_invalid_or_incomplete_support
LA_T_9986038_0001	Interior_A	True	False	-80.00000000000007	-79.99999999999996	incomplete_strict_phone_support_for_nine_point_cpps_trajectory
LA_T_9986038_0001	Interior_B	True	False	-4.440892098500626e-13	5.551115123125783e-13	incomplete_strict_phone_support_for_nine_point_cpps_trajectory
LA_T_9986038_0008	Boundary	True	False			official_v6_boundary_cpps_invalid_or_incomplete_support
LA_T_9986038_0008	Interior_A	True	False	-160.00000000000014	-160.00000000000136	incomplete_strict_phone_support_for_nine_point_cpps_trajectory
LA_T_9986038_0008	Interior_B	True	True	80.00000000000007	79.99999999999885	
LA_T_9986038_0009	Boundary	True	True			
LA_T_9986038_0009	Interior_A	True	True	80.00000000000007	79.99999999999885	
LA_T_9986038_0009	Interior_B	True	False	0.0	-1.2212453270876722e-12	incomplete_strict_phone_support_for_nine_point_cpps_trajectory
LA_T_9986038_0010	Boundary	True	True			
LA_T_9986038_0010	Interior_A	True	False	0.0	-1.2212453270876722e-12	incomplete_strict_phone_support_for_nine_point_cpps_trajectory
LA_T_9986038_0010	Interior_B	True	False	-160.00000000000193	-159.99999999999957	incomplete_strict_phone_support_for_nine_point_cpps_trajectory
LA_T_9986038_0011	Boundary	True	True			
LA_T_9986038_0011	Interior_A	True	False	-160.00000000000014	-160.00000000000136	incomplete_strict_phone_support_for_nine_point_cpps_trajectory
LA_T_9986038_0011	Interior_B	True	True	80.00000000000007	79.99999999999885	
LA_T_9986038_0012	Boundary	True	False			official_v6_boundary_cpps_invalid_or_incomplete_support
LA_T_9986038_0012	Interior_A	True	True	80.00000000000007	79.99999999999885	
LA_T_9986038_0012	Interior_B	True	True	320.0000000000003	320.00000000000085	
LA_T_9986038_0013	Boundary	True	False			official_v6_boundary_cpps_invalid_or_incomplete_support
LA_T_9986038_0013	Interior_A	True	True	320.0000000000003	320.00000000000085	
LA_T_9986038_0013	Interior_B	True	False	-79.9999999999983	-80.0000000000013	incomplete_strict_phone_support_for_nine_point_cpps_trajectory
LA_T_9987676_0000	Boundary	True	False			official_v6_boundary_cpps_invalid_or_incomplete_support
LA_T_9987676_0000	Interior_A	True	True	80.00000000000007	80.00000000000063	
LA_T_9987676_0000	Interior_B	True	False	-160.00000000000014	-159.99999999999957	incomplete_strict_phone_support_for_nine_point_cpps_trajectory
LA_T_9987676_0004	Boundary	True	True			
LA_T_9987676_0004	Interior_A	True	True	240.00000000000023	239.999999999999	
LA_T_9987676_0004	Interior_B	True	False	-80.00000000000007	-79.99999999999952	incomplete_strict_phone_support_for_nine_point_cpps_trajectory
LA_T_9987676_0005	Boundary	True	False			official_v6_boundary_cpps_invalid_or_incomplete_support
LA_T_9987676_0005	Interior_A	True	False	-80.00000000000185	-79.99999999999952	incomplete_strict_phone_support_for_nine_point_cpps_trajectory
LA_T_9987676_0005	Interior_B	True	False	-160.00000000000193	-159.9999999999978	incomplete_strict_phone_support_for_nine_point_cpps_trajectory
LA_T_9987676_0008	Boundary	True	True			
LA_T_9987676_0008	Interior_A	True	False	-80.00000000000185	-79.99999999999774	incomplete_strict_phone_support_for_nine_point_cpps_trajectory
LA_T_9987676_0008	Interior_B	True	True	320.0000000000003	319.99999999999727	
LA_T_9987676_0009	Boundary	True	False			official_v6_boundary_cpps_invalid_or_incomplete_support
LA_T_9987676_0009	Interior_A	True	True	320.00000000000387	319.99999999999727	
LA_T_9987676_0009	Interior_B	True	False	-79.9999999999983	-80.0000000000013	incomplete_strict_phone_support_for_nine_point_cpps_trajectory
LA_T_9987676_0012	Boundary	True	True			
LA_T_9987676_0012	Interior_A	True	False	-79.9999999999983	-80.0000000000013	incomplete_strict_phone_support_for_nine_point_cpps_trajectory
LA_T_9987676_0012	Interior_B	True	False	-80.00000000000185	-80.0000000000013	incomplete_strict_phone_support_for_nine_point_cpps_trajectory
LA_T_9987676_0013	Boundary	True	True			
LA_T_9987676_0013	Interior_A	True	False	-80.00000000000185	-80.0000000000013	incomplete_strict_phone_support_for_nine_point_cpps_trajectory
LA_T_9987676_0013	Interior_B	True	True	400.00000000000216	399.99999999999915	
LA_T_9987676_0016	Boundary	True	False			official_v6_boundary_cpps_invalid_or_incomplete_support
LA_T_9987676_0016	Interior_A	True	True	639.999999999997	640.0000000000011	
LA_T_9987676_0016	Interior_B	True	False	0.0	5.551115123125783e-13	incomplete_strict_phone_support_for_nine_point_cpps_trajectory
LA_T_9987676_0025	Boundary	True	False			official_v6_boundary_cpps_invalid_or_incomplete_support
LA_T_9987676_0025	Interior_A	True	False	-159.9999999999966	-160.00000000000313	incomplete_strict_phone_support_for_nine_point_cpps_trajectory
LA_T_9987676_0025	Interior_B	True	True	320.0000000000003	320.00000000000085	
LA_T_9987676_0026	Boundary	True	False			official_v6_boundary_cpps_invalid_or_incomplete_support
LA_T_9987676_0026	Interior_A	True	True	320.0000000000003	320.00000000000085	
LA_T_9987676_0026	Interior_B	True	True	320.0000000000003	319.99999999999375	
LA_T_9987676_0034	Boundary	True	True			
LA_T_9987676_0034	Interior_A	True	True	719.9999999999989	719.9999999999994	
LA_T_9987676_0034	Interior_B	True	False	0.0	5.551115123125783e-13	incomplete_strict_phone_support_for_nine_point_cpps_trajectory
LA_T_9987676_0035	Boundary	True	True			
LA_T_9987676_0035	Interior_A	True	False	0.0	5.551115123125783e-13	incomplete_strict_phone_support_for_nine_point_cpps_trajectory
LA_T_9987676_0035	Interior_B	True	False	-79.9999999999983	-80.00000000000485	incomplete_strict_phone_support_for_nine_point_cpps_trajectory
LA_T_9987676_0036	Boundary	True	True			
LA_T_9987676_0036	Interior_A	True	False	-79.9999999999983	-80.00000000000485	incomplete_strict_phone_support_for_nine_point_cpps_trajectory
LA_T_9987676_0036	Interior_B	True	True	640.0000000000006	640.0000000000011	
LA_T_9988214_0001	Boundary	True	False			official_v6_boundary_cpps_invalid_or_incomplete_support
LA_T_9988214_0001	Interior_A	True	False	-159.99999999999991	-159.9999999999998	incomplete_strict_phone_support_for_nine_point_cpps_trajectory
LA_T_9988214_0001	Interior_B	True	True	239.99999999999977	239.9999999999999	
LA_T_9988214_0002	Boundary	True	False			official_v6_boundary_cpps_invalid_or_incomplete_support
LA_T_9988214_0002	Interior_A	True	True	239.99999999999977	239.9999999999999	
LA_T_9988214_0002	Interior_B	True	False	-159.9999999999997	-160.00000000000048	incomplete_strict_phone_support_for_nine_point_cpps_trajectory
LA_T_9988214_0004	Boundary	True	True			
LA_T_9988214_0004	Interior_A	True	True	240.00000000000023	239.9999999999999	
LA_T_9988214_0004	Interior_B	True	True	560.0000000000005	559.9999999999993	
LA_T_9988214_0005	Boundary	True	True			
LA_T_9988214_0005	Interior_A	True	True	560.0000000000005	559.9999999999993	
LA_T_9988214_0005	Interior_B	True	False	0.0	5.551115123125783e-13	incomplete_strict_phone_support_for_nine_point_cpps_trajectory
LA_T_9988214_0006	Boundary	True	False			official_v6_boundary_cpps_invalid_or_incomplete_support
LA_T_9988214_0006	Interior_A	True	False	0.0	5.551115123125783e-13	incomplete_strict_phone_support_for_nine_point_cpps_trajectory
LA_T_9988214_0006	Interior_B	True	False	-80.00000000000007	-80.0000000000013	incomplete_strict_phone_support_for_nine_point_cpps_trajectory
LA_T_9988214_0011	Boundary	True	True			
LA_T_9988214_0011	Interior_A	True	False	-1.7763568394002505e-12	5.551115123125783e-13	incomplete_strict_phone_support_for_nine_point_cpps_trajectory
LA_T_9988214_0011	Interior_B	True	False	-80.00000000000007	-79.99999999999952	incomplete_strict_phone_support_for_nine_point_cpps_trajectory
LA_T_9988214_0014	Boundary	True	True			
LA_T_9988214_0014	Interior_A	True	False	0.0	-2.9976021664879227e-12	incomplete_strict_phone_support_for_nine_point_cpps_trajectory
LA_T_9988214_0014	Interior_B	True	True	800.0000000000007	800.0000000000013	
LA_T_9988214_0015	Boundary	True	True			
LA_T_9988214_0015	Interior_A	True	True	800.0000000000007	800.0000000000013	
LA_T_9988214_0015	Interior_B	True	False	0.0	-2.9976021664879227e-12	incomplete_strict_phone_support_for_nine_point_cpps_trajectory
LA_T_9988214_0016	Boundary	True	True			
LA_T_9988214_0016	Interior_A	True	False	0.0	-2.9976021664879227e-12	incomplete_strict_phone_support_for_nine_point_cpps_trajectory
LA_T_9988214_0016	Interior_B	True	True	160.00000000000014	160.0000000000007	
LA_T_9988214_0017	Boundary	True	False			official_v6_boundary_cpps_invalid_or_incomplete_support
LA_T_9988214_0017	Interior_A	True	True	160.00000000000014	160.0000000000007	
LA_T_9988214_0017	Interior_B	True	True	79.9999999999983	80.0000000000024	
LA_T_9988214_0018	Boundary	True	False			official_v6_boundary_cpps_invalid_or_incomplete_support
LA_T_9988214_0018	Interior_A	True	True	79.9999999999983	80.0000000000024	
LA_T_9988214_0018	Interior_B	True	False	-160.00000000000014	-160.00000000000313	incomplete_strict_phone_support_for_nine_point_cpps_trajectory
LA_T_9988214_0021	Boundary	True	True			
LA_T_9988214_0021	Interior_A	True	False	-160.00000000000014	-159.99999999999957	incomplete_strict_phone_support_for_nine_point_cpps_trajectory
LA_T_9988214_0021	Interior_B	True	True	879.999999999999	879.9999999999995	
LA_T_9988214_0024	Boundary	True	True			
LA_T_9988214_0024	Interior_A	True	False	-160.0000000000037	-159.99999999999602	incomplete_strict_phone_support_for_nine_point_cpps_trajectory
LA_T_9988214_0024	Interior_B	True	False	0.0	5.551115123125783e-13	incomplete_strict_phone_support_for_nine_point_cpps_trajectory
LA_T_9988214_0025	Boundary	True	True			
LA_T_9988214_0025	Interior_A	True	False	0.0	5.551115123125783e-13	incomplete_strict_phone_support_for_nine_point_cpps_trajectory
LA_T_9988214_0025	Interior_B	True	True	799.9999999999972	799.9999999999977	
LA_T_9988214_0026	Boundary	True	True			
LA_T_9988214_0026	Interior_A	True	True	799.9999999999972	799.9999999999977	
LA_T_9988214_0026	Interior_B	True	True	960.0000000000009	960.0000000000014	
LA_T_9990362_0002	Boundary	True	True			
LA_T_9990362_0002	Interior_A	True	False	-79.9999999999983	-80.0000000000013	incomplete_strict_phone_support_for_nine_point_cpps_trajectory
LA_T_9990362_0002	Interior_B	True	True	399.9999999999986	400.0000000000027	
LA_T_9990362_0006	Boundary	True	False			official_v6_boundary_cpps_invalid_or_incomplete_support
LA_T_9990362_0006	Interior_A	True	True	79.9999999999983	80.0000000000024	
LA_T_9990362_0006	Interior_B	True	True	160.00000000000014	160.0000000000007	
LA_T_9990362_0007	Boundary	True	False			official_v6_boundary_cpps_invalid_or_incomplete_support
LA_T_9990362_0007	Interior_A	True	True	160.00000000000014	160.0000000000007	
LA_T_9990362_0007	Interior_B	True	False	-80.00000000000185	-80.0000000000013	incomplete_strict_phone_support_for_nine_point_cpps_trajectory
LA_T_9990362_0008	Boundary	True	True			
LA_T_9990362_0008	Interior_A	True	False	-80.00000000000185	-80.0000000000013	incomplete_strict_phone_support_for_nine_point_cpps_trajectory
LA_T_9990362_0008	Interior_B	True	True	800.0000000000007	800.0000000000013	
LA_T_9999170_0001	Boundary	True	True			
LA_T_9999170_0001	Interior_A	True	True	79.99999999999918	80.00000000000152	
LA_T_9999170_0001	Interior_B	True	False	-160.00000000000014	-160.00000000000136	incomplete_strict_phone_support_for_nine_point_cpps_trajectory
LA_T_9999170_0004	Boundary	True	False			official_v6_boundary_cpps_invalid_or_incomplete_support
LA_T_9999170_0004	Interior_A	True	False	-160.00000000000193	-159.99999999999957	incomplete_strict_phone_support_for_nine_point_cpps_trajectory
LA_T_9999170_0004	Interior_B	True	True	559.9999999999987	560.000000000001	
LA_T_9999170_0005	Boundary	True	True			
LA_T_9999170_0005	Interior_A	True	True	559.9999999999987	560.000000000001	
LA_T_9999170_0005	Interior_B	True	False	0.0	5.551115123125783e-13	incomplete_strict_phone_support_for_nine_point_cpps_trajectory
LA_T_9999170_0006	Boundary	True	True			
LA_T_9999170_0006	Interior_A	True	False	0.0	5.551115123125783e-13	incomplete_strict_phone_support_for_nine_point_cpps_trajectory
LA_T_9999170_0006	Interior_B	True	True	319.9999999999985	320.00000000000085	
LA_T_9999170_0013	Boundary	True	True			
LA_T_9999170_0013	Interior_A	True	False	-160.00000000000014	-159.99999999999957	incomplete_strict_phone_support_for_nine_point_cpps_trajectory
LA_T_9999170_0013	Interior_B	True	True	160.00000000000014	159.99999999999716	
LA_T_9999170_0014	Boundary	True	True			
LA_T_9999170_0014	Interior_A	True	True	160.00000000000014	159.99999999999716	
LA_T_9999170_0014	Interior_B	True	False	-160.00000000000014	-159.99999999999957	incomplete_strict_phone_support_for_nine_point_cpps_trajectory
LA_T_9999170_0015	Boundary	True	False			official_v6_boundary_cpps_invalid_or_incomplete_support
LA_T_9999170_0015	Interior_A	True	False	-160.00000000000014	-159.99999999999957	incomplete_strict_phone_support_for_nine_point_cpps_trajectory
LA_T_9999170_0015	Interior_B	True	False	0.0	5.551115123125783e-13	incomplete_strict_phone_support_for_nine_point_cpps_trajectory
LA_T_9999170_0024	Boundary	True	True			
LA_T_9999170_0024	Interior_A	True	True	240.000000000002	239.999999999999	
LA_T_9999170_0024	Interior_B	True	False	-79.9999999999983	-80.00000000000485	incomplete_strict_phone_support_for_nine_point_cpps_trajectory
LA_T_9999170_0027	Boundary	True	True			
LA_T_9999170_0027	Interior_A	True	True	800.0000000000043	799.9999999999977	
LA_T_9999170_0027	Interior_B	True	False	-160.0000000000037	-159.99999999999602	incomplete_strict_phone_support_for_nine_point_cpps_trajectory
LA_T_9999170_0028	Boundary	True	True			
LA_T_9999170_0028	Interior_A	True	False	-160.0000000000037	-159.99999999999602	incomplete_strict_phone_support_for_nine_point_cpps_trajectory
LA_T_9999170_0028	Interior_B	True	False	-80.0000000000054	-79.99999999999774	incomplete_strict_phone_support_for_nine_point_cpps_trajectory
LA_T_9999170_0029	Boundary	True	True			
LA_T_9999170_0029	Interior_A	True	False	-80.0000000000054	-79.99999999999774	incomplete_strict_phone_support_for_nine_point_cpps_trajectory
LA_T_9999170_0029	Interior_B	True	True	399.9999999999986	399.99999999999915	
LA_T_9999170_0030	Boundary	True	True			
LA_T_9999170_0030	Interior_A	True	True	399.9999999999986	399.99999999999915	
LA_T_9999170_0030	Interior_B	True	False	0.0	5.551115123125783e-13	incomplete_strict_phone_support_for_nine_point_cpps_trajectory
LA_T_9999170_0031	Boundary	True	True			
LA_T_9999170_0031	Interior_A	True	False	0.0	5.551115123125783e-13	incomplete_strict_phone_support_for_nine_point_cpps_trajectory
LA_T_9999170_0031	Interior_B	True	True	80.0000000000054	79.99999999999885	
LA_T_9999757_0000	Boundary	True	True			
LA_T_9999757_0000	Interior_A	True	True	79.99999999999963	80.00000000000018	
LA_T_9999757_0000	Interior_B	True	True	79.99999999999963	80.00000000000063	
LA_T_9999757_0001	Boundary	True	True			
LA_T_9999757_0001	Interior_A	True	True	79.99999999999963	80.00000000000063	
LA_T_9999757_0001	Interior_B	True	True	80.00000000000007	79.99999999999974	
LA_T_9999757_0009	Boundary	True	True			
LA_T_9999757_0009	Interior_A	True	False	-160.00000000000014	-159.99999999999957	incomplete_strict_phone_support_for_nine_point_cpps_trajectory
LA_T_9999757_0009	Interior_B	True	False	-160.00000000000014	-160.00000000000136	incomplete_strict_phone_support_for_nine_point_cpps_trajectory
LA_T_9999757_0011	Boundary	True	False			official_v6_boundary_cpps_invalid_or_incomplete_support
LA_T_9999757_0011	Interior_A	True	False	0.0	5.551115123125783e-13	incomplete_strict_phone_support_for_nine_point_cpps_trajectory
LA_T_9999757_0011	Interior_B	True	True	239.99999999999844	240.00000000000077	
LA_T_9999757_0016	Boundary	True	True			
LA_T_9999757_0016	Interior_A	True	False	-79.9999999999983	-80.0000000000013	incomplete_strict_phone_support_for_nine_point_cpps_trajectory
LA_T_9999757_0016	Interior_B	True	True	879.999999999999	879.9999999999995	
LA_T_9999995_0002	Boundary	True	True			
LA_T_9999995_0002	Interior_A	True	True	79.99999999999963	80.00000000000018	
LA_T_9999995_0002	Interior_B	True	True	320.0000000000003	319.99999999999994	
LA_T_9999995_0005	Boundary	True	True			
LA_T_9999995_0005	Interior_A	True	True	80.00000000000097	80.00000000000063	
LA_T_9999995_0005	Interior_B	True	False	-80.00000000000185	-79.99999999999952	incomplete_strict_phone_support_for_nine_point_cpps_trajectory
LA_T_9999995_0007	Boundary	True	True			
LA_T_9999995_0007	Interior_A	True	False	-160.00000000000193	-159.99999999999957	incomplete_strict_phone_support_for_nine_point_cpps_trajectory
LA_T_9999995_0007	Interior_B	True	True	80.00000000000007	80.00000000000063	
LA_T_9999995_0008	Boundary	True	True			
LA_T_9999995_0008	Interior_A	True	True	80.00000000000007	80.00000000000063	
LA_T_9999995_0008	Interior_B	True	False	0.0	-1.2212453270876722e-12	incomplete_strict_phone_support_for_nine_point_cpps_trajectory
LA_T_9999995_0009	Boundary	True	True			
LA_T_9999995_0009	Interior_A	True	False	0.0	-1.2212453270876722e-12	incomplete_strict_phone_support_for_nine_point_cpps_trajectory
LA_T_9999995_0009	Interior_B	True	False	-1.7763568394002505e-12	5.551115123125783e-13	incomplete_strict_phone_support_for_nine_point_cpps_trajectory
LA_T_9999995_0013	Boundary	True	False			official_v6_boundary_cpps_invalid_or_incomplete_support
LA_T_9999995_0013	Interior_A	True	False	-160.00000000000014	-159.99999999999957	incomplete_strict_phone_support_for_nine_point_cpps_trajectory
LA_T_9999995_0013	Interior_B	True	True	79.9999999999983	79.99999999999885	
LA_T_9999995_0019	Boundary	True	True			
LA_T_9999995_0019	Interior_A	True	False	-80.00000000000185	-80.0000000000013	incomplete_strict_phone_support_for_nine_point_cpps_trajectory
LA_T_9999995_0019	Interior_B	True	True	160.00000000000014	160.0000000000007	
LA_T_9999995_0023	Boundary	True	False			official_v6_boundary_cpps_invalid_or_incomplete_support
LA_T_9999995_0023	Interior_A	True	True	800.0000000000043	799.9999999999977	
LA_T_9999995_0023	Interior_B	True	False	-79.9999999999983	-80.00000000000485	incomplete_strict_phone_support_for_nine_point_cpps_trajectory
LA_T_9999995_0024	Boundary	True	True			
LA_T_9999995_0024	Interior_A	True	False	-79.9999999999983	-80.00000000000485	incomplete_strict_phone_support_for_nine_point_cpps_trajectory
LA_T_9999995_0024	Interior_B	True	False	-159.9999999999966	-160.00000000000313	incomplete_strict_phone_support_for_nine_point_cpps_trajectory
LA_T_9999995_0025	Boundary	True	False			official_v6_boundary_cpps_invalid_or_incomplete_support
LA_T_9999995_0025	Interior_A	True	False	-159.9999999999966	-160.00000000000313	incomplete_strict_phone_support_for_nine_point_cpps_trajectory
LA_T_9999995_0025	Interior_B	True	False	0.0	5.551115123125783e-13	incomplete_strict_phone_support_for_nine_point_cpps_trajectory
LA_T_9999995_0026	Boundary	True	False			official_v6_boundary_cpps_invalid_or_incomplete_support
LA_T_9999995_0026	Interior_A	True	False	0.0	5.551115123125783e-13	incomplete_strict_phone_support_for_nine_point_cpps_trajectory
LA_T_9999995_0026	Interior_B	True	True	79.9999999999983	79.99999999999885	
LA_T_9999995_0027	Boundary	True	False			official_v6_boundary_cpps_invalid_or_incomplete_support
LA_T_9999995_0027	Interior_A	True	True	79.9999999999983	79.99999999999885	
LA_T_9999995_0027	Interior_B	True	False	0.0	5.551115123125783e-13	incomplete_strict_phone_support_for_nine_point_cpps_trajectory
LA_T_9999995_0028	Boundary	True	False			official_v6_boundary_cpps_invalid_or_incomplete_support
LA_T_9999995_0028	Interior_A	True	False	0.0	5.551115123125783e-13	incomplete_strict_phone_support_for_nine_point_cpps_trajectory
LA_T_9999995_0028	Interior_B	True	False	-159.9999999999966	-160.00000000000313	incomplete_strict_phone_support_for_nine_point_cpps_trajectory
LA_T_9999995_0029	Boundary	True	True			
LA_T_9999995_0029	Interior_A	True	False	-159.9999999999966	-160.00000000000313	incomplete_strict_phone_support_for_nine_point_cpps_trajectory
LA_T_9999995_0029	Interior_B	True	True	79.9999999999983	79.99999999999885	
LA_T_9999995_0036	Boundary	True	True			
LA_T_9999995_0036	Interior_A	True	False	0.0	5.551115123125783e-13	incomplete_strict_phone_support_for_nine_point_cpps_trajectory
LA_T_9999995_0036	Interior_B	True	True	160.0000000000037	159.99999999999716	
LA_T_9999995_0037	Boundary	True	False			official_v6_boundary_cpps_invalid_or_incomplete_support
LA_T_9999995_0037	Interior_A	True	True	160.0000000000037	159.99999999999716	
LA_T_9999995_0037	Interior_B	True	True	160.0000000000037	159.99999999999716	
LA_T_9999995_0038	Boundary	True	False			official_v6_boundary_cpps_invalid_or_incomplete_support
LA_T_9999995_0038	Interior_A	True	True	160.0000000000037	159.99999999999716	
LA_T_9999995_0038	Interior_B	True	False	-159.9999999999966	-160.00000000000313	incomplete_strict_phone_support_for_nine_point_cpps_trajectory
LA_T_9999995_0039	Boundary	True	False			official_v6_boundary_cpps_invalid_or_incomplete_support
LA_T_9999995_0039	Interior_A	True	False	-159.9999999999966	-160.00000000000313	incomplete_strict_phone_support_for_nine_point_cpps_trajectory
LA_T_9999995_0039	Interior_B	True	True	159.9999999999966	159.99999999999716	
LA_T_9999995_0040	Boundary	True	False			official_v6_boundary_cpps_invalid_or_incomplete_support
LA_T_9999995_0040	Interior_A	True	True	159.9999999999966	159.99999999999716	
LA_T_9999995_0040	Interior_B	True	True	80.0000000000054	79.99999999999885	
LA_T_9999995_0043	Boundary	True	True			
LA_T_9999995_0043	Interior_A	True	True	79.9999999999983	79.99999999999885	
LA_T_9999995_0043	Interior_B	True	False	-79.9999999999983	-79.99999999999774	incomplete_strict_phone_support_for_nine_point_cpps_trajectory
LA_T_9999995_0044	Boundary	True	True			
LA_T_9999995_0044	Interior_A	True	False	-79.9999999999983	-79.99999999999774	incomplete_strict_phone_support_for_nine_point_cpps_trajectory
LA_T_9999995_0044	Interior_B	True	False	-79.9999999999983	-80.00000000000485	incomplete_strict_phone_support_for_nine_point_cpps_trajectory
LA_T_9999995_0050	Boundary	True	True			
LA_T_9999995_0050	Interior_A	True	False	-159.9999999999966	-159.99999999999602	incomplete_strict_phone_support_for_nine_point_cpps_trajectory
LA_T_9999995_0050	Interior_B	True	False	-79.9999999999983	-79.99999999999774	incomplete_strict_phone_support_for_nine_point_cpps_trajectory
LA_T_9999995_0051	Boundary	True	True			
LA_T_9999995_0051	Interior_A	True	False	-79.9999999999983	-79.99999999999774	incomplete_strict_phone_support_for_nine_point_cpps_trajectory
LA_T_9999995_0051	Interior_B	True	False	-160.0000000000108	-159.99999999999602	incomplete_strict_phone_support_for_nine_point_cpps_trajectory
LA_T_9999995_0052	Boundary	True	False			official_v6_boundary_cpps_invalid_or_incomplete_support
LA_T_9999995_0052	Interior_A	True	False	-160.0000000000108	-159.99999999999602	incomplete_strict_phone_support_for_nine_point_cpps_trajectory
LA_T_9999995_0052	Interior_B	True	False	-79.9999999999983	-79.99999999999774	incomplete_strict_phone_support_for_nine_point_cpps_trajectory
LA_T_9999995_0053	Boundary	True	False			official_v6_boundary_cpps_invalid_or_incomplete_support
LA_T_9999995_0053	Interior_A	True	False	-79.9999999999983	-79.99999999999774	incomplete_strict_phone_support_for_nine_point_cpps_trajectory
LA_T_9999995_0053	Interior_B	True	True	159.9999999999966	159.99999999999716	
LA_T_9999995_0056	Boundary	True	False			official_v6_boundary_cpps_invalid_or_incomplete_support
LA_T_9999995_0056	Interior_A	True	False	-79.9999999999983	-79.99999999999774	incomplete_strict_phone_support_for_nine_point_cpps_trajectory
LA_T_9999995_0056	Interior_B	True	False	-79.9999999999983	-79.99999999999774	incomplete_strict_phone_support_for_nine_point_cpps_trajectory
LA_E_1000147_0007	Boundary	True	False			official_v6_boundary_cpps_invalid_or_incomplete_support
LA_E_1000147_0007	Interior_A	True	True	80.00000000000007	79.99999999999974	
LA_E_1000147_0007	Interior_B	True	True	80.00000000000007	80.00000000000063	
LA_E_1000147_0020	Boundary	True	False			official_v6_boundary_cpps_invalid_or_incomplete_support
LA_E_1000147_0020	Interior_A	True	False	-79.9999999999983	-80.0000000000013	incomplete_strict_phone_support_for_nine_point_cpps_trajectory
LA_E_1000147_0020	Interior_B	True	False	-80.00000000000185	-80.0000000000013	incomplete_strict_phone_support_for_nine_point_cpps_trajectory
LA_E_1000147_0023	Boundary	True	False			official_v6_boundary_cpps_invalid_or_incomplete_support
LA_E_1000147_0023	Interior_A	True	True	399.9999999999986	400.0000000000027	
LA_E_1000147_0023	Interior_B	True	False	-160.00000000000014	-160.00000000000313	incomplete_strict_phone_support_for_nine_point_cpps_trajectory
LA_E_1000147_0039	Boundary	True	False			official_v6_boundary_cpps_invalid_or_incomplete_support
LA_E_1000147_0039	Interior_A	True	False	0.0	5.551115123125783e-13	incomplete_strict_phone_support_for_nine_point_cpps_trajectory
LA_E_1000147_0039	Interior_B	True	True	399.9999999999986	399.99999999999915	
LA_E_1000147_0043	Boundary	True	False			official_v6_boundary_cpps_invalid_or_incomplete_support
LA_E_1000147_0043	Interior_A	True	True	399.9999999999986	400.00000000000625	
LA_E_1000147_0043	Interior_B	True	False	-80.0000000000054	-79.99999999999774	incomplete_strict_phone_support_for_nine_point_cpps_trajectory
LA_E_1000147_0046	Boundary	True	False			official_v6_boundary_cpps_invalid_or_incomplete_support
LA_E_1000147_0046	Interior_A	True	False	-79.9999999999983	-79.99999999999774	incomplete_strict_phone_support_for_nine_point_cpps_trajectory
LA_E_1000147_0046	Interior_B	True	False	-159.9999999999966	-160.00000000000313	incomplete_strict_phone_support_for_nine_point_cpps_trajectory
LA_E_1000147_0047	Boundary	True	True			
LA_E_1000147_0047	Interior_A	True	False	-159.9999999999966	-160.00000000000313	incomplete_strict_phone_support_for_nine_point_cpps_trajectory
LA_E_1000147_0047	Interior_B	True	False	-7.105427357601002e-12	5.551115123125783e-13	incomplete_strict_phone_support_for_nine_point_cpps_trajectory
LA_E_1000147_0048	Boundary	True	False			official_v6_boundary_cpps_invalid_or_incomplete_support
LA_E_1000147_0048	Interior_A	True	False	-7.105427357601002e-12	5.551115123125783e-13	incomplete_strict_phone_support_for_nine_point_cpps_trajectory
LA_E_1000147_0048	Interior_B	True	True	320.0000000000003	320.00000000000085	
LA_E_1000147_0049	Boundary	True	False			official_v6_boundary_cpps_invalid_or_incomplete_support
LA_E_1000147_0049	Interior_A	True	True	320.0000000000003	320.00000000000085	
LA_E_1000147_0049	Interior_B	True	False	-79.9999999999983	-79.99999999999774	incomplete_strict_phone_support_for_nine_point_cpps_trajectory
LA_E_1000147_0050	Boundary	True	True			
LA_E_1000147_0050	Interior_A	True	False	-79.9999999999983	-79.99999999999774	incomplete_strict_phone_support_for_nine_point_cpps_trajectory
LA_E_1000147_0050	Interior_B	True	True	479.9999999999969	479.99999999999744	
LA_E_1002394_0000	Boundary	True	True			
LA_E_1002394_0000	Interior_A	True	False	-2.220446049250313e-13	1.1102230246251565e-13	incomplete_strict_phone_support_for_nine_point_cpps_trajectory
LA_E_1002394_0000	Interior_B	True	False	-80.00000000000007	-79.99999999999996	incomplete_strict_phone_support_for_nine_point_cpps_trajectory
LA_E_1002394_0003	Boundary	True	True			
LA_E_1002394_0003	Interior_A	True	False	-160.00000000000102	-159.9999999999987	incomplete_strict_phone_support_for_nine_point_cpps_trajectory
LA_E_1002394_0003	Interior_B	True	False	-79.99999999999918	-80.0000000000004	incomplete_strict_phone_support_for_nine_point_cpps_trajectory
LA_E_1002394_0004	Boundary	True	True			
LA_E_1002394_0004	Interior_A	True	False	-79.99999999999918	-80.0000000000004	incomplete_strict_phone_support_for_nine_point_cpps_trajectory
LA_E_1002394_0004	Interior_B	True	False	0.0	5.551115123125783e-13	incomplete_strict_phone_support_for_nine_point_cpps_trajectory
LA_E_1002394_0005	Boundary	True	True			
LA_E_1002394_0005	Interior_A	True	False	0.0	5.551115123125783e-13	incomplete_strict_phone_support_for_nine_point_cpps_trajectory
LA_E_1002394_0005	Interior_B	True	False	-80.00000000000185	-79.99999999999952	incomplete_strict_phone_support_for_nine_point_cpps_trajectory
LA_E_1002394_0006	Boundary	True	True			
LA_E_1002394_0006	Interior_A	True	False	-80.00000000000185	-79.99999999999952	incomplete_strict_phone_support_for_nine_point_cpps_trajectory
LA_E_1002394_0006	Interior_B	True	False	-160.00000000000014	-159.99999999999957	incomplete_strict_phone_support_for_nine_point_cpps_trajectory
LA_E_1002394_0007	Boundary	True	False			official_v6_boundary_cpps_invalid_or_incomplete_support
LA_E_1002394_0007	Interior_A	True	False	-160.00000000000014	-159.99999999999957	incomplete_strict_phone_support_for_nine_point_cpps_trajectory
LA_E_1002394_0007	Interior_B	True	True	159.99999999999835	160.0000000000007	
LA_E_1002394_0008	Boundary	True	False			official_v6_boundary_cpps_invalid_or_incomplete_support
LA_E_1002394_0008	Interior_A	True	True	159.99999999999835	160.0000000000007	
LA_E_1002394_0008	Interior_B	True	True	79.9999999999983	80.00000000000063	
LA_E_1002658_0000	Boundary	True	False			official_v6_boundary_cpps_invalid_or_incomplete_support
LA_E_1002658_0000	Interior_A	True	True	160.00000000000014	159.9999999999998	
LA_E_1002658_0000	Interior_B	True	False	-80.00000000000007	-79.99999999999996	incomplete_strict_phone_support_for_nine_point_cpps_trajectory
LA_E_1002658_0001	Boundary	True	True			
LA_E_1002658_0001	Interior_A	True	False	-80.00000000000007	-79.99999999999996	incomplete_strict_phone_support_for_nine_point_cpps_trajectory
LA_E_1002658_0001	Interior_B	True	True	160.00000000000014	159.9999999999998	
LA_E_1002658_0007	Boundary	True	False			official_v6_boundary_cpps_invalid_or_incomplete_support
LA_E_1002658_0007	Interior_A	True	True	160.00000000000014	159.99999999999892	
LA_E_1002658_0007	Interior_B	True	True	559.9999999999987	560.000000000001	
LA_E_1002658_0008	Boundary	True	True			
LA_E_1002658_0008	Interior_A	True	True	559.9999999999987	560.000000000001	
LA_E_1002658_0008	Interior_B	True	False	-79.9999999999983	-80.0000000000013	incomplete_strict_phone_support_for_nine_point_cpps_trajectory
LA_E_1002658_0009	Boundary	True	True			
LA_E_1002658_0009	Interior_A	True	False	-79.9999999999983	-80.0000000000013	incomplete_strict_phone_support_for_nine_point_cpps_trajectory
LA_E_1002658_0009	Interior_B	True	False	-3.552713678800501e-12	5.551115123125783e-13	incomplete_strict_phone_support_for_nine_point_cpps_trajectory
LA_E_1002658_0016	Boundary	True	True			
LA_E_1002658_0016	Interior_A	True	False	-80.00000000000185	-79.99999999999774	incomplete_strict_phone_support_for_nine_point_cpps_trajectory
LA_E_1002658_0016	Interior_B	True	False	-80.00000000000185	-79.99999999999774	incomplete_strict_phone_support_for_nine_point_cpps_trajectory
LA_E_1002658_0017	Boundary	True	False			official_v6_boundary_cpps_invalid_or_incomplete_support
LA_E_1002658_0017	Interior_A	True	False	-80.00000000000185	-79.99999999999774	incomplete_strict_phone_support_for_nine_point_cpps_trajectory
LA_E_1002658_0017	Interior_B	True	False	-80.00000000000185	-79.99999999999774	incomplete_strict_phone_support_for_nine_point_cpps_trajectory
LA_E_1002658_0023	Boundary	True	True			
LA_E_1002658_0023	Interior_A	True	False	-160.0000000000037	-159.99999999999957	incomplete_strict_phone_support_for_nine_point_cpps_trajectory
LA_E_1002658_0023	Interior_B	True	False	-160.00000000000014	-159.99999999999957	incomplete_strict_phone_support_for_nine_point_cpps_trajectory
LA_E_1002658_0024	Boundary	True	False			official_v6_boundary_cpps_invalid_or_incomplete_support
LA_E_1002658_0024	Interior_A	True	False	-160.00000000000014	-159.99999999999957	incomplete_strict_phone_support_for_nine_point_cpps_trajectory
LA_E_1002658_0024	Interior_B	True	False	-80.00000000000185	-79.99999999999774	incomplete_strict_phone_support_for_nine_point_cpps_trajectory
LA_E_1005177_0001	Boundary	True	True			
LA_E_1005177_0001	Interior_A	True	True	1.1102230246251565e-13	1.1102230246251565e-13	
LA_E_1005177_0001	Interior_B	True	True	239.99999999999977	239.9999999999999	
LA_E_1005177_0002	Boundary	True	False			official_v6_boundary_cpps_invalid_or_incomplete_support
LA_E_1005177_0002	Interior_A	True	True	239.99999999999977	239.9999999999999	
LA_E_1005177_0002	Interior_B	True	False	-80.00000000000051	-79.99999999999952	incomplete_strict_phone_support_for_nine_point_cpps_trajectory
LA_E_1005177_0003	Boundary	True	False			official_v6_boundary_cpps_invalid_or_incomplete_support
LA_E_1005177_0003	Interior_A	True	False	-80.00000000000051	-79.99999999999952	incomplete_strict_phone_support_for_nine_point_cpps_trajectory
LA_E_1005177_0003	Interior_B	True	True	320.0000000000003	319.99999999999994	
LA_E_1005177_0006	Boundary	True	True			
LA_E_1005177_0006	Interior_A	True	False	-79.99999999999918	-79.99999999999952	incomplete_strict_phone_support_for_nine_point_cpps_trajectory
LA_E_1005177_0006	Interior_B	True	False	0.0	-1.2212453270876722e-12	incomplete_strict_phone_support_for_nine_point_cpps_trajectory
LA_E_1005177_0016	Boundary	True	True			
LA_E_1005177_0016	Interior_A	True	False	-80.00000000000185	-79.99999999999774	incomplete_strict_phone_support_for_nine_point_cpps_trajectory
LA_E_1005177_0016	Interior_B	True	True	79.9999999999983	79.99999999999885	
LA_E_1005177_0017	Boundary	True	True			
LA_E_1005177_0017	Interior_A	True	True	79.9999999999983	79.99999999999885	
LA_E_1005177_0017	Interior_B	True	True	320.0000000000003	320.00000000000085	
LA_E_1005177_0022	Boundary	True	True			
LA_E_1005177_0022	Interior_A	True	True	80.0000000000054	79.99999999999885	
LA_E_1005177_0022	Interior_B	True	True	320.0000000000003	320.00000000000085	
LA_E_1005177_0028	Boundary	True	True			
LA_E_1005177_0028	Interior_A	True	False	-79.9999999999983	-79.99999999999774	incomplete_strict_phone_support_for_nine_point_cpps_trajectory
LA_E_1005177_0028	Interior_B	True	False	-80.0000000000054	-79.99999999999774	incomplete_strict_phone_support_for_nine_point_cpps_trajectory
LA_E_1005177_0029	Boundary	True	True			
LA_E_1005177_0029	Interior_A	True	False	-80.0000000000054	-79.99999999999774	incomplete_strict_phone_support_for_nine_point_cpps_trajectory
LA_E_1005177_0029	Interior_B	True	False	-79.9999999999983	-80.00000000000485	incomplete_strict_phone_support_for_nine_point_cpps_trajectory
LA_E_1005177_0032	Boundary	True	False			official_v6_boundary_cpps_invalid_or_incomplete_support
LA_E_1005177_0032	Interior_A	True	False	-159.9999999999966	-160.00000000000313	incomplete_strict_phone_support_for_nine_point_cpps_trajectory
LA_E_1005177_0032	Interior_B	True	False	0.0	5.551115123125783e-13	incomplete_strict_phone_support_for_nine_point_cpps_trajectory
LA_E_1005177_0033	Boundary	True	False			official_v6_boundary_cpps_invalid_or_incomplete_support
LA_E_1005177_0033	Interior_A	True	False	0.0	5.551115123125783e-13	incomplete_strict_phone_support_for_nine_point_cpps_trajectory
LA_E_1005177_0033	Interior_B	True	False	0.0	5.551115123125783e-13	incomplete_strict_phone_support_for_nine_point_cpps_trajectory
LA_E_1005177_0034	Boundary	True	False			official_v6_boundary_cpps_invalid_or_incomplete_support
LA_E_1005177_0034	Interior_A	True	False	0.0	5.551115123125783e-13	incomplete_strict_phone_support_for_nine_point_cpps_trajectory
LA_E_1005177_0034	Interior_B	True	True	320.0000000000003	320.00000000000085	
LA_E_1005177_0037	Boundary	True	True			
LA_E_1005177_0037	Interior_A	True	False	-160.0000000000037	-159.99999999999602	incomplete_strict_phone_support_for_nine_point_cpps_trajectory
LA_E_1005177_0037	Interior_B	True	False	-79.9999999999983	-80.00000000000485	incomplete_strict_phone_support_for_nine_point_cpps_trajectory
LA_E_1005177_0038	Boundary	True	True			
LA_E_1005177_0038	Interior_A	True	False	-79.9999999999983	-80.00000000000485	incomplete_strict_phone_support_for_nine_point_cpps_trajectory
LA_E_1005177_0038	Interior_B	True	False	-79.9999999999983	-79.99999999999774	incomplete_strict_phone_support_for_nine_point_cpps_trajectory
LA_E_1005177_0039	Boundary	True	True			
LA_E_1005177_0039	Interior_A	True	False	-79.9999999999983	-79.99999999999774	incomplete_strict_phone_support_for_nine_point_cpps_trajectory
LA_E_1005177_0039	Interior_B	True	False	-160.0000000000037	-159.99999999999602	incomplete_strict_phone_support_for_nine_point_cpps_trajectory
LA_E_1005177_0040	Boundary	True	True			
LA_E_1005177_0040	Interior_A	True	False	-160.0000000000037	-159.99999999999602	incomplete_strict_phone_support_for_nine_point_cpps_trajectory
LA_E_1005177_0040	Interior_B	True	False	-160.0000000000037	-160.00000000000313	incomplete_strict_phone_support_for_nine_point_cpps_trajectory
LA_E_1005177_0041	Boundary	True	True			
LA_E_1005177_0041	Interior_A	True	False	-160.0000000000037	-160.00000000000313	incomplete_strict_phone_support_for_nine_point_cpps_trajectory
LA_E_1005177_0041	Interior_B	True	False	0.0	5.551115123125783e-13	incomplete_strict_phone_support_for_nine_point_cpps_trajectory
LA_E_1005177_0042	Boundary	True	True			
LA_E_1005177_0042	Interior_A	True	False	0.0	5.551115123125783e-13	incomplete_strict_phone_support_for_nine_point_cpps_trajectory
LA_E_1005177_0042	Interior_B	True	False	0.0	5.551115123125783e-13	incomplete_strict_phone_support_for_nine_point_cpps_trajectory
LA_E_1005177_0043	Boundary	True	False			official_v6_boundary_cpps_invalid_or_incomplete_support
LA_E_1005177_0043	Interior_A	True	False	0.0	5.551115123125783e-13	incomplete_strict_phone_support_for_nine_point_cpps_trajectory
LA_E_1005177_0043	Interior_B	True	True	240.000000000002	239.99999999999545	
LA_E_1005177_0047	Boundary	True	True			
LA_E_1005177_0047	Interior_A	True	False	0.0	5.551115123125783e-13	incomplete_strict_phone_support_for_nine_point_cpps_trajectory
LA_E_1005177_0047	Interior_B	True	True	79.9999999999983	79.99999999999885	
LA_E_1005177_0048	Boundary	True	True			
LA_E_1005177_0048	Interior_A	True	True	79.9999999999983	79.99999999999885	
LA_E_1005177_0048	Interior_B	True	False	-79.9999999999983	-79.99999999999774	incomplete_strict_phone_support_for_nine_point_cpps_trajectory
LA_E_1005177_0049	Boundary	True	True			
LA_E_1005177_0049	Interior_A	True	False	-79.9999999999983	-79.99999999999774	incomplete_strict_phone_support_for_nine_point_cpps_trajectory
LA_E_1005177_0049	Interior_B	True	True	640.0000000000006	639.9999999999869	
LA_E_1005177_0059	Boundary	True	False			official_v6_boundary_cpps_invalid_or_incomplete_support
LA_E_1005177_0059	Interior_A	True	False	-159.9999999999966	-160.00000000001023	incomplete_strict_phone_support_for_nine_point_cpps_trajectory
LA_E_1005177_0059	Interior_B	True	False	-160.0000000000108	-159.99999999999602	incomplete_strict_phone_support_for_nine_point_cpps_trajectory
LA_E_1005177_0060	Boundary	True	True			
LA_E_1005177_0060	Interior_A	True	False	-160.0000000000108	-159.99999999999602	incomplete_strict_phone_support_for_nine_point_cpps_trajectory
LA_E_1005177_0060	Interior_B	True	False	-159.9999999999966	-159.99999999999602	incomplete_strict_phone_support_for_nine_point_cpps_trajectory
LA_E_1005177_0063	Boundary	True	False			official_v6_boundary_cpps_invalid_or_incomplete_support
LA_E_1005177_0063	Interior_A	True	False	-159.9999999999966	-159.99999999999602	incomplete_strict_phone_support_for_nine_point_cpps_trajectory
LA_E_1005177_0063	Interior_B	True	False	-79.9999999999983	-80.00000000001195	incomplete_strict_phone_support_for_nine_point_cpps_trajectory
LA_E_1005177_0064	Boundary	True	False			official_v6_boundary_cpps_invalid_or_incomplete_support
LA_E_1005177_0064	Interior_A	True	False	-79.9999999999983	-80.00000000001195	incomplete_strict_phone_support_for_nine_point_cpps_trajectory
LA_E_1005177_0064	Interior_B	True	True	240.0000000000091	239.99999999999545	
LA_E_1005177_0065	Boundary	True	False			official_v6_boundary_cpps_invalid_or_incomplete_support
LA_E_1005177_0065	Interior_A	True	True	240.0000000000091	239.99999999999545	
LA_E_1005177_0065	Interior_B	True	False	-159.9999999999966	-160.00000000001023	incomplete_strict_phone_support_for_nine_point_cpps_trajectory
LA_E_1005177_0066	Boundary	True	False			official_v6_boundary_cpps_invalid_or_incomplete_support
LA_E_1005177_0066	Interior_A	True	False	-159.9999999999966	-160.00000000001023	incomplete_strict_phone_support_for_nine_point_cpps_trajectory
LA_E_1005177_0066	Interior_B	True	False	0.0	5.551115123125783e-13	incomplete_strict_phone_support_for_nine_point_cpps_trajectory
LA_E_1005177_0067	Boundary	True	True			
LA_E_1005177_0067	Interior_A	True	False	0.0	5.551115123125783e-13	incomplete_strict_phone_support_for_nine_point_cpps_trajectory
LA_E_1005177_0067	Interior_B	True	True	879.9999999999955	880.0000000000102	
LA_E_1006317_0006	Boundary	True	True			
LA_E_1006317_0006	Interior_A	True	False	-80.00000000000097	-79.99999999999862	incomplete_strict_phone_support_for_nine_point_cpps_trajectory
LA_E_1006317_0006	Interior_B	True	False	8.881784197001252e-13	-3.3306690738754696e-13	incomplete_strict_phone_support_for_nine_point_cpps_trajectory
LA_E_1006317_0009	Boundary	True	False			official_v6_boundary_cpps_invalid_or_incomplete_support
LA_E_1006317_0009	Interior_A	True	False	-79.99999999999918	-79.99999999999952	incomplete_strict_phone_support_for_nine_point_cpps_trajectory
LA_E_1006317_0009	Interior_B	True	False	0.0	-1.2212453270876722e-12	incomplete_strict_phone_support_for_nine_point_cpps_trajectory
LA_E_1006317_0019	Boundary	True	True			
LA_E_1006317_0019	Interior_A	True	True	319.9999999999967	320.00000000000085	
LA_E_1006317_0019	Interior_B	True	True	480.00000000000045	480.00000000000097	
LA_E_1007838_0005	Boundary	True	False			official_v6_boundary_cpps_invalid_or_incomplete_support
LA_E_1007838_0005	Interior_A	True	False	-80.00000000000007	-80.0000000000004	incomplete_strict_phone_support_for_nine_point_cpps_trajectory
LA_E_1007838_0005	Interior_B	True	True	240.0000000000011	239.9999999999999	
LA_E_1007838_0010	Boundary	True	False			official_v6_boundary_cpps_invalid_or_incomplete_support
LA_E_1007838_0010	Interior_A	True	False	-80.00000000000185	-79.99999999999952	incomplete_strict_phone_support_for_nine_point_cpps_trajectory
LA_E_1007838_0010	Interior_B	True	True	639.9999999999987	640.0000000000011	
LA_E_1007838_0011	Boundary	True	False			official_v6_boundary_cpps_invalid_or_incomplete_support
LA_E_1007838_0011	Interior_A	True	True	639.9999999999987	640.0000000000011	
LA_E_1007838_0011	Interior_B	True	True	559.9999999999987	559.9999999999993	
LA_E_1009236_0003	Boundary	True	False			official_v6_boundary_cpps_invalid_or_incomplete_support
LA_E_1009236_0003	Interior_A	True	True	159.9999999999997	159.9999999999998	
LA_E_1009236_0003	Interior_B	True	False	-8.881784197001252e-13	1.4432899320127035e-12	incomplete_strict_phone_support_for_nine_point_cpps_trajectory
LA_E_1009236_0009	Boundary	True	False			official_v6_boundary_cpps_invalid_or_incomplete_support
LA_E_1009236_0009	Interior_A	True	False	-160.00000000000193	-159.99999999999957	incomplete_strict_phone_support_for_nine_point_cpps_trajectory
LA_E_1009236_0009	Interior_B	True	False	-160.00000000000014	-159.99999999999957	incomplete_strict_phone_support_for_nine_point_cpps_trajectory
LA_E_1009236_0013	Boundary	True	False			official_v6_boundary_cpps_invalid_or_incomplete_support
LA_E_1009236_0013	Interior_A	True	True	240.00000000000023	239.999999999999	
LA_E_1009236_0013	Interior_B	True	True	640.0000000000006	640.0000000000011	
LA_E_1009429_0000	Boundary	True	True			
LA_E_1009429_0000	Interior_A	True	False	-79.99999999999996	-79.99999999999996	incomplete_strict_phone_support_for_nine_point_cpps_trajectory
LA_E_1009429_0000	Interior_B	True	False	-160.00000000000014	-160.00000000000003	incomplete_strict_phone_support_for_nine_point_cpps_trajectory
LA_E_1009429_0001	Boundary	True	True			
LA_E_1009429_0001	Interior_A	True	False	-160.00000000000014	-160.00000000000003	incomplete_strict_phone_support_for_nine_point_cpps_trajectory
LA_E_1009429_0001	Interior_B	True	False	-160.00000000000014	-160.00000000000003	incomplete_strict_phone_support_for_nine_point_cpps_trajectory
LA_E_1009429_0005	Boundary	True	True			
LA_E_1009429_0005	Interior_A	True	True	80.00000000000007	79.99999999999974	
LA_E_1009429_0005	Interior_B	True	True	159.99999999999926	160.0000000000016	
LA_E_1009429_0006	Boundary	True	True			
LA_E_1009429_0006	Interior_A	True	True	159.99999999999926	160.0000000000016	
LA_E_1009429_0006	Interior_B	True	False	-160.00000000000014	-160.00000000000136	incomplete_strict_phone_support_for_nine_point_cpps_trajectory
LA_E_1009429_0008	Boundary	True	False			official_v6_boundary_cpps_invalid_or_incomplete_support
LA_E_1009429_0008	Interior_A	True	True	160.00000000000014	160.0000000000007	
LA_E_1009429_0008	Interior_B	True	True	80.00000000000007	79.99999999999885	
LA_E_1009429_0009	Boundary	True	True			
LA_E_1009429_0009	Interior_A	True	True	80.00000000000007	79.99999999999885	
LA_E_1009429_0009	Interior_B	True	True	79.9999999999983	80.00000000000063	
LA_E_1009429_0010	Boundary	True	True			
LA_E_1009429_0010	Interior_A	True	True	79.9999999999983	80.00000000000063	
LA_E_1009429_0010	Interior_B	True	False	0.0	5.551115123125783e-13	incomplete_strict_phone_support_for_nine_point_cpps_trajectory
LA_E_1009429_0013	Boundary	True	False			official_v6_boundary_cpps_invalid_or_incomplete_support
LA_E_1009429_0013	Interior_A	True	True	480.00000000000045	480.00000000000097	
LA_E_1009429_0013	Interior_B	True	True	239.99999999999844	239.999999999999	
LA_E_1009429_0014	Boundary	True	True			
LA_E_1009429_0014	Interior_A	True	True	239.99999999999844	239.999999999999	
LA_E_1009429_0014	Interior_B	True	True	79.9999999999983	80.0000000000024	
LA_E_1009694_0002	Boundary	True	False			official_v6_boundary_cpps_invalid_or_incomplete_support
LA_E_1009694_0002	Interior_A	True	True	79.99999999999963	79.99999999999974	
LA_E_1009694_0002	Interior_B	True	True	720.0000000000007	720.0000000000003	
LA_E_1009694_0014	Boundary	True	True			
LA_E_1009694_0014	Interior_A	True	True	160.00000000000014	160.0000000000007	
LA_E_1009694_0014	Interior_B	True	False	0.0	-2.9976021664879227e-12	incomplete_strict_phone_support_for_nine_point_cpps_trajectory
LA_E_1009694_0015	Boundary	True	True			
LA_E_1009694_0015	Interior_A	True	False	0.0	-2.9976021664879227e-12	incomplete_strict_phone_support_for_nine_point_cpps_trajectory
LA_E_1009694_0015	Interior_B	True	True	240.000000000002	239.999999999999	
LA_E_1009694_0016	Boundary	True	False			official_v6_boundary_cpps_invalid_or_incomplete_support
LA_E_1009694_0016	Interior_A	True	True	240.000000000002	239.999999999999	
LA_E_1009694_0016	Interior_B	True	True	800.0000000000007	799.9999999999977	
LA_E_1011450_0000	Boundary	True	False			official_v6_boundary_cpps_invalid_or_incomplete_support
LA_E_1011450_0000	Interior_A	True	True	560.0	559.9999999999998	
LA_E_1011450_0000	Interior_B	True	False	-80.00000000000007	-79.99999999999952	incomplete_strict_phone_support_for_nine_point_cpps_trajectory
LA_E_1011450_0010	Boundary	True	True			
LA_E_1011450_0010	Interior_A	True	False	0.0	5.551115123125783e-13	incomplete_strict_phone_support_for_nine_point_cpps_trajectory
LA_E_1011450_0010	Interior_B	True	True	239.99999999999844	240.00000000000077	
LA_E_1011450_0015	Boundary	True	False			official_v6_boundary_cpps_invalid_or_incomplete_support
LA_E_1011450_0015	Interior_A	True	False	0.0	5.551115123125783e-13	incomplete_strict_phone_support_for_nine_point_cpps_trajectory
LA_E_1011450_0015	Interior_B	True	False	-3.552713678800501e-12	5.551115123125783e-13	incomplete_strict_phone_support_for_nine_point_cpps_trajectory
LA_E_1011450_0018	Boundary	True	True			
LA_E_1011450_0018	Interior_A	True	False	0.0	5.551115123125783e-13	incomplete_strict_phone_support_for_nine_point_cpps_trajectory
LA_E_1011450_0018	Interior_B	True	False	0.0	-2.9976021664879227e-12	incomplete_strict_phone_support_for_nine_point_cpps_trajectory
LA_E_1011450_0024	Boundary	True	False			official_v6_boundary_cpps_invalid_or_incomplete_support
LA_E_1011450_0024	Interior_A	True	False	-80.00000000000185	-80.0000000000013	incomplete_strict_phone_support_for_nine_point_cpps_trajectory
LA_E_1011450_0024	Interior_B	True	True	240.000000000002	239.999999999999	
LA_E_1014345_0000	Boundary	True	True			
LA_E_1014345_0000	Interior_A	True	True	80.00000000000007	80.00000000000063	
LA_E_1014345_0000	Interior_B	True	True	80.00000000000007	79.99999999999974	
LA_E_1014345_0001	Boundary	True	True			
LA_E_1014345_0001	Interior_A	True	True	80.00000000000007	79.99999999999974	
LA_E_1014345_0001	Interior_B	True	False	-159.99999999999926	-159.99999999999957	incomplete_strict_phone_support_for_nine_point_cpps_trajectory
LA_E_1014345_0012	Boundary	True	False			official_v6_boundary_cpps_invalid_or_incomplete_support
LA_E_1014345_0012	Interior_A	True	False	-80.00000000000185	-79.99999999999952	incomplete_strict_phone_support_for_nine_point_cpps_trajectory
LA_E_1014345_0012	Interior_B	True	False	-160.00000000000014	-159.99999999999957	incomplete_strict_phone_support_for_nine_point_cpps_trajectory
LA_E_1014345_0016	Boundary	True	False			official_v6_boundary_cpps_invalid_or_incomplete_support
LA_E_1014345_0016	Interior_A	True	False	0.0	5.551115123125783e-13	incomplete_strict_phone_support_for_nine_point_cpps_trajectory
LA_E_1014345_0016	Interior_B	True	False	-160.00000000000014	-159.99999999999957	incomplete_strict_phone_support_for_nine_point_cpps_trajectory
LA_E_1014345_0020	Boundary	True	True			
LA_E_1014345_0020	Interior_A	True	False	0.0	5.551115123125783e-13	incomplete_strict_phone_support_for_nine_point_cpps_trajectory
LA_E_1014345_0020	Interior_B	True	True	160.00000000000014	160.0000000000007	
LA_E_1014345_0021	Boundary	True	True			
LA_E_1014345_0021	Interior_A	True	True	160.00000000000014	160.0000000000007	
LA_E_1014345_0021	Interior_B	True	False	-80.00000000000185	-80.0000000000013	incomplete_strict_phone_support_for_nine_point_cpps_trajectory
LA_E_1014345_0022	Boundary	True	True			
LA_E_1014345_0022	Interior_A	True	False	-80.00000000000185	-80.0000000000013	incomplete_strict_phone_support_for_nine_point_cpps_trajectory
LA_E_1014345_0022	Interior_B	True	True	240.000000000002	239.999999999999	
LA_E_1014480_0003	Boundary	True	False			official_v6_boundary_cpps_invalid_or_incomplete_support
LA_E_1014480_0003	Interior_A	True	False	0.0	1.1102230246251565e-13	incomplete_strict_phone_support_for_nine_point_cpps_trajectory
LA_E_1014480_0003	Interior_B	True	True	80.00000000000007	79.99999999999974	
LA_E_1014480_0004	Boundary	True	False			official_v6_boundary_cpps_invalid_or_incomplete_support
LA_E_1014480_0004	Interior_A	True	True	80.00000000000007	79.99999999999974	
LA_E_1014480_0004	Interior_B	True	True	80.00000000000097	79.99999999999974	
LA_E_1014480_0007	Boundary	True	False			official_v6_boundary_cpps_invalid_or_incomplete_support
LA_E_1014480_0007	Interior_A	True	True	79.99999999999918	80.00000000000063	
LA_E_1014480_0007	Interior_B	True	False	0.0	5.551115123125783e-13	incomplete_strict_phone_support_for_nine_point_cpps_trajectory
LA_E_1014480_0014	Boundary	True	True			
LA_E_1014480_0014	Interior_A	True	False	0.0	5.551115123125783e-13	incomplete_strict_phone_support_for_nine_point_cpps_trajectory
LA_E_1014480_0014	Interior_B	True	False	-160.00000000000014	-159.99999999999957	incomplete_strict_phone_support_for_nine_point_cpps_trajectory
LA_E_1014480_0018	Boundary	True	False			official_v6_boundary_cpps_invalid_or_incomplete_support
LA_E_1014480_0018	Interior_A	True	False	-160.00000000000014	-159.99999999999957	incomplete_strict_phone_support_for_nine_point_cpps_trajectory
LA_E_1014480_0018	Interior_B	True	True	160.00000000000014	160.0000000000007	
LA_E_1014480_0021	Boundary	True	False			official_v6_boundary_cpps_invalid_or_incomplete_support
LA_E_1014480_0021	Interior_A	True	False	-80.00000000000185	-79.99999999999774	incomplete_strict_phone_support_for_nine_point_cpps_trajectory
LA_E_1014480_0021	Interior_B	True	False	0.0	5.551115123125783e-13	incomplete_strict_phone_support_for_nine_point_cpps_trajectory
LA_E_1014480_0025	Boundary	True	False			official_v6_boundary_cpps_invalid_or_incomplete_support
LA_E_1014480_0025	Interior_A	True	True	80.00000000000185	79.99999999999885	
LA_E_1014480_0025	Interior_B	True	True	320.0000000000003	320.00000000000085	
LA_E_1014480_0026	Boundary	True	False			official_v6_boundary_cpps_invalid_or_incomplete_support
LA_E_1014480_0026	Interior_A	True	True	320.0000000000003	320.00000000000085	
LA_E_1014480_0026	Interior_B	True	True	79.9999999999983	79.99999999999885	
LA_E_1014480_0027	Boundary	True	True			
LA_E_1014480_0027	Interior_A	True	True	79.9999999999983	79.99999999999885	
LA_E_1014480_0027	Interior_B	True	False	-79.9999999999983	-80.00000000000485	incomplete_strict_phone_support_for_nine_point_cpps_trajectory
LA_E_1014480_0028	Boundary	True	False			official_v6_boundary_cpps_invalid_or_incomplete_support
LA_E_1014480_0028	Interior_A	True	False	-79.9999999999983	-80.00000000000485	incomplete_strict_phone_support_for_nine_point_cpps_trajectory
LA_E_1014480_0028	Interior_B	True	True	320.0000000000003	320.00000000000085	
LA_E_1014644_0000	Boundary	True	True			
LA_E_1014644_0000	Interior_A	True	True	159.9999999999997	160.0000000000016	
LA_E_1014644_0000	Interior_B	True	False	-160.00000000000014	-159.99999999999957	incomplete_strict_phone_support_for_nine_point_cpps_trajectory
LA_E_1014644_0001	Boundary	True	True			
LA_E_1014644_0001	Interior_A	True	False	-160.00000000000014	-159.99999999999957	incomplete_strict_phone_support_for_nine_point_cpps_trajectory
LA_E_1014644_0001	Interior_B	True	False	-160.00000000000014	-159.99999999999957	incomplete_strict_phone_support_for_nine_point_cpps_trajectory
LA_E_1014644_0003	Boundary	True	True			
LA_E_1014644_0003	Interior_A	True	False	0.0	-3.3306690738754696e-13	incomplete_strict_phone_support_for_nine_point_cpps_trajectory
LA_E_1014644_0003	Interior_B	True	True	239.99999999999932	240.00000000000165	
LA_E_1014644_0004	Boundary	True	False			official_v6_boundary_cpps_invalid_or_incomplete_support
LA_E_1014644_0004	Interior_A	True	True	239.99999999999932	240.00000000000165	
LA_E_1014644_0004	Interior_B	True	False	-160.00000000000014	-160.00000000000136	incomplete_strict_phone_support_for_nine_point_cpps_trajectory
LA_E_1014644_0011	Boundary	True	True			
LA_E_1014644_0011	Interior_A	True	True	480.00000000000045	479.9999999999992	
LA_E_1014644_0011	Interior_B	True	False	-80.00000000000185	-79.99999999999774	incomplete_strict_phone_support_for_nine_point_cpps_trajectory
LA_E_1014644_0012	Boundary	True	True			
LA_E_1014644_0012	Interior_A	True	False	-80.00000000000185	-79.99999999999774	incomplete_strict_phone_support_for_nine_point_cpps_trajectory
LA_E_1014644_0012	Interior_B	True	True	399.9999999999986	399.99999999999915	
LA_E_1014644_0013	Boundary	True	True			
LA_E_1014644_0013	Interior_A	True	True	399.9999999999986	399.99999999999915	
LA_E_1014644_0013	Interior_B	True	False	0.0	5.551115123125783e-13	incomplete_strict_phone_support_for_nine_point_cpps_trajectory
LA_E_1014644_0018	Boundary	True	False			official_v6_boundary_cpps_invalid_or_incomplete_support
LA_E_1014644_0018	Interior_A	True	True	80.00000000000185	79.99999999999885	
LA_E_1014644_0018	Interior_B	True	False	0.0	5.551115123125783e-13	incomplete_strict_phone_support_for_nine_point_cpps_trajectory
LA_E_1014644_0019	Boundary	True	False			official_v6_boundary_cpps_invalid_or_incomplete_support
LA_E_1014644_0019	Interior_A	True	False	0.0	5.551115123125783e-13	incomplete_strict_phone_support_for_nine_point_cpps_trajectory
LA_E_1014644_0019	Interior_B	True	False	0.0	-2.9976021664879227e-12	incomplete_strict_phone_support_for_nine_point_cpps_trajectory
LA_E_1014644_0025	Boundary	True	True			
LA_E_1014644_0025	Interior_A	True	False	0.0	-2.9976021664879227e-12	incomplete_strict_phone_support_for_nine_point_cpps_trajectory
LA_E_1014644_0025	Interior_B	True	False	-160.00000000000014	-159.99999999999957	incomplete_strict_phone_support_for_nine_point_cpps_trajectory
LA_E_1014644_0029	Boundary	True	True			
LA_E_1014644_0029	Interior_A	True	True	80.0000000000054	79.99999999999885	
LA_E_1014644_0029	Interior_B	True	True	240.000000000002	239.99999999999545	
LA_E_1014644_0030	Boundary	True	False			official_v6_boundary_cpps_invalid_or_incomplete_support
LA_E_1014644_0030	Interior_A	True	True	240.000000000002	239.99999999999545	
LA_E_1014644_0030	Interior_B	True	True	1039.999999999999	1039.9999999999995	
LA_E_1014715_0004	Boundary	True	True			
LA_E_1014715_0004	Interior_A	True	False	-2.220446049250313e-13	1.1102230246251565e-13	incomplete_strict_phone_support_for_nine_point_cpps_trajectory
LA_E_1014715_0004	Interior_B	True	False	-160.00000000000014	-160.00000000000003	incomplete_strict_phone_support_for_nine_point_cpps_trajectory
LA_E_1014715_0005	Boundary	True	False			official_v6_boundary_cpps_invalid_or_incomplete_support
LA_E_1014715_0005	Interior_A	True	False	-160.00000000000014	-160.00000000000003	incomplete_strict_phone_support_for_nine_point_cpps_trajectory
LA_E_1014715_0005	Interior_B	True	True	160.00000000000014	159.9999999999998	
LA_E_1014715_0006	Boundary	True	False			official_v6_boundary_cpps_invalid_or_incomplete_support
LA_E_1014715_0006	Interior_A	True	True	160.00000000000014	159.9999999999998	
LA_E_1014715_0006	Interior_B	True	False	8.881784197001252e-13	-3.3306690738754696e-13	incomplete_strict_phone_support_for_nine_point_cpps_trajectory
LA_E_1014715_0009	Boundary	True	True			
LA_E_1014715_0009	Interior_A	True	False	-79.99999999999918	-79.99999999999952	incomplete_strict_phone_support_for_nine_point_cpps_trajectory
LA_E_1014715_0009	Interior_B	True	False	-80.00000000000185	-79.99999999999952	incomplete_strict_phone_support_for_nine_point_cpps_trajectory
LA_E_1014715_0010	Boundary	True	True			
LA_E_1014715_0010	Interior_A	True	False	-80.00000000000185	-79.99999999999952	incomplete_strict_phone_support_for_nine_point_cpps_trajectory
LA_E_1014715_0010	Interior_B	True	True	159.99999999999835	160.0000000000007	
LA_E_1014715_0014	Boundary	True	True			
LA_E_1014715_0014	Interior_A	True	False	0.0	5.551115123125783e-13	incomplete_strict_phone_support_for_nine_point_cpps_trajectory
LA_E_1014715_0014	Interior_B	True	False	-80.00000000000185	-79.99999999999774	incomplete_strict_phone_support_for_nine_point_cpps_trajectory
LA_E_1014715_0027	Boundary	True	True			
LA_E_1014715_0027	Interior_A	True	False	0.0	5.551115123125783e-13	incomplete_strict_phone_support_for_nine_point_cpps_trajectory
LA_E_1014715_0027	Interior_B	True	True	319.9999999999967	320.00000000000085	
LA_E_1014715_0028	Boundary	True	False			official_v6_boundary_cpps_invalid_or_incomplete_support
LA_E_1014715_0028	Interior_A	True	True	319.9999999999967	320.00000000000085	
LA_E_1014715_0028	Interior_B	True	True	399.9999999999986	399.99999999999915	
LA_E_1015234_0001	Boundary	True	True			
LA_E_1015234_0001	Interior_A	True	True	239.99999999999977	240.0000000000003	
LA_E_1015234_0001	Interior_B	True	False	-160.00000000000014	-160.00000000000003	incomplete_strict_phone_support_for_nine_point_cpps_trajectory
LA_E_1015234_0002	Boundary	True	True			
LA_E_1015234_0002	Interior_A	True	False	-160.00000000000014	-160.00000000000003	incomplete_strict_phone_support_for_nine_point_cpps_trajectory
LA_E_1015234_0002	Interior_B	True	False	-80.00000000000007	-79.99999999999952	incomplete_strict_phone_support_for_nine_point_cpps_trajectory
LA_E_1015234_0003	Boundary	True	True			
LA_E_1015234_0003	Interior_A	True	False	-80.00000000000007	-79.99999999999952	incomplete_strict_phone_support_for_nine_point_cpps_trajectory
LA_E_1015234_0003	Interior_B	True	False	-80.00000000000007	-79.99999999999952	incomplete_strict_phone_support_for_nine_point_cpps_trajectory
LA_E_1015234_0006	Boundary	True	True			
LA_E_1015234_0006	Interior_A	True	False	-80.00000000000007	-79.99999999999952	incomplete_strict_phone_support_for_nine_point_cpps_trajectory
LA_E_1015234_0006	Interior_B	True	False	0.0	-1.2212453270876722e-12	incomplete_strict_phone_support_for_nine_point_cpps_trajectory
LA_E_1015234_0007	Boundary	True	True			
LA_E_1015234_0007	Interior_A	True	False	0.0	-1.2212453270876722e-12	incomplete_strict_phone_support_for_nine_point_cpps_trajectory
LA_E_1015234_0007	Interior_B	True	False	-160.00000000000014	-159.99999999999957	incomplete_strict_phone_support_for_nine_point_cpps_trajectory
LA_E_1015234_0017	Boundary	True	False			official_v6_boundary_cpps_invalid_or_incomplete_support
LA_E_1015234_0017	Interior_A	True	False	-160.00000000000014	-159.99999999999957	incomplete_strict_phone_support_for_nine_point_cpps_trajectory
LA_E_1015234_0017	Interior_B	True	True	159.9999999999966	160.0000000000007	
LA_E_1015234_0018	Boundary	True	False			official_v6_boundary_cpps_invalid_or_incomplete_support
LA_E_1015234_0018	Interior_A	True	True	159.9999999999966	160.0000000000007	
LA_E_1015234_0018	Interior_B	True	False	-160.00000000000014	-159.99999999999957	incomplete_strict_phone_support_for_nine_point_cpps_trajectory
LA_E_1015234_0019	Boundary	True	True			
LA_E_1015234_0019	Interior_A	True	False	-160.00000000000014	-159.99999999999957	incomplete_strict_phone_support_for_nine_point_cpps_trajectory
LA_E_1015234_0019	Interior_B	True	False	-80.00000000000185	-79.99999999999774	incomplete_strict_phone_support_for_nine_point_cpps_trajectory
LA_E_1018246_0001	Boundary	True	False			official_v6_boundary_cpps_invalid_or_incomplete_support
LA_E_1018246_0001	Interior_A	True	False	-2.220446049250313e-13	1.1102230246251565e-13	incomplete_strict_phone_support_for_nine_point_cpps_trajectory
LA_E_1018246_0001	Interior_B	True	True	319.99999999999983	320.0000000000004	
LA_E_1018246_0002	Boundary	True	False			official_v6_boundary_cpps_invalid_or_incomplete_support
LA_E_1018246_0002	Interior_A	True	True	320.0000000000016	320.0000000000004	
LA_E_1018246_0002	Interior_B	True	False	-160.00000000000014	-159.99999999999957	incomplete_strict_phone_support_for_nine_point_cpps_trajectory
LA_E_1018246_0007	Boundary	True	True			
LA_E_1018246_0007	Interior_A	True	True	160.00000000000014	160.0000000000007	
LA_E_1018246_0007	Interior_B	True	False	0.0	-1.2212453270876722e-12	incomplete_strict_phone_support_for_nine_point_cpps_trajectory
LA_E_1018246_0008	Boundary	True	True			
LA_E_1018246_0008	Interior_A	True	False	0.0	-1.2212453270876722e-12	incomplete_strict_phone_support_for_nine_point_cpps_trajectory
LA_E_1018246_0008	Interior_B	True	False	-80.00000000000007	-80.0000000000013	incomplete_strict_phone_support_for_nine_point_cpps_trajectory
LA_E_1018246_0011	Boundary	True	True			
LA_E_1018246_0011	Interior_A	True	True	79.9999999999983	80.00000000000063	
LA_E_1018246_0011	Interior_B	True	False	-80.00000000000007	-79.99999999999952	incomplete_strict_phone_support_for_nine_point_cpps_trajectory
LA_E_1018246_0018	Boundary	True	True			
LA_E_1018246_0018	Interior_A	True	False	-160.00000000000014	-159.99999999999957	incomplete_strict_phone_support_for_nine_point_cpps_trajectory
LA_E_1018246_0018	Interior_B	True	False	-160.00000000000014	-160.00000000000313	incomplete_strict_phone_support_for_nine_point_cpps_trajectory
LA_E_1018246_0020	Boundary	True	False			official_v6_boundary_cpps_invalid_or_incomplete_support
LA_E_1018246_0020	Interior_A	True	False	-79.9999999999983	-80.0000000000013	incomplete_strict_phone_support_for_nine_point_cpps_trajectory
LA_E_1018246_0020	Interior_B	True	False	-160.00000000000014	-159.99999999999957	incomplete_strict_phone_support_for_nine_point_cpps_trajectory
LA_E_1018246_0031	Boundary	True	False			official_v6_boundary_cpps_invalid_or_incomplete_support
LA_E_1018246_0031	Interior_A	True	False	-160.0000000000037	-160.00000000000313	incomplete_strict_phone_support_for_nine_point_cpps_trajectory
LA_E_1018246_0031	Interior_B	True	True	400.0000000000057	399.99999999999915	
LA_E_1018246_0037	Boundary	True	True			
LA_E_1018246_0037	Interior_A	True	False	0.0	5.551115123125783e-13	incomplete_strict_phone_support_for_nine_point_cpps_trajectory
LA_E_1018246_0037	Interior_B	True	False	-79.9999999999983	-79.99999999999774	incomplete_strict_phone_support_for_nine_point_cpps_trajectory
LA_E_1018246_0038	Boundary	True	True			
LA_E_1018246_0038	Interior_A	True	False	-79.9999999999983	-79.99999999999774	incomplete_strict_phone_support_for_nine_point_cpps_trajectory
LA_E_1018246_0038	Interior_B	True	True	159.9999999999966	159.99999999999716	
LA_E_1018246_0039	Boundary	True	True			
LA_E_1018246_0039	Interior_A	True	True	159.9999999999966	159.99999999999716	
LA_E_1018246_0039	Interior_B	True	True	240.000000000002	240.00000000000256	
LA_E_1019297_0001	Boundary	True	False			official_v6_boundary_cpps_invalid_or_incomplete_support
LA_E_1019297_0001	Interior_A	True	False	-160.00000000000014	-159.99999999999957	incomplete_strict_phone_support_for_nine_point_cpps_trajectory
LA_E_1019297_0001	Interior_B	True	True	79.9999999999983	80.00000000000063	
LA_E_1019297_0002	Boundary	True	False			official_v6_boundary_cpps_invalid_or_incomplete_support
LA_E_1019297_0002	Interior_A	True	True	79.9999999999983	80.00000000000063	
LA_E_1019297_0002	Interior_B	True	False	-160.00000000000014	-159.99999999999957	incomplete_strict_phone_support_for_nine_point_cpps_trajectory
LA_E_1019297_0003	Boundary	True	True			
LA_E_1019297_0003	Interior_A	True	False	-160.00000000000014	-159.99999999999957	incomplete_strict_phone_support_for_nine_point_cpps_trajectory
LA_E_1019297_0003	Interior_B	True	True	239.99999999999844	240.00000000000077	
LA_E_1019297_0006	Boundary	True	True			
LA_E_1019297_0006	Interior_A	True	True	239.99999999999844	239.999999999999	
LA_E_1019297_0006	Interior_B	True	False	-80.00000000000185	-79.99999999999774	incomplete_strict_phone_support_for_nine_point_cpps_trajectory
LA_E_1019297_0007	Boundary	True	True			
LA_E_1019297_0007	Interior_A	True	False	-80.00000000000185	-79.99999999999774	incomplete_strict_phone_support_for_nine_point_cpps_trajectory
LA_E_1019297_0007	Interior_B	True	False	-160.00000000000014	-159.99999999999957	incomplete_strict_phone_support_for_nine_point_cpps_trajectory
LA_E_1019297_0008	Boundary	True	False			official_v6_boundary_cpps_invalid_or_incomplete_support
LA_E_1019297_0008	Interior_A	True	False	-160.00000000000014	-159.99999999999957	incomplete_strict_phone_support_for_nine_point_cpps_trajectory
LA_E_1019297_0008	Interior_B	True	True	239.99999999999844	239.999999999999	
LA_E_1019297_0009	Boundary	True	False			official_v6_boundary_cpps_invalid_or_incomplete_support
LA_E_1019297_0009	Interior_A	True	True	239.99999999999844	239.999999999999	
LA_E_1019297_0009	Interior_B	True	False	-160.00000000000014	-159.99999999999957	incomplete_strict_phone_support_for_nine_point_cpps_trajectory
LA_E_1019297_0010	Boundary	True	True			
LA_E_1019297_0010	Interior_A	True	False	-160.00000000000014	-159.99999999999957	incomplete_strict_phone_support_for_nine_point_cpps_trajectory
LA_E_1019297_0010	Interior_B	True	False	-160.00000000000014	-159.99999999999957	incomplete_strict_phone_support_for_nine_point_cpps_trajectory
LA_E_1019297_0011	Boundary	True	True			
LA_E_1019297_0011	Interior_A	True	False	-160.00000000000014	-159.99999999999957	incomplete_strict_phone_support_for_nine_point_cpps_trajectory
LA_E_1019297_0011	Interior_B	True	False	0.0	5.551115123125783e-13	incomplete_strict_phone_support_for_nine_point_cpps_trajectory
LA_E_1019297_0012	Boundary	True	False			official_v6_boundary_cpps_invalid_or_incomplete_support
LA_E_1019297_0012	Interior_A	True	False	0.0	5.551115123125783e-13	incomplete_strict_phone_support_for_nine_point_cpps_trajectory
LA_E_1019297_0012	Interior_B	True	True	319.9999999999967	320.00000000000085	
LA_E_1019297_0013	Boundary	True	False			official_v6_boundary_cpps_invalid_or_incomplete_support
LA_E_1019297_0013	Interior_A	True	True	319.9999999999967	320.00000000000085	
LA_E_1019297_0013	Interior_B	True	True	639.999999999997	640.0000000000011	
LA_E_1019297_0014	Boundary	True	True			
LA_E_1019297_0014	Interior_A	True	True	639.999999999997	640.0000000000011	
LA_E_1019297_0014	Interior_B	True	True	160.00000000000014	160.0000000000007	
LA_E_1019489_0004	Boundary	True	True			
LA_E_1019489_0004	Interior_A	True	False	-80.00000000000007	-80.0000000000004	incomplete_strict_phone_support_for_nine_point_cpps_trajectory
LA_E_1019489_0004	Interior_B	True	True	240.00000000000023	239.9999999999999	
LA_E_1019489_0005	Boundary	True	False			official_v6_boundary_cpps_invalid_or_incomplete_support
LA_E_1019489_0005	Interior_A	True	True	240.00000000000023	239.9999999999999	
LA_E_1019489_0005	Interior_B	True	True	239.99999999999932	240.00000000000165	
LA_E_1019489_0013	Boundary	True	False			official_v6_boundary_cpps_invalid_or_incomplete_support
LA_E_1019489_0013	Interior_A	True	True	80.00000000000007	80.00000000000063	
LA_E_1019489_0013	Interior_B	True	False	-1.7763568394002505e-12	5.551115123125783e-13	incomplete_strict_phone_support_for_nine_point_cpps_trajectory
LA_E_1019903_0006	Boundary	True	False			official_v6_boundary_cpps_invalid_or_incomplete_support
LA_E_1019903_0006	Interior_A	True	False	0.0	5.551115123125783e-13	incomplete_strict_phone_support_for_nine_point_cpps_trajectory
LA_E_1019903_0006	Interior_B	True	False	-80.00000000000007	-79.99999999999952	incomplete_strict_phone_support_for_nine_point_cpps_trajectory
LA_E_1019903_0010	Boundary	True	False			official_v6_boundary_cpps_invalid_or_incomplete_support
LA_E_1019903_0010	Interior_A	True	False	-1.7763568394002505e-12	5.551115123125783e-13	incomplete_strict_phone_support_for_nine_point_cpps_trajectory
LA_E_1019903_0010	Interior_B	True	False	-80.00000000000007	-79.99999999999952	incomplete_strict_phone_support_for_nine_point_cpps_trajectory
LA_E_1019903_0011	Boundary	True	False			official_v6_boundary_cpps_invalid_or_incomplete_support
LA_E_1019903_0011	Interior_A	True	False	-80.00000000000007	-79.99999999999952	incomplete_strict_phone_support_for_nine_point_cpps_trajectory
LA_E_1019903_0011	Interior_B	True	True	160.00000000000014	159.99999999999892	
LA_E_1019903_0016	Boundary	True	False			official_v6_boundary_cpps_invalid_or_incomplete_support
LA_E_1019903_0016	Interior_A	True	False	-80.00000000000185	-79.99999999999774	incomplete_strict_phone_support_for_nine_point_cpps_trajectory
LA_E_1019903_0016	Interior_B	True	True	160.00000000000014	159.99999999999716	
LA_E_1019903_0028	Boundary	True	True			
LA_E_1019903_0028	Interior_A	True	False	0.0	5.551115123125783e-13	incomplete_strict_phone_support_for_nine_point_cpps_trajectory
LA_E_1019903_0028	Interior_B	True	False	0.0	-2.9976021664879227e-12	incomplete_strict_phone_support_for_nine_point_cpps_trajectory
LA_E_1019903_0029	Boundary	True	False			official_v6_boundary_cpps_invalid_or_incomplete_support
LA_E_1019903_0029	Interior_A	True	False	0.0	-2.9976021664879227e-12	incomplete_strict_phone_support_for_nine_point_cpps_trajectory
LA_E_1019903_0029	Interior_B	True	False	-160.00000000000014	-159.99999999999957	incomplete_strict_phone_support_for_nine_point_cpps_trajectory
LA_E_1019903_0036	Boundary	True	False			official_v6_boundary_cpps_invalid_or_incomplete_support
LA_E_1019903_0036	Interior_A	True	True	79.9999999999983	79.99999999999885	
LA_E_1019903_0036	Interior_B	True	False	-79.9999999999983	-80.00000000000485	incomplete_strict_phone_support_for_nine_point_cpps_trajectory
LA_E_1019903_0054	Boundary	True	False			official_v6_boundary_cpps_invalid_or_incomplete_support
LA_E_1019903_0054	Interior_A	True	True	240.000000000002	239.99999999999545	
LA_E_1019903_0054	Interior_B	True	False	0.0	5.551115123125783e-13	incomplete_strict_phone_support_for_nine_point_cpps_trajectory
LA_E_1019903_0060	Boundary	True	False			official_v6_boundary_cpps_invalid_or_incomplete_support
LA_E_1019903_0060	Interior_A	True	True	80.0000000000054	79.99999999999885	
LA_E_1019903_0060	Interior_B	True	False	-160.0000000000037	-159.99999999999602	incomplete_strict_phone_support_for_nine_point_cpps_trajectory
LA_E_1019903_0074	Boundary	True	True			
LA_E_1019903_0074	Interior_A	True	False	-159.9999999999966	-159.99999999999602	incomplete_strict_phone_support_for_nine_point_cpps_trajectory
LA_E_1019903_0074	Interior_B	True	True	79.9999999999983	79.99999999999885	
LA_E_1019903_0077	Boundary	True	True			
LA_E_1019903_0077	Interior_A	True	False	-79.9999999999983	-80.00000000001195	incomplete_strict_phone_support_for_nine_point_cpps_trajectory
LA_E_1019903_0077	Interior_B	True	False	-159.9999999999966	-159.99999999999602	incomplete_strict_phone_support_for_nine_point_cpps_trajectory
LA_E_1019903_0078	Boundary	True	True			
LA_E_1019903_0078	Interior_A	True	False	-159.9999999999966	-159.99999999999602	incomplete_strict_phone_support_for_nine_point_cpps_trajectory
LA_E_1019903_0078	Interior_B	True	False	-159.9999999999966	-160.00000000001023	incomplete_strict_phone_support_for_nine_point_cpps_trajectory
LA_E_1019903_0079	Boundary	True	True			
LA_E_1019903_0079	Interior_A	True	False	-159.9999999999966	-160.00000000001023	incomplete_strict_phone_support_for_nine_point_cpps_trajectory
LA_E_1019903_0079	Interior_B	True	False	-159.9999999999966	-159.99999999999602	incomplete_strict_phone_support_for_nine_point_cpps_trajectory
LA_E_1019903_0080	Boundary	True	True			
LA_E_1019903_0080	Interior_A	True	False	-159.9999999999966	-159.99999999999602	incomplete_strict_phone_support_for_nine_point_cpps_trajectory
LA_E_1019903_0080	Interior_B	True	False	-79.9999999999983	-80.00000000001195	incomplete_strict_phone_support_for_nine_point_cpps_trajectory
LA_E_1019903_0083	Boundary	True	False			official_v6_boundary_cpps_invalid_or_incomplete_support
LA_E_1019903_0083	Interior_A	True	True	239.99999999999488	239.99999999999545	
LA_E_1019903_0083	Interior_B	True	False	-79.9999999999983	-79.99999999999774	incomplete_strict_phone_support_for_nine_point_cpps_trajectory
LA_E_1019903_0084	Boundary	True	False			official_v6_boundary_cpps_invalid_or_incomplete_support
LA_E_1019903_0084	Interior_A	True	False	-79.9999999999983	-79.99999999999774	incomplete_strict_phone_support_for_nine_point_cpps_trajectory
LA_E_1019903_0084	Interior_B	True	False	-159.9999999999966	-160.00000000001023	incomplete_strict_phone_support_for_nine_point_cpps_trajectory
LA_E_1019903_0085	Boundary	True	True			
LA_E_1019903_0085	Interior_A	True	False	-159.9999999999966	-160.00000000001023	incomplete_strict_phone_support_for_nine_point_cpps_trajectory
LA_E_1019903_0085	Interior_B	True	False	-159.9999999999966	-159.99999999999602	incomplete_strict_phone_support_for_nine_point_cpps_trajectory
LA_E_1019903_0086	Boundary	True	False			official_v6_boundary_cpps_invalid_or_incomplete_support
LA_E_1019903_0086	Interior_A	True	False	-159.9999999999966	-159.99999999999602	incomplete_strict_phone_support_for_nine_point_cpps_trajectory
LA_E_1019903_0086	Interior_B	True	True	399.9999999999915	400.00000000000625	
LA_E_1019949_0004	Boundary	True	True			
LA_E_1019949_0004	Interior_A	True	False	-8.881784197001252e-13	1.4432899320127035e-12	incomplete_strict_phone_support_for_nine_point_cpps_trajectory
LA_E_1019949_0004	Interior_B	True	False	-80.00000000000097	-79.99999999999952	incomplete_strict_phone_support_for_nine_point_cpps_trajectory
LA_E_1019949_0005	Boundary	True	True			
LA_E_1019949_0005	Interior_A	True	False	-80.00000000000097	-79.99999999999952	incomplete_strict_phone_support_for_nine_point_cpps_trajectory
LA_E_1019949_0005	Interior_B	True	False	0.0	5.551115123125783e-13	incomplete_strict_phone_support_for_nine_point_cpps_trajectory
LA_E_1019949_0018	Boundary	True	False			official_v6_boundary_cpps_invalid_or_incomplete_support
LA_E_1019949_0018	Interior_A	True	True	79.9999999999983	79.99999999999885	
LA_E_1019949_0018	Interior_B	True	True	400.00000000000216	399.99999999999915	
LA_E_1020598_0000	Boundary	True	False			official_v6_boundary_cpps_invalid_or_incomplete_support
LA_E_1020598_0000	Interior_A	True	True	480.0	479.99999999999966	
LA_E_1020598_0000	Interior_B	True	True	240.00000000000023	239.9999999999999	
LA_E_1020598_0003	Boundary	True	True			
LA_E_1020598_0003	Interior_A	True	False	-80.00000000000007	-79.99999999999952	incomplete_strict_phone_support_for_nine_point_cpps_trajectory
LA_E_1020598_0003	Interior_B	True	False	-80.00000000000007	-79.99999999999952	incomplete_strict_phone_support_for_nine_point_cpps_trajectory
LA_E_1020598_0008	Boundary	True	False			official_v6_boundary_cpps_invalid_or_incomplete_support
LA_E_1020598_0008	Interior_A	True	True	160.00000000000014	160.0000000000007	
LA_E_1020598_0008	Interior_B	True	False	-160.00000000000014	-160.00000000000136	incomplete_strict_phone_support_for_nine_point_cpps_trajectory
LA_E_1020598_0012	Boundary	True	False			official_v6_boundary_cpps_invalid_or_incomplete_support
LA_E_1020598_0012	Interior_A	True	True	79.9999999999983	80.0000000000024	
LA_E_1020598_0012	Interior_B	True	True	79.9999999999983	79.99999999999885	
LA_E_1020598_0013	Boundary	True	False			official_v6_boundary_cpps_invalid_or_incomplete_support
LA_E_1020598_0013	Interior_A	True	True	79.9999999999983	79.99999999999885	
LA_E_1020598_0013	Interior_B	True	True	80.00000000000185	79.99999999999885	
LA_E_1020598_0014	Boundary	True	False			official_v6_boundary_cpps_invalid_or_incomplete_support
LA_E_1020598_0014	Interior_A	True	True	80.00000000000185	79.99999999999885	
LA_E_1020598_0014	Interior_B	True	False	-160.00000000000014	-159.99999999999957	incomplete_strict_phone_support_for_nine_point_cpps_trajectory
LA_E_1020598_0018	Boundary	True	False			official_v6_boundary_cpps_invalid_or_incomplete_support
LA_E_1020598_0018	Interior_A	True	False	-3.552713678800501e-12	5.551115123125783e-13	incomplete_strict_phone_support_for_nine_point_cpps_trajectory
LA_E_1020598_0018	Interior_B	True	True	480.00000000000045	480.00000000000097	
LA_E_1020598_0021	Boundary	True	False			official_v6_boundary_cpps_invalid_or_incomplete_support
LA_E_1020598_0021	Interior_A	True	False	-160.00000000000014	-159.99999999999957	incomplete_strict_phone_support_for_nine_point_cpps_trajectory
LA_E_1020598_0021	Interior_B	True	False	-160.00000000000014	-159.99999999999957	incomplete_strict_phone_support_for_nine_point_cpps_trajectory
LA_E_1020598_0022	Boundary	True	False			official_v6_boundary_cpps_invalid_or_incomplete_support
LA_E_1020598_0022	Interior_A	True	False	-160.00000000000014	-159.99999999999957	incomplete_strict_phone_support_for_nine_point_cpps_trajectory
LA_E_1020598_0022	Interior_B	True	True	79.9999999999983	80.0000000000024	
LA_E_1020598_0028	Boundary	True	True			
LA_E_1020598_0028	Interior_A	True	False	-160.0000000000037	-159.99999999999602	incomplete_strict_phone_support_for_nine_point_cpps_trajectory
LA_E_1020598_0028	Interior_B	True	True	79.9999999999983	79.99999999999885	
LA_E_1020598_0031	Boundary	True	True			
LA_E_1020598_0031	Interior_A	True	True	80.0000000000054	79.99999999999885	
LA_E_1020598_0031	Interior_B	True	False	-80.0000000000054	-79.99999999999774	incomplete_strict_phone_support_for_nine_point_cpps_trajectory
LA_E_1020598_0035	Boundary	True	False			official_v6_boundary_cpps_invalid_or_incomplete_support
LA_E_1020598_0035	Interior_A	True	True	480.000000000004	479.99999999999744	
LA_E_1020598_0035	Interior_B	True	True	880.0000000000025	879.999999999996	
LA_E_1022330_0000	Boundary	True	False			official_v6_boundary_cpps_invalid_or_incomplete_support
LA_E_1022330_0000	Interior_A	True	False	-79.99999999999996	-79.99999999999996	incomplete_strict_phone_support_for_nine_point_cpps_trajectory
LA_E_1022330_0000	Interior_B	True	False	-160.00000000000003	-160.00000000000003	incomplete_strict_phone_support_for_nine_point_cpps_trajectory
LA_E_1022330_0001	Boundary	True	False			official_v6_boundary_cpps_invalid_or_incomplete_support
LA_E_1022330_0001	Interior_A	True	False	-160.00000000000003	-160.00000000000003	incomplete_strict_phone_support_for_nine_point_cpps_trajectory
LA_E_1022330_0001	Interior_B	True	False	-80.00000000000007	-79.99999999999996	incomplete_strict_phone_support_for_nine_point_cpps_trajectory
LA_E_1022330_0002	Boundary	True	False			official_v6_boundary_cpps_invalid_or_incomplete_support
LA_E_1022330_0002	Interior_A	True	False	-80.00000000000007	-79.99999999999996	incomplete_strict_phone_support_for_nine_point_cpps_trajectory
LA_E_1022330_0002	Interior_B	True	False	-160.00000000000014	-160.00000000000003	incomplete_strict_phone_support_for_nine_point_cpps_trajectory
LA_E_1022330_0003	Boundary	True	False			official_v6_boundary_cpps_invalid_or_incomplete_support
LA_E_1022330_0003	Interior_A	True	False	-160.00000000000014	-160.00000000000003	incomplete_strict_phone_support_for_nine_point_cpps_trajectory
LA_E_1022330_0003	Interior_B	True	True	320.0000000000003	319.99999999999994	
LA_E_1022330_0004	Boundary	True	False			official_v6_boundary_cpps_invalid_or_incomplete_support
LA_E_1022330_0004	Interior_A	True	True	320.0000000000003	319.99999999999994	
LA_E_1022330_0004	Interior_B	True	False	0.0	5.551115123125783e-13	incomplete_strict_phone_support_for_nine_point_cpps_trajectory
LA_E_1022330_0007	Boundary	True	True			
LA_E_1022330_0007	Interior_A	True	True	79.99999999999918	80.00000000000063	
LA_E_1022330_0007	Interior_B	True	False	-160.00000000000014	-159.99999999999957	incomplete_strict_phone_support_for_nine_point_cpps_trajectory
LA_E_1022330_0017	Boundary	True	False			official_v6_boundary_cpps_invalid_or_incomplete_support
LA_E_1022330_0017	Interior_A	True	True	719.9999999999989	719.9999999999994	
LA_E_1022330_0017	Interior_B	True	True	559.9999999999987	559.9999999999993	
LA_E_1022330_0018	Boundary	True	False			official_v6_boundary_cpps_invalid_or_incomplete_support
LA_E_1022330_0018	Interior_A	True	True	559.9999999999987	559.9999999999993	
LA_E_1022330_0018	Interior_B	True	True	160.00000000000014	160.0000000000007	
LA_E_1024929_0006	Boundary	True	False			official_v6_boundary_cpps_invalid_or_incomplete_support
LA_E_1024929_0006	Interior_A	True	False	8.881784197001252e-13	-3.3306690738754696e-13	incomplete_strict_phone_support_for_nine_point_cpps_trajectory
LA_E_1024929_0006	Interior_B	True	True	160.00000000000014	160.0000000000007	
LA_E_1024929_0014	Boundary	True	False			official_v6_boundary_cpps_invalid_or_incomplete_support
LA_E_1024929_0014	Interior_A	True	True	160.00000000000014	160.0000000000007	
LA_E_1024929_0014	Interior_B	True	False	-160.00000000000014	-159.99999999999957	incomplete_strict_phone_support_for_nine_point_cpps_trajectory
LA_E_1024929_0015	Boundary	True	False			official_v6_boundary_cpps_invalid_or_incomplete_support
LA_E_1024929_0015	Interior_A	True	False	-160.00000000000014	-159.99999999999957	incomplete_strict_phone_support_for_nine_point_cpps_trajectory
LA_E_1024929_0015	Interior_B	True	False	-160.00000000000014	-159.99999999999957	incomplete_strict_phone_support_for_nine_point_cpps_trajectory
LA_E_1024929_0016	Boundary	True	True			
LA_E_1024929_0016	Interior_A	True	False	-160.00000000000014	-159.99999999999957	incomplete_strict_phone_support_for_nine_point_cpps_trajectory
LA_E_1024929_0016	Interior_B	True	False	-80.00000000000185	-80.0000000000013	incomplete_strict_phone_support_for_nine_point_cpps_trajectory
LA_E_1024929_0021	Boundary	True	True			
LA_E_1024929_0021	Interior_A	True	False	0.0	-2.9976021664879227e-12	incomplete_strict_phone_support_for_nine_point_cpps_trajectory
LA_E_1024929_0021	Interior_B	True	True	720.0000000000024	719.9999999999994	
LA_E_1024929_0022	Boundary	True	True			
LA_E_1024929_0022	Interior_A	True	True	720.0000000000024	719.9999999999994	
LA_E_1024929_0022	Interior_B	True	True	399.9999999999986	399.99999999999915	
LA_E_1027163_0001	Boundary	True	False			official_v6_boundary_cpps_invalid_or_incomplete_support
LA_E_1027163_0001	Interior_A	True	False	0.0	5.551115123125783e-13	incomplete_strict_phone_support_for_nine_point_cpps_trajectory
LA_E_1027163_0001	Interior_B	True	False	-160.00000000000014	-160.00000000000136	incomplete_strict_phone_support_for_nine_point_cpps_trajectory
LA_E_1027163_0013	Boundary	True	False			official_v6_boundary_cpps_invalid_or_incomplete_support
LA_E_1027163_0013	Interior_A	True	True	79.9999999999983	79.99999999999885	
LA_E_1027163_0013	Interior_B	True	True	239.99999999999844	240.00000000000256	
LA_E_1027163_0021	Boundary	True	True			
LA_E_1027163_0021	Interior_A	True	False	-80.00000000000185	-80.0000000000013	incomplete_strict_phone_support_for_nine_point_cpps_trajectory
LA_E_1027163_0021	Interior_B	True	True	80.00000000000185	79.99999999999885	
LA_E_1027163_0022	Boundary	True	True			
LA_E_1027163_0022	Interior_A	True	True	80.00000000000185	79.99999999999885	
LA_E_1027163_0022	Interior_B	True	True	79.9999999999983	80.0000000000024	
LA_E_1027275_0002	Boundary	True	True			
LA_E_1027275_0002	Interior_A	True	False	-1.7763568394002505e-12	1.4432899320127035e-12	incomplete_strict_phone_support_for_nine_point_cpps_trajectory
LA_E_1027275_0002	Interior_B	True	False	-160.00000000000014	-159.99999999999957	incomplete_strict_phone_support_for_nine_point_cpps_trajectory
LA_E_1027275_0003	Boundary	True	False			official_v6_boundary_cpps_invalid_or_incomplete_support
LA_E_1027275_0003	Interior_A	True	False	-160.00000000000014	-159.99999999999957	incomplete_strict_phone_support_for_nine_point_cpps_trajectory
LA_E_1027275_0003	Interior_B	True	True	80.00000000000007	79.99999999999974	
LA_E_1027275_0004	Boundary	True	False			official_v6_boundary_cpps_invalid_or_incomplete_support
LA_E_1027275_0004	Interior_A	True	True	80.00000000000007	79.99999999999974	
LA_E_1027275_0004	Interior_B	True	False	-159.99999999999926	-160.00000000000048	incomplete_strict_phone_support_for_nine_point_cpps_trajectory
LA_E_1027275_0006	Boundary	True	False			official_v6_boundary_cpps_invalid_or_incomplete_support
LA_E_1027275_0006	Interior_A	True	False	-160.00000000000102	-159.9999999999987	incomplete_strict_phone_support_for_nine_point_cpps_trajectory
LA_E_1027275_0006	Interior_B	True	False	-79.99999999999918	-79.99999999999952	incomplete_strict_phone_support_for_nine_point_cpps_trajectory
LA_E_1027275_0009	Boundary	True	True			
LA_E_1027275_0009	Interior_A	True	False	-160.00000000000014	-159.99999999999957	incomplete_strict_phone_support_for_nine_point_cpps_trajectory
LA_E_1027275_0009	Interior_B	True	False	-1.7763568394002505e-12	5.551115123125783e-13	incomplete_strict_phone_support_for_nine_point_cpps_trajectory
LA_E_1027275_0010	Boundary	True	True			
LA_E_1027275_0010	Interior_A	True	False	-1.7763568394002505e-12	5.551115123125783e-13	incomplete_strict_phone_support_for_nine_point_cpps_trajectory
LA_E_1027275_0010	Interior_B	True	False	-80.00000000000007	-79.99999999999952	incomplete_strict_phone_support_for_nine_point_cpps_trajectory
LA_E_1027275_0011	Boundary	True	False			official_v6_boundary_cpps_invalid_or_incomplete_support
LA_E_1027275_0011	Interior_A	True	False	-80.00000000000007	-79.99999999999952	incomplete_strict_phone_support_for_nine_point_cpps_trajectory
LA_E_1027275_0011	Interior_B	True	True	320.0000000000003	319.9999999999991	
LA_E_1027275_0012	Boundary	True	False			official_v6_boundary_cpps_invalid_or_incomplete_support
LA_E_1027275_0012	Interior_A	True	True	320.0000000000003	319.9999999999991	
LA_E_1027275_0012	Interior_B	True	True	159.99999999999835	160.0000000000007	
LA_E_1027275_0013	Boundary	True	True			
LA_E_1027275_0013	Interior_A	True	True	159.99999999999835	160.0000000000007	
LA_E_1027275_0013	Interior_B	True	True	160.00000000000014	160.0000000000007	
LA_E_1030540_0002	Boundary	True	True			
LA_E_1030540_0002	Interior_A	True	False	-160.00000000000014	-160.00000000000003	incomplete_strict_phone_support_for_nine_point_cpps_trajectory
LA_E_1030540_0002	Interior_B	True	False	-160.00000000000014	-160.00000000000003	incomplete_strict_phone_support_for_nine_point_cpps_trajectory
LA_E_1030540_0006	Boundary	True	False			official_v6_boundary_cpps_invalid_or_incomplete_support
LA_E_1030540_0006	Interior_A	True	True	80.00000000000097	79.99999999999974	
LA_E_1030540_0006	Interior_B	True	False	0.0	5.551115123125783e-13	incomplete_strict_phone_support_for_nine_point_cpps_trajectory
LA_E_1030540_0007	Boundary	True	False			official_v6_boundary_cpps_invalid_or_incomplete_support
LA_E_1030540_0007	Interior_A	True	False	0.0	5.551115123125783e-13	incomplete_strict_phone_support_for_nine_point_cpps_trajectory
LA_E_1030540_0007	Interior_B	True	False	-160.00000000000014	-160.00000000000136	incomplete_strict_phone_support_for_nine_point_cpps_trajectory
LA_E_1030540_0010	Boundary	True	False			official_v6_boundary_cpps_invalid_or_incomplete_support
LA_E_1030540_0010	Interior_A	True	False	-160.00000000000014	-159.99999999999957	incomplete_strict_phone_support_for_nine_point_cpps_trajectory
LA_E_1030540_0010	Interior_B	True	True	559.9999999999987	559.9999999999993	
LA_E_1030540_0019	Boundary	True	True			
LA_E_1030540_0019	Interior_A	True	True	160.00000000000014	160.0000000000007	
LA_E_1030540_0019	Interior_B	True	False	-160.00000000000014	-159.99999999999957	incomplete_strict_phone_support_for_nine_point_cpps_trajectory
LA_E_1030540_0023	Boundary	True	False			official_v6_boundary_cpps_invalid_or_incomplete_support
LA_E_1030540_0023	Interior_A	True	False	-160.00000000000014	-159.99999999999957	incomplete_strict_phone_support_for_nine_point_cpps_trajectory
LA_E_1030540_0023	Interior_B	True	False	-160.00000000000014	-159.99999999999957	incomplete_strict_phone_support_for_nine_point_cpps_trajectory
LA_E_1030540_0026	Boundary	True	False			official_v6_boundary_cpps_invalid_or_incomplete_support
LA_E_1030540_0026	Interior_A	True	True	79.9999999999983	79.99999999999885	
LA_E_1030540_0026	Interior_B	True	False	-160.00000000000014	-159.99999999999957	incomplete_strict_phone_support_for_nine_point_cpps_trajectory
LA_E_1030540_0027	Boundary	True	False			official_v6_boundary_cpps_invalid_or_incomplete_support
LA_E_1030540_0027	Interior_A	True	False	-160.00000000000014	-159.99999999999957	incomplete_strict_phone_support_for_nine_point_cpps_trajectory
LA_E_1030540_0027	Interior_B	True	False	-160.00000000000014	-159.99999999999957	incomplete_strict_phone_support_for_nine_point_cpps_trajectory
LA_E_1030540_0028	Boundary	True	True			
LA_E_1030540_0028	Interior_A	True	False	-160.00000000000014	-159.99999999999957	incomplete_strict_phone_support_for_nine_point_cpps_trajectory
LA_E_1030540_0028	Interior_B	True	False	0.0	-2.9976021664879227e-12	incomplete_strict_phone_support_for_nine_point_cpps_trajectory
LA_E_1030540_0029	Boundary	True	True			
LA_E_1030540_0029	Interior_A	True	False	0.0	-2.9976021664879227e-12	incomplete_strict_phone_support_for_nine_point_cpps_trajectory
LA_E_1030540_0029	Interior_B	True	True	1040.0000000000027	1039.9999999999961	
LA_E_1031038_0000	Boundary	True	False			official_v6_boundary_cpps_invalid_or_incomplete_support
LA_E_1031038_0000	Interior_A	True	True	240.0000000000001	240.0000000000001	
LA_E_1031038_0000	Interior_B	True	True	319.99999999999983	319.99999999999994	
LA_E_1031038_0001	Boundary	True	False			official_v6_boundary_cpps_invalid_or_incomplete_support
LA_E_1031038_0001	Interior_A	True	True	319.99999999999983	319.99999999999994	
LA_E_1031038_0001	Interior_B	True	True	160.00000000000014	159.9999999999998	
LA_E_1031038_0006	Boundary	True	True			
LA_E_1031038_0006	Interior_A	True	True	79.9999999999983	80.00000000000063	
LA_E_1031038_0006	Interior_B	True	False	-80.00000000000007	-79.99999999999952	incomplete_strict_phone_support_for_nine_point_cpps_trajectory
LA_E_1031038_0009	Boundary	True	True			
LA_E_1031038_0009	Interior_A	True	True	239.99999999999844	240.00000000000077	
LA_E_1031038_0009	Interior_B	True	False	0.0	5.551115123125783e-13	incomplete_strict_phone_support_for_nine_point_cpps_trajectory
LA_E_1031038_0014	Boundary	True	False			official_v6_boundary_cpps_invalid_or_incomplete_support
LA_E_1031038_0014	Interior_A	True	True	320.0000000000003	319.99999999999727	
LA_E_1031038_0014	Interior_B	True	True	560.0000000000023	559.9999999999993	
LA_E_1031038_0018	Boundary	True	True			
LA_E_1031038_0018	Interior_A	True	False	-3.552713678800501e-12	5.551115123125783e-13	incomplete_strict_phone_support_for_nine_point_cpps_trajectory
LA_E_1031038_0018	Interior_B	True	False	-79.9999999999983	-80.0000000000013	incomplete_strict_phone_support_for_nine_point_cpps_trajectory
LA_E_1031837_0007	Boundary	True	True			
LA_E_1031837_0007	Interior_A	True	True	160.00000000000014	159.9999999999998	
LA_E_1031837_0007	Interior_B	True	True	8.881784197001252e-13	5.551115123125783e-13	
LA_E_1031837_0008	Boundary	True	True			
LA_E_1031837_0008	Interior_A	True	True	8.881784197001252e-13	5.551115123125783e-13	
LA_E_1031837_0008	Interior_B	True	True	160.00000000000014	159.99999999999892	
LA_E_1031837_0009	Boundary	True	False			official_v6_boundary_cpps_invalid_or_incomplete_support
LA_E_1031837_0009	Interior_A	True	True	160.00000000000014	159.99999999999892	
LA_E_1031837_0009	Interior_B	True	True	80.00000000000007	79.99999999999885	
LA_E_1031837_0013	Boundary	True	False			official_v6_boundary_cpps_invalid_or_incomplete_support
LA_E_1031837_0013	Interior_A	True	True	240.00000000000023	239.999999999999	
LA_E_1031837_0013	Interior_B	True	True	1199.9999999999993	1199.9999999999998	
LA_E_1031941_0005	Boundary	True	True			
LA_E_1031941_0005	Interior_A	True	False	-80.00000000000007	-79.99999999999952	incomplete_strict_phone_support_for_nine_point_cpps_trajectory
LA_E_1031941_0005	Interior_B	True	False	0.0	-3.3306690738754696e-13	incomplete_strict_phone_support_for_nine_point_cpps_trajectory
LA_E_1031941_0006	Boundary	True	False			official_v6_boundary_cpps_invalid_or_incomplete_support
LA_E_1031941_0006	Interior_A	True	False	0.0	-3.3306690738754696e-13	incomplete_strict_phone_support_for_nine_point_cpps_trajectory
LA_E_1031941_0006	Interior_B	True	True	640.0000000000006	639.9999999999993	
LA_E_1031941_0016	Boundary	True	False			official_v6_boundary_cpps_invalid_or_incomplete_support
LA_E_1031941_0016	Interior_A	True	True	160.00000000000014	160.0000000000007	
LA_E_1031941_0016	Interior_B	True	True	399.9999999999986	399.99999999999915	
LA_E_1031941_0017	Boundary	True	False			official_v6_boundary_cpps_invalid_or_incomplete_support
LA_E_1031941_0017	Interior_A	True	True	399.9999999999986	399.99999999999915	
LA_E_1031941_0017	Interior_B	True	True	240.000000000002	239.999999999999	
LA_E_1031941_0018	Boundary	True	True			
LA_E_1031941_0018	Interior_A	True	True	240.000000000002	239.999999999999	
LA_E_1031941_0018	Interior_B	True	True	239.99999999999844	239.999999999999	
LA_E_1031941_0021	Boundary	True	False			official_v6_boundary_cpps_invalid_or_incomplete_support
LA_E_1031941_0021	Interior_A	True	True	159.9999999999966	160.0000000000007	
LA_E_1031941_0021	Interior_B	True	False	-160.00000000000014	-160.00000000000313	incomplete_strict_phone_support_for_nine_point_cpps_trajectory
LA_E_1031941_0023	Boundary	True	False			official_v6_boundary_cpps_invalid_or_incomplete_support
LA_E_1031941_0023	Interior_A	True	True	160.0000000000037	159.99999999999716	
LA_E_1031941_0023	Interior_B	True	False	-159.9999999999966	-160.00000000000313	incomplete_strict_phone_support_for_nine_point_cpps_trajectory
LA_E_1031941_0024	Boundary	True	True			
LA_E_1031941_0024	Interior_A	True	False	-159.9999999999966	-160.00000000000313	incomplete_strict_phone_support_for_nine_point_cpps_trajectory
LA_E_1031941_0024	Interior_B	True	False	-79.9999999999983	-79.99999999999774	incomplete_strict_phone_support_for_nine_point_cpps_trajectory
LA_E_1031941_0025	Boundary	True	False			official_v6_boundary_cpps_invalid_or_incomplete_support
LA_E_1031941_0025	Interior_A	True	False	-79.9999999999983	-79.99999999999774	incomplete_strict_phone_support_for_nine_point_cpps_trajectory
LA_E_1031941_0025	Interior_B	True	False	-7.105427357601002e-12	5.551115123125783e-13	incomplete_strict_phone_support_for_nine_point_cpps_trajectory
LA_E_1031941_0028	Boundary	True	True			
LA_E_1031941_0028	Interior_A	True	True	320.0000000000003	320.00000000000085	
LA_E_1031941_0028	Interior_B	True	True	159.9999999999966	159.99999999999716	
LA_E_1031941_0029	Boundary	True	True			
LA_E_1031941_0029	Interior_A	True	True	159.9999999999966	159.99999999999716	
LA_E_1031941_0029	Interior_B	True	True	79.9999999999983	80.00000000000595	
LA_E_1031941_0030	Boundary	True	True			
LA_E_1031941_0030	Interior_A	True	True	79.9999999999983	80.00000000000595	
LA_E_1031941_0030	Interior_B	True	False	-80.0000000000054	-79.99999999999774	incomplete_strict_phone_support_for_nine_point_cpps_trajectory
LA_E_1031941_0031	Boundary	True	True			
LA_E_1031941_0031	Interior_A	True	False	-80.0000000000054	-79.99999999999774	incomplete_strict_phone_support_for_nine_point_cpps_trajectory
LA_E_1031941_0031	Interior_B	True	False	-160.0000000000037	-159.99999999999602	incomplete_strict_phone_support_for_nine_point_cpps_trajectory
LA_E_1031941_0032	Boundary	True	True			
LA_E_1031941_0032	Interior_A	True	False	-160.0000000000037	-159.99999999999602	incomplete_strict_phone_support_for_nine_point_cpps_trajectory
LA_E_1031941_0032	Interior_B	True	True	1119.9999999999975	1119.999999999998	
LA_E_1031941_0035	Boundary	True	True			
LA_E_1031941_0035	Interior_A	True	True	719.9999999999989	719.9999999999994	
LA_E_1031941_0035	Interior_B	True	False	-159.9999999999966	-160.00000000000313	incomplete_strict_phone_support_for_nine_point_cpps_trajectory
LA_E_1031941_0036	Boundary	True	True			
LA_E_1031941_0036	Interior_A	True	False	-159.9999999999966	-160.00000000000313	incomplete_strict_phone_support_for_nine_point_cpps_trajectory
LA_E_1031941_0036	Interior_B	True	True	160.0000000000037	159.99999999999716	
LA_E_1031941_0039	Boundary	True	True			
LA_E_1031941_0039	Interior_A	True	False	-160.0000000000037	-159.99999999999602	incomplete_strict_phone_support_for_nine_point_cpps_trajectory
LA_E_1031941_0039	Interior_B	True	False	-79.9999999999983	-80.00000000000485	incomplete_strict_phone_support_for_nine_point_cpps_trajectory
LA_E_1031941_0040	Boundary	True	True			
LA_E_1031941_0040	Interior_A	True	False	-79.9999999999983	-80.00000000000485	incomplete_strict_phone_support_for_nine_point_cpps_trajectory
LA_E_1031941_0040	Interior_B	True	True	240.000000000002	240.00000000000256	
LA_E_1031941_0041	Boundary	True	True			
LA_E_1031941_0041	Interior_A	True	True	240.000000000002	240.00000000000256	
LA_E_1031941_0041	Interior_B	True	False	-80.0000000000054	-79.99999999999774	incomplete_strict_phone_support_for_nine_point_cpps_trajectory
LA_E_1031941_0042	Boundary	True	True			
LA_E_1031941_0042	Interior_A	True	False	-80.0000000000054	-79.99999999999774	incomplete_strict_phone_support_for_nine_point_cpps_trajectory
LA_E_1031941_0042	Interior_B	True	False	-79.9999999999983	-80.00000000000485	incomplete_strict_phone_support_for_nine_point_cpps_trajectory
LA_E_1031941_0043	Boundary	True	True			
LA_E_1031941_0043	Interior_A	True	False	-79.9999999999983	-80.00000000000485	incomplete_strict_phone_support_for_nine_point_cpps_trajectory
LA_E_1031941_0043	Interior_B	True	True	1120.0000000000045	1119.9999999999907	
LA_E_1034414_0002	Boundary	True	True			
LA_E_1034414_0002	Interior_A	True	False	-80.00000000000007	-79.99999999999996	incomplete_strict_phone_support_for_nine_point_cpps_trajectory
LA_E_1034414_0002	Interior_B	True	False	-160.00000000000014	-160.00000000000048	incomplete_strict_phone_support_for_nine_point_cpps_trajectory
LA_E_1034414_0005	Boundary	True	False			official_v6_boundary_cpps_invalid_or_incomplete_support
LA_E_1034414_0005	Interior_A	True	False	0.0	-3.3306690738754696e-13	incomplete_strict_phone_support_for_nine_point_cpps_trajectory
LA_E_1034414_0005	Interior_B	True	True	240.00000000000023	240.00000000000077	
LA_E_1034414_0011	Boundary	True	False			official_v6_boundary_cpps_invalid_or_incomplete_support
LA_E_1034414_0011	Interior_A	True	True	159.99999999999835	160.0000000000007	
LA_E_1034414_0011	Interior_B	True	False	-80.00000000000185	-79.99999999999952	incomplete_strict_phone_support_for_nine_point_cpps_trajectory
LA_E_1034414_0012	Boundary	True	False			official_v6_boundary_cpps_invalid_or_incomplete_support
LA_E_1034414_0012	Interior_A	True	False	-80.00000000000185	-79.99999999999952	incomplete_strict_phone_support_for_nine_point_cpps_trajectory
LA_E_1034414_0012	Interior_B	True	False	-160.00000000000014	-159.99999999999957	incomplete_strict_phone_support_for_nine_point_cpps_trajectory
LA_E_1034414_0016	Boundary	True	True			
LA_E_1034414_0016	Interior_A	True	False	0.0	5.551115123125783e-13	incomplete_strict_phone_support_for_nine_point_cpps_trajectory
LA_E_1034414_0016	Interior_B	True	False	0.0	-2.9976021664879227e-12	incomplete_strict_phone_support_for_nine_point_cpps_trajectory
LA_E_1034414_0017	Boundary	True	True			
LA_E_1034414_0017	Interior_A	True	False	0.0	-2.9976021664879227e-12	incomplete_strict_phone_support_for_nine_point_cpps_trajectory
LA_E_1034414_0017	Interior_B	True	False	-80.00000000000185	-79.99999999999774	incomplete_strict_phone_support_for_nine_point_cpps_trajectory
LA_E_1034414_0026	Boundary	True	False			official_v6_boundary_cpps_invalid_or_incomplete_support
LA_E_1034414_0026	Interior_A	True	False	-160.00000000000014	-160.00000000000313	incomplete_strict_phone_support_for_nine_point_cpps_trajectory
LA_E_1034414_0026	Interior_B	True	False	-80.00000000000185	-79.99999999999774	incomplete_strict_phone_support_for_nine_point_cpps_trajectory
LA_E_1034414_0029	Boundary	True	False			official_v6_boundary_cpps_invalid_or_incomplete_support
LA_E_1034414_0029	Interior_A	True	False	-160.00000000000014	-159.99999999999957	incomplete_strict_phone_support_for_nine_point_cpps_trajectory
LA_E_1034414_0029	Interior_B	True	False	-80.00000000000185	-79.99999999999774	incomplete_strict_phone_support_for_nine_point_cpps_trajectory
LA_E_1034414_0034	Boundary	True	False			official_v6_boundary_cpps_invalid_or_incomplete_support
LA_E_1034414_0034	Interior_A	True	False	0.0	5.551115123125783e-13	incomplete_strict_phone_support_for_nine_point_cpps_trajectory
LA_E_1034414_0034	Interior_B	True	False	0.0	5.551115123125783e-13	incomplete_strict_phone_support_for_nine_point_cpps_trajectory
LA_E_1034414_0037	Boundary	True	True			
LA_E_1034414_0037	Interior_A	True	True	79.9999999999983	79.99999999999885	
LA_E_1034414_0037	Interior_B	True	True	800.0000000000043	799.9999999999977	
LA_E_1034718_0001	Boundary	True	True			
LA_E_1034718_0001	Interior_A	True	True	79.99999999999984	80.00000000000018	
LA_E_1034718_0001	Interior_B	True	True	319.99999999999807	320.0000000000013	
LA_E_1034718_0004	Boundary	True	True			
LA_E_1034718_0004	Interior_A	True	False	-160.00000000000014	-159.99999999999957	incomplete_strict_phone_support_for_nine_point_cpps_trajectory
LA_E_1034718_0004	Interior_B	True	True	240.00000000000023	239.9999999999999	
LA_E_1034718_0005	Boundary	True	True			
LA_E_1034718_0005	Interior_A	True	True	240.00000000000023	239.9999999999999	
LA_E_1034718_0005	Interior_B	True	False	0.0	-1.2212453270876722e-12	incomplete_strict_phone_support_for_nine_point_cpps_trajectory
LA_E_1034718_0006	Boundary	True	True			
LA_E_1034718_0006	Interior_A	True	False	0.0	-1.2212453270876722e-12	incomplete_strict_phone_support_for_nine_point_cpps_trajectory
LA_E_1034718_0006	Interior_B	True	False	-160.00000000000014	-159.99999999999957	incomplete_strict_phone_support_for_nine_point_cpps_trajectory
LA_E_1034718_0008	Boundary	True	True			
LA_E_1034718_0008	Interior_A	True	False	-160.00000000000193	-159.99999999999957	incomplete_strict_phone_support_for_nine_point_cpps_trajectory
LA_E_1034718_0008	Interior_B	True	False	-80.00000000000007	-79.99999999999952	incomplete_strict_phone_support_for_nine_point_cpps_trajectory
LA_E_1034718_0009	Boundary	True	False			official_v6_boundary_cpps_invalid_or_incomplete_support
LA_E_1034718_0009	Interior_A	True	False	-80.00000000000007	-79.99999999999952	incomplete_strict_phone_support_for_nine_point_cpps_trajectory
LA_E_1034718_0009	Interior_B	True	False	0.0	-1.2212453270876722e-12	incomplete_strict_phone_support_for_nine_point_cpps_trajectory
LA_E_1034718_0010	Boundary	True	False			official_v6_boundary_cpps_invalid_or_incomplete_support
LA_E_1034718_0010	Interior_A	True	False	0.0	-1.2212453270876722e-12	incomplete_strict_phone_support_for_nine_point_cpps_trajectory
LA_E_1034718_0010	Interior_B	True	False	-160.00000000000014	-159.99999999999957	incomplete_strict_phone_support_for_nine_point_cpps_trajectory
LA_E_1034718_0011	Boundary	True	True			
LA_E_1034718_0011	Interior_A	True	False	-160.00000000000014	-159.99999999999957	incomplete_strict_phone_support_for_nine_point_cpps_trajectory
LA_E_1034718_0011	Interior_B	True	False	-1.7763568394002505e-12	5.551115123125783e-13	incomplete_strict_phone_support_for_nine_point_cpps_trajectory
LA_E_1034718_0014	Boundary	True	False			official_v6_boundary_cpps_invalid_or_incomplete_support
LA_E_1034718_0014	Interior_A	True	False	-160.00000000000014	-159.99999999999957	incomplete_strict_phone_support_for_nine_point_cpps_trajectory
LA_E_1034718_0014	Interior_B	True	True	159.9999999999966	160.0000000000007	
LA_E_1034718_0019	Boundary	True	False			official_v6_boundary_cpps_invalid_or_incomplete_support
LA_E_1034718_0019	Interior_A	True	False	-80.00000000000185	-80.0000000000013	incomplete_strict_phone_support_for_nine_point_cpps_trajectory
LA_E_1034718_0019	Interior_B	True	True	320.0000000000003	320.00000000000085	
LA_E_1034718_0020	Boundary	True	False			official_v6_boundary_cpps_invalid_or_incomplete_support
LA_E_1034718_0020	Interior_A	True	True	320.0000000000003	320.00000000000085	
LA_E_1034718_0020	Interior_B	True	False	-160.00000000000014	-159.99999999999957	incomplete_strict_phone_support_for_nine_point_cpps_trajectory
LA_E_1034718_0021	Boundary	True	True			
LA_E_1034718_0021	Interior_A	True	False	-160.00000000000014	-159.99999999999957	incomplete_strict_phone_support_for_nine_point_cpps_trajectory
LA_E_1034718_0021	Interior_B	True	False	-80.00000000000185	-80.0000000000013	incomplete_strict_phone_support_for_nine_point_cpps_trajectory
LA_E_1034718_0022	Boundary	True	False			official_v6_boundary_cpps_invalid_or_incomplete_support
LA_E_1034718_0022	Interior_A	True	False	-80.00000000000185	-80.0000000000013	incomplete_strict_phone_support_for_nine_point_cpps_trajectory
LA_E_1034718_0022	Interior_B	True	True	160.00000000000014	160.0000000000007	
LA_E_1034718_0023	Boundary	True	False			official_v6_boundary_cpps_invalid_or_incomplete_support
LA_E_1034718_0023	Interior_A	True	True	160.00000000000014	160.0000000000007	
LA_E_1034718_0023	Interior_B	True	False	-160.00000000000014	-159.99999999999957	incomplete_strict_phone_support_for_nine_point_cpps_trajectory
LA_E_1034718_0024	Boundary	True	True			
LA_E_1034718_0024	Interior_A	True	False	-160.00000000000014	-159.99999999999957	incomplete_strict_phone_support_for_nine_point_cpps_trajectory
LA_E_1034718_0024	Interior_B	True	False	-80.00000000000185	-80.0000000000013	incomplete_strict_phone_support_for_nine_point_cpps_trajectory
LA_E_1034718_0025	Boundary	True	False			official_v6_boundary_cpps_invalid_or_incomplete_support
LA_E_1034718_0025	Interior_A	True	False	-80.00000000000185	-80.0000000000013	incomplete_strict_phone_support_for_nine_point_cpps_trajectory
LA_E_1034718_0025	Interior_B	True	False	0.0	5.551115123125783e-13	incomplete_strict_phone_support_for_nine_point_cpps_trajectory
LA_E_1034718_0026	Boundary	True	False			official_v6_boundary_cpps_invalid_or_incomplete_support
LA_E_1034718_0026	Interior_A	True	False	0.0	5.551115123125783e-13	incomplete_strict_phone_support_for_nine_point_cpps_trajectory
LA_E_1034718_0026	Interior_B	True	False	-160.00000000000014	-159.99999999999957	incomplete_strict_phone_support_for_nine_point_cpps_trajectory
LA_E_1034718_0027	Boundary	True	True			
LA_E_1034718_0027	Interior_A	True	False	-160.00000000000014	-159.99999999999957	incomplete_strict_phone_support_for_nine_point_cpps_trajectory
LA_E_1034718_0027	Interior_B	True	False	0.0	5.551115123125783e-13	incomplete_strict_phone_support_for_nine_point_cpps_trajectory
LA_E_1034718_0028	Boundary	True	False			official_v6_boundary_cpps_invalid_or_incomplete_support
LA_E_1034718_0028	Interior_A	True	False	0.0	5.551115123125783e-13	incomplete_strict_phone_support_for_nine_point_cpps_trajectory
LA_E_1034718_0028	Interior_B	True	False	-80.0000000000054	-79.99999999999774	incomplete_strict_phone_support_for_nine_point_cpps_trajectory
LA_E_1034718_0029	Boundary	True	False			official_v6_boundary_cpps_invalid_or_incomplete_support
LA_E_1034718_0029	Interior_A	True	False	-80.0000000000054	-79.99999999999774	incomplete_strict_phone_support_for_nine_point_cpps_trajectory
LA_E_1034718_0029	Interior_B	True	True	399.9999999999986	399.99999999999915	
LA_E_1034718_0030	Boundary	True	True			
LA_E_1034718_0030	Interior_A	True	True	399.9999999999986	399.99999999999915	
LA_E_1034718_0030	Interior_B	True	False	-159.9999999999966	-160.00000000000313	incomplete_strict_phone_support_for_nine_point_cpps_trajectory
LA_E_1034718_0031	Boundary	True	True			
LA_E_1034718_0031	Interior_A	True	False	-159.9999999999966	-160.00000000000313	incomplete_strict_phone_support_for_nine_point_cpps_trajectory
LA_E_1034718_0031	Interior_B	True	True	640.0000000000006	640.0000000000011	
LA_E_1036763_0001	Boundary	True	False			official_v6_boundary_cpps_invalid_or_incomplete_support
LA_E_1036763_0001	Interior_A	True	False	0.0	1.1102230246251565e-13	incomplete_strict_phone_support_for_nine_point_cpps_trajectory
LA_E_1036763_0001	Interior_B	True	False	-160.00000000000014	-160.00000000000003	incomplete_strict_phone_support_for_nine_point_cpps_trajectory
LA_E_1036763_0006	Boundary	True	False			official_v6_boundary_cpps_invalid_or_incomplete_support
LA_E_1036763_0006	Interior_A	True	False	8.881784197001252e-13	-3.3306690738754696e-13	incomplete_strict_phone_support_for_nine_point_cpps_trajectory
LA_E_1036763_0006	Interior_B	True	False	0.0	5.551115123125783e-13	incomplete_strict_phone_support_for_nine_point_cpps_trajectory
LA_E_1036763_0007	Boundary	True	False			official_v6_boundary_cpps_invalid_or_incomplete_support
LA_E_1036763_0007	Interior_A	True	False	0.0	5.551115123125783e-13	incomplete_strict_phone_support_for_nine_point_cpps_trajectory
LA_E_1036763_0007	Interior_B	True	False	-80.00000000000185	-79.99999999999952	incomplete_strict_phone_support_for_nine_point_cpps_trajectory
LA_E_1036763_0008	Boundary	True	False			official_v6_boundary_cpps_invalid_or_incomplete_support
LA_E_1036763_0008	Interior_A	True	False	-80.00000000000185	-79.99999999999952	incomplete_strict_phone_support_for_nine_point_cpps_trajectory
LA_E_1036763_0008	Interior_B	True	True	560.0000000000005	559.9999999999993	
LA_E_1036763_0016	Boundary	True	True			
LA_E_1036763_0016	Interior_A	True	False	0.0	5.551115123125783e-13	incomplete_strict_phone_support_for_nine_point_cpps_trajectory
LA_E_1036763_0016	Interior_B	True	False	0.0	-2.9976021664879227e-12	incomplete_strict_phone_support_for_nine_point_cpps_trajectory
LA_E_1036763_0017	Boundary	True	True			
LA_E_1036763_0017	Interior_A	True	False	0.0	-2.9976021664879227e-12	incomplete_strict_phone_support_for_nine_point_cpps_trajectory
LA_E_1036763_0017	Interior_B	True	False	0.0	5.551115123125783e-13	incomplete_strict_phone_support_for_nine_point_cpps_trajectory
LA_E_1036763_0021	Boundary	True	False			official_v6_boundary_cpps_invalid_or_incomplete_support
LA_E_1036763_0021	Interior_A	True	False	-80.00000000000185	-80.0000000000013	incomplete_strict_phone_support_for_nine_point_cpps_trajectory
LA_E_1036763_0021	Interior_B	True	False	-79.9999999999983	-80.0000000000013	incomplete_strict_phone_support_for_nine_point_cpps_trajectory
LA_E_1036763_0030	Boundary	True	False			official_v6_boundary_cpps_invalid_or_incomplete_support
LA_E_1036763_0030	Interior_A	True	True	79.9999999999983	79.99999999999885	
LA_E_1036763_0030	Interior_B	True	True	480.00000000000045	479.99999999999744	
LA_E_1036763_0033	Boundary	True	True			
LA_E_1036763_0033	Interior_A	True	False	0.0	5.551115123125783e-13	incomplete_strict_phone_support_for_nine_point_cpps_trajectory
LA_E_1036763_0033	Interior_B	True	True	79.9999999999983	79.99999999999885	
LA_E_1036763_0040	Boundary	True	False			official_v6_boundary_cpps_invalid_or_incomplete_support
LA_E_1036763_0040	Interior_A	True	True	159.9999999999966	159.99999999999716	
LA_E_1036763_0040	Interior_B	True	False	0.0	5.551115123125783e-13	incomplete_strict_phone_support_for_nine_point_cpps_trajectory
LA_E_1036763_0041	Boundary	True	False			official_v6_boundary_cpps_invalid_or_incomplete_support
LA_E_1036763_0041	Interior_A	True	False	0.0	5.551115123125783e-13	incomplete_strict_phone_support_for_nine_point_cpps_trajectory
LA_E_1036763_0041	Interior_B	True	True	480.000000000004	479.99999999999744	
LA_E_1036763_0052	Boundary	True	True			
LA_E_1036763_0052	Interior_A	True	True	79.9999999999983	79.99999999999885	
LA_E_1036763_0052	Interior_B	True	False	-80.0000000000054	-79.99999999999774	incomplete_strict_phone_support_for_nine_point_cpps_trajectory
LA_E_1036763_0053	Boundary	True	True			
LA_E_1036763_0053	Interior_A	True	False	-80.0000000000054	-79.99999999999774	incomplete_strict_phone_support_for_nine_point_cpps_trajectory
LA_E_1036763_0053	Interior_B	True	True	79.9999999999983	79.99999999999885	
LA_E_1036763_0056	Boundary	True	False			official_v6_boundary_cpps_invalid_or_incomplete_support
LA_E_1036763_0056	Interior_A	True	False	-159.9999999999966	-160.00000000001023	incomplete_strict_phone_support_for_nine_point_cpps_trajectory
LA_E_1036763_0056	Interior_B	True	True	159.9999999999966	159.99999999999716	
LA_E_1036763_0062	Boundary	True	False			official_v6_boundary_cpps_invalid_or_incomplete_support
LA_E_1036763_0062	Interior_A	True	False	0.0	5.551115123125783e-13	incomplete_strict_phone_support_for_nine_point_cpps_trajectory
LA_E_1036763_0062	Interior_B	True	True	79.9999999999983	80.00000000001306	
LA_E_1036763_0063	Boundary	True	False			official_v6_boundary_cpps_invalid_or_incomplete_support
LA_E_1036763_0063	Interior_A	True	True	79.9999999999983	80.00000000001306	
LA_E_1036763_0063	Interior_B	True	True	560.0000000000023	559.9999999999886	
LA_E_1036763_0064	Boundary	True	True			
LA_E_1036763_0064	Interior_A	True	True	560.0000000000023	559.9999999999886	
LA_E_1036763_0064	Interior_B	True	True	160.0000000000108	159.99999999999716	
LA_E_1036763_0065	Boundary	True	True			
LA_E_1036763_0065	Interior_A	True	True	160.0000000000108	159.99999999999716	
LA_E_1036763_0065	Interior_B	True	False	-159.9999999999966	-160.00000000001023	incomplete_strict_phone_support_for_nine_point_cpps_trajectory
LA_E_1036786_0003	Boundary	True	False			official_v6_boundary_cpps_invalid_or_incomplete_support
LA_E_1036786_0003	Interior_A	True	True	320.0000000000016	320.0000000000004	
LA_E_1036786_0003	Interior_B	True	True	399.9999999999995	400.0	
LA_E_1036786_0004	Boundary	True	True			
LA_E_1036786_0004	Interior_A	True	True	399.9999999999995	400.0	
LA_E_1036786_0004	Interior_B	True	False	-8.881784197001252e-13	1.4432899320127035e-12	incomplete_strict_phone_support_for_nine_point_cpps_trajectory
LA_E_1036786_0008	Boundary	True	True			
LA_E_1036786_0008	Interior_A	True	True	80.00000000000007	79.99999999999885	
LA_E_1036786_0008	Interior_B	True	False	0.0	5.551115123125783e-13	incomplete_strict_phone_support_for_nine_point_cpps_trajectory
LA_E_1036786_0009	Boundary	True	True			
LA_E_1036786_0009	Interior_A	True	False	0.0	5.551115123125783e-13	incomplete_strict_phone_support_for_nine_point_cpps_trajectory
LA_E_1036786_0009	Interior_B	True	False	-80.00000000000185	-79.99999999999952	incomplete_strict_phone_support_for_nine_point_cpps_trajectory
LA_E_1036786_0012	Boundary	True	False			official_v6_boundary_cpps_invalid_or_incomplete_support
LA_E_1036786_0012	Interior_A	True	True	239.99999999999844	240.00000000000077	
LA_E_1036786_0012	Interior_B	True	False	-80.00000000000185	-79.99999999999774	incomplete_strict_phone_support_for_nine_point_cpps_trajectory
LA_E_1036786_0013	Boundary	True	True			
LA_E_1036786_0013	Interior_A	True	False	-80.00000000000185	-79.99999999999774	incomplete_strict_phone_support_for_nine_point_cpps_trajectory
LA_E_1036786_0013	Interior_B	True	False	-80.00000000000185	-80.0000000000013	incomplete_strict_phone_support_for_nine_point_cpps_trajectory
LA_E_1036786_0023	Boundary	True	True			
LA_E_1036786_0023	Interior_A	True	True	80.00000000000185	79.99999999999885	
LA_E_1036786_0023	Interior_B	True	True	799.9999999999972	800.0000000000013	
LA_E_1036786_0026	Boundary	True	True			
LA_E_1036786_0026	Interior_A	True	True	159.9999999999966	160.0000000000007	
LA_E_1036786_0026	Interior_B	True	True	479.9999999999969	480.00000000000455	
LA_E_1036786_0028	Boundary	True	True			
LA_E_1036786_0028	Interior_A	True	False	-80.0000000000054	-79.99999999999774	incomplete_strict_phone_support_for_nine_point_cpps_trajectory
LA_E_1036786_0028	Interior_B	True	False	0.0	5.551115123125783e-13	incomplete_strict_phone_support_for_nine_point_cpps_trajectory
LA_E_1036786_0029	Boundary	True	True			
LA_E_1036786_0029	Interior_A	True	False	0.0	5.551115123125783e-13	incomplete_strict_phone_support_for_nine_point_cpps_trajectory
LA_E_1036786_0029	Interior_B	True	False	-79.9999999999983	-80.00000000000485	incomplete_strict_phone_support_for_nine_point_cpps_trajectory
LA_E_1036786_0030	Boundary	True	True			
LA_E_1036786_0030	Interior_A	True	False	-79.9999999999983	-80.00000000000485	incomplete_strict_phone_support_for_nine_point_cpps_trajectory
LA_E_1036786_0030	Interior_B	True	True	79.9999999999983	80.00000000000595	
LA_E_1036786_0031	Boundary	True	True			
LA_E_1036786_0031	Interior_A	True	True	79.9999999999983	80.00000000000595	
LA_E_1036786_0031	Interior_B	True	False	0.0	-6.5503158452884236e-12	incomplete_strict_phone_support_for_nine_point_cpps_trajectory
LA_E_1036786_0032	Boundary	True	False			official_v6_boundary_cpps_invalid_or_incomplete_support
LA_E_1036786_0032	Interior_A	True	False	0.0	-6.5503158452884236e-12	incomplete_strict_phone_support_for_nine_point_cpps_trajectory
LA_E_1036786_0032	Interior_B	True	True	160.0000000000037	159.99999999999716	
LA_E_1036786_0036	Boundary	True	True			
LA_E_1036786_0036	Interior_A	True	False	-159.9999999999966	-160.00000000000313	incomplete_strict_phone_support_for_nine_point_cpps_trajectory
LA_E_1036786_0036	Interior_B	True	False	0.0	5.551115123125783e-13	incomplete_strict_phone_support_for_nine_point_cpps_trajectory
LA_E_1036786_0037	Boundary	True	True			
LA_E_1036786_0037	Interior_A	True	False	0.0	5.551115123125783e-13	incomplete_strict_phone_support_for_nine_point_cpps_trajectory
LA_E_1036786_0037	Interior_B	True	False	0.0	5.551115123125783e-13	incomplete_strict_phone_support_for_nine_point_cpps_trajectory
LA_E_1036786_0038	Boundary	True	False			official_v6_boundary_cpps_invalid_or_incomplete_support
LA_E_1036786_0038	Interior_A	True	False	0.0	5.551115123125783e-13	incomplete_strict_phone_support_for_nine_point_cpps_trajectory
LA_E_1036786_0038	Interior_B	True	True	399.9999999999986	399.99999999999915	
LA_E_1036786_0039	Boundary	True	False			official_v6_boundary_cpps_invalid_or_incomplete_support
LA_E_1036786_0039	Interior_A	True	True	399.9999999999986	399.99999999999915	
LA_E_1036786_0039	Interior_B	True	False	0.0	5.551115123125783e-13	incomplete_strict_phone_support_for_nine_point_cpps_trajectory
LA_E_1036786_0040	Boundary	True	True			
LA_E_1036786_0040	Interior_A	True	False	0.0	5.551115123125783e-13	incomplete_strict_phone_support_for_nine_point_cpps_trajectory
LA_E_1036786_0040	Interior_B	True	True	239.99999999999488	240.00000000000256	
LA_E_1037559_0004	Boundary	True	True			
LA_E_1037559_0004	Interior_A	True	False	-80.00000000000007	-79.99999999999996	incomplete_strict_phone_support_for_nine_point_cpps_trajectory
LA_E_1037559_0004	Interior_B	True	True	159.9999999999997	160.00000000000026	
LA_E_1037559_0007	Boundary	True	True			
LA_E_1037559_0007	Interior_A	True	False	-8.881784197001252e-13	1.4432899320127035e-12	incomplete_strict_phone_support_for_nine_point_cpps_trajectory
LA_E_1037559_0007	Interior_B	True	False	-80.00000000000007	-79.99999999999952	incomplete_strict_phone_support_for_nine_point_cpps_trajectory
LA_E_1037559_0008	Boundary	True	True			
LA_E_1037559_0008	Interior_A	True	False	-80.00000000000007	-79.99999999999952	incomplete_strict_phone_support_for_nine_point_cpps_trajectory
LA_E_1037559_0008	Interior_B	True	True	80.00000000000007	80.00000000000063	
LA_E_1037559_0009	Boundary	True	False			official_v6_boundary_cpps_invalid_or_incomplete_support
LA_E_1037559_0009	Interior_A	True	True	80.00000000000007	80.00000000000063	
LA_E_1037559_0009	Interior_B	True	True	79.9999999999983	80.00000000000063	
LA_E_1037559_0021	Boundary	True	True			
LA_E_1037559_0021	Interior_A	True	False	-160.0000000000037	-159.99999999999957	incomplete_strict_phone_support_for_nine_point_cpps_trajectory
LA_E_1037559_0021	Interior_B	True	False	-79.9999999999983	-80.0000000000013	incomplete_strict_phone_support_for_nine_point_cpps_trajectory
LA_E_1037559_0025	Boundary	True	False			official_v6_boundary_cpps_invalid_or_incomplete_support
LA_E_1037559_0025	Interior_A	True	False	0.0	-2.9976021664879227e-12	incomplete_strict_phone_support_for_nine_point_cpps_trajectory
LA_E_1037559_0025	Interior_B	True	False	-80.00000000000185	-79.99999999999774	incomplete_strict_phone_support_for_nine_point_cpps_trajectory
LA_E_1037559_0048	Boundary	True	False			official_v6_boundary_cpps_invalid_or_incomplete_support
LA_E_1037559_0048	Interior_A	True	False	-159.9999999999966	-160.00000000000313	incomplete_strict_phone_support_for_nine_point_cpps_trajectory
LA_E_1037559_0048	Interior_B	True	False	0.0	5.551115123125783e-13	incomplete_strict_phone_support_for_nine_point_cpps_trajectory
LA_E_1037559_0049	Boundary	True	False			official_v6_boundary_cpps_invalid_or_incomplete_support
LA_E_1037559_0049	Interior_A	True	False	0.0	5.551115123125783e-13	incomplete_strict_phone_support_for_nine_point_cpps_trajectory
LA_E_1037559_0049	Interior_B	True	True	240.000000000002	239.99999999999545	
LA_E_1037559_0053	Boundary	True	False			official_v6_boundary_cpps_invalid_or_incomplete_support
LA_E_1037559_0053	Interior_A	True	True	79.9999999999983	79.99999999999885	
LA_E_1037559_0053	Interior_B	True	True	79.9999999999983	80.00000000000595	
LA_E_1037559_0054	Boundary	True	True			
LA_E_1037559_0054	Interior_A	True	True	79.9999999999983	80.00000000000595	
LA_E_1037559_0054	Interior_B	True	True	239.99999999999488	240.00000000000256	
LA_E_1037676_0001	Boundary	True	False			official_v6_boundary_cpps_invalid_or_incomplete_support
LA_E_1037676_0001	Interior_A	True	False	-160.00000000000014	-159.99999999999957	incomplete_strict_phone_support_for_nine_point_cpps_trajectory
LA_E_1037676_0001	Interior_B	True	False	-160.00000000000014	-159.99999999999957	incomplete_strict_phone_support_for_nine_point_cpps_trajectory
LA_E_1037676_0003	Boundary	True	True			
LA_E_1037676_0003	Interior_A	True	False	-160.00000000000014	-159.99999999999957	incomplete_strict_phone_support_for_nine_point_cpps_trajectory
LA_E_1037676_0003	Interior_B	True	True	160.00000000000014	159.99999999999892	
LA_E_1037676_0006	Boundary	True	False			official_v6_boundary_cpps_invalid_or_incomplete_support
LA_E_1037676_0006	Interior_A	True	True	240.00000000000023	239.999999999999	
LA_E_1037676_0006	Interior_B	True	False	0.0	-1.2212453270876722e-12	incomplete_strict_phone_support_for_nine_point_cpps_trajectory
LA_E_1037676_0013	Boundary	True	True			
LA_E_1037676_0013	Interior_A	True	False	-80.00000000000185	-80.0000000000013	incomplete_strict_phone_support_for_nine_point_cpps_trajectory
LA_E_1037676_0013	Interior_B	True	False	0.0	5.551115123125783e-13	incomplete_strict_phone_support_for_nine_point_cpps_trajectory
LA_E_1037676_0014	Boundary	True	False			official_v6_boundary_cpps_invalid_or_incomplete_support
LA_E_1037676_0014	Interior_A	True	False	0.0	5.551115123125783e-13	incomplete_strict_phone_support_for_nine_point_cpps_trajectory
LA_E_1037676_0014	Interior_B	True	False	0.0	5.551115123125783e-13	incomplete_strict_phone_support_for_nine_point_cpps_trajectory
LA_E_1037676_0021	Boundary	True	False			official_v6_boundary_cpps_invalid_or_incomplete_support
LA_E_1037676_0021	Interior_A	True	True	320.0000000000003	319.99999999999727	
LA_E_1037676_0021	Interior_B	True	False	-79.9999999999983	-80.0000000000013	incomplete_strict_phone_support_for_nine_point_cpps_trajectory
LA_E_1037676_0022	Boundary	True	False			official_v6_boundary_cpps_invalid_or_incomplete_support
LA_E_1037676_0022	Interior_A	True	False	-79.9999999999983	-80.0000000000013	incomplete_strict_phone_support_for_nine_point_cpps_trajectory
LA_E_1037676_0022	Interior_B	True	True	239.99999999999844	240.00000000000256	
LA_E_1037676_0024	Boundary	True	True			
LA_E_1037676_0024	Interior_A	True	False	-160.0000000000037	-159.99999999999957	incomplete_strict_phone_support_for_nine_point_cpps_trajectory
LA_E_1037676_0024	Interior_B	True	True	400.00000000000216	399.99999999999915	
LA_E_1038782_0003	Boundary	True	False			official_v6_boundary_cpps_invalid_or_incomplete_support
LA_E_1038782_0003	Interior_A	True	False	-80.0000000000003	-79.99999999999996	incomplete_strict_phone_support_for_nine_point_cpps_trajectory
LA_E_1038782_0003	Interior_B	True	False	-80.00000000000007	-79.99999999999996	incomplete_strict_phone_support_for_nine_point_cpps_trajectory
LA_E_1038782_0012	Boundary	True	True			
LA_E_1038782_0012	Interior_A	True	False	-1.7763568394002505e-12	5.551115123125783e-13	incomplete_strict_phone_support_for_nine_point_cpps_trajectory
LA_E_1038782_0012	Interior_B	True	False	-160.00000000000014	-159.99999999999957	incomplete_strict_phone_support_for_nine_point_cpps_trajectory
LA_E_1038782_0015	Boundary	True	False			official_v6_boundary_cpps_invalid_or_incomplete_support
LA_E_1038782_0015	Interior_A	True	False	0.0	5.551115123125783e-13	incomplete_strict_phone_support_for_nine_point_cpps_trajectory
LA_E_1038782_0015	Interior_B	True	True	239.99999999999844	240.00000000000077	
LA_E_1038782_0016	Boundary	True	True			
LA_E_1038782_0016	Interior_A	True	True	239.99999999999844	240.00000000000077	
LA_E_1038782_0016	Interior_B	True	False	0.0	5.551115123125783e-13	incomplete_strict_phone_support_for_nine_point_cpps_trajectory
LA_E_1038782_0017	Boundary	True	False			official_v6_boundary_cpps_invalid_or_incomplete_support
LA_E_1038782_0017	Interior_A	True	False	0.0	5.551115123125783e-13	incomplete_strict_phone_support_for_nine_point_cpps_trajectory
LA_E_1038782_0017	Interior_B	True	True	399.9999999999986	399.99999999999915	
LA_E_1038782_0023	Boundary	True	True			
LA_E_1038782_0023	Interior_A	True	False	-79.9999999999983	-80.0000000000013	incomplete_strict_phone_support_for_nine_point_cpps_trajectory
LA_E_1038782_0023	Interior_B	True	True	480.00000000000045	480.00000000000097	
LA_E_1038782_0024	Boundary	True	True			
LA_E_1038782_0024	Interior_A	True	True	480.00000000000045	480.00000000000097	
LA_E_1038782_0024	Interior_B	True	False	-3.552713678800501e-12	5.551115123125783e-13	incomplete_strict_phone_support_for_nine_point_cpps_trajectory
LA_E_1038782_0025	Boundary	True	True			
LA_E_1038782_0025	Interior_A	True	False	-3.552713678800501e-12	5.551115123125783e-13	incomplete_strict_phone_support_for_nine_point_cpps_trajectory
LA_E_1038782_0025	Interior_B	True	False	0.0	5.551115123125783e-13	incomplete_strict_phone_support_for_nine_point_cpps_trajectory
LA_E_1038782_0026	Boundary	True	False			official_v6_boundary_cpps_invalid_or_incomplete_support
LA_E_1038782_0026	Interior_A	True	False	0.0	5.551115123125783e-13	incomplete_strict_phone_support_for_nine_point_cpps_trajectory
LA_E_1038782_0026	Interior_B	True	True	320.0000000000003	319.99999999999727	
LA_E_1038782_0029	Boundary	True	False			official_v6_boundary_cpps_invalid_or_incomplete_support
LA_E_1038782_0029	Interior_A	True	False	0.0	5.551115123125783e-13	incomplete_strict_phone_support_for_nine_point_cpps_trajectory
LA_E_1038782_0029	Interior_B	True	True	79.9999999999983	79.99999999999885	
LA_E_1038782_0030	Boundary	True	False			official_v6_boundary_cpps_invalid_or_incomplete_support
LA_E_1038782_0030	Interior_A	True	True	79.9999999999983	79.99999999999885	
LA_E_1038782_0030	Interior_B	True	False	0.0	5.551115123125783e-13	incomplete_strict_phone_support_for_nine_point_cpps_trajectory
LA_E_1038782_0035	Boundary	True	False			official_v6_boundary_cpps_invalid_or_incomplete_support
LA_E_1038782_0035	Interior_A	True	True	320.0000000000003	320.00000000000085	
LA_E_1038782_0035	Interior_B	True	False	-160.0000000000037	-160.00000000000313	incomplete_strict_phone_support_for_nine_point_cpps_trajectory
LA_E_1038782_0036	Boundary	True	True			
LA_E_1038782_0036	Interior_A	True	False	-160.0000000000037	-160.00000000000313	incomplete_strict_phone_support_for_nine_point_cpps_trajectory
LA_E_1038782_0036	Interior_B	True	True	240.000000000002	240.00000000000256	
LA_E_1038782_0037	Boundary	True	False			official_v6_boundary_cpps_invalid_or_incomplete_support
LA_E_1038782_0037	Interior_A	True	True	240.000000000002	240.00000000000256	
LA_E_1038782_0037	Interior_B	True	True	79.9999999999983	79.99999999999885	
LA_E_1038782_0038	Boundary	True	False			official_v6_boundary_cpps_invalid_or_incomplete_support
LA_E_1038782_0038	Interior_A	True	True	79.9999999999983	79.99999999999885	
LA_E_1038782_0038	Interior_B	True	True	240.000000000002	239.99999999999545	
LA_E_1039058_0001	Boundary	True	False			official_v6_boundary_cpps_invalid_or_incomplete_support
LA_E_1039058_0001	Interior_A	True	True	1.1102230246251565e-13	1.1102230246251565e-13	
LA_E_1039058_0001	Interior_B	True	False	-160.00000000000014	-160.00000000000003	incomplete_strict_phone_support_for_nine_point_cpps_trajectory
LA_E_1039058_0002	Boundary	True	False			official_v6_boundary_cpps_invalid_or_incomplete_support
LA_E_1039058_0002	Interior_A	True	False	-160.00000000000014	-160.00000000000003	incomplete_strict_phone_support_for_nine_point_cpps_trajectory
LA_E_1039058_0002	Interior_B	True	False	-80.00000000000051	-79.99999999999952	incomplete_strict_phone_support_for_nine_point_cpps_trajectory
LA_E_1039058_0012	Boundary	True	False			official_v6_boundary_cpps_invalid_or_incomplete_support
LA_E_1039058_0012	Interior_A	True	True	320.0000000000003	319.9999999999991	
LA_E_1039058_0012	Interior_B	True	True	240.00000000000023	239.999999999999	
LA_E_1039058_0015	Boundary	True	True			
LA_E_1039058_0015	Interior_A	True	False	-160.00000000000014	-159.99999999999957	incomplete_strict_phone_support_for_nine_point_cpps_trajectory
LA_E_1039058_0015	Interior_B	True	False	-80.00000000000185	-80.0000000000013	incomplete_strict_phone_support_for_nine_point_cpps_trajectory
LA_E_1039058_0016	Boundary	True	True			
LA_E_1039058_0016	Interior_A	True	False	-80.00000000000185	-80.0000000000013	incomplete_strict_phone_support_for_nine_point_cpps_trajectory
LA_E_1039058_0016	Interior_B	True	False	-160.00000000000014	-159.99999999999957	incomplete_strict_phone_support_for_nine_point_cpps_trajectory
LA_E_1042300_0000	Boundary	True	True			
LA_E_1042300_0000	Interior_A	True	False	0.0	0.0	incomplete_strict_phone_support_for_nine_point_cpps_trajectory
LA_E_1042300_0000	Interior_B	True	False	-80.00000000000162	-79.99999999999974	incomplete_strict_phone_support_for_nine_point_cpps_trajectory
LA_E_1042300_0001	Boundary	True	True			
LA_E_1042300_0001	Interior_A	True	False	-79.99999999999984	-80.00000000000018	incomplete_strict_phone_support_for_nine_point_cpps_trajectory
LA_E_1042300_0001	Interior_B	True	True	80.00000000000007	79.99999999999974	
LA_E_1042300_0006	Boundary	True	False			official_v6_boundary_cpps_invalid_or_incomplete_support
LA_E_1042300_0006	Interior_A	True	False	-160.00000000000014	-159.99999999999957	incomplete_strict_phone_support_for_nine_point_cpps_trajectory
LA_E_1042300_0006	Interior_B	True	True	160.00000000000014	159.99999999999892	
LA_E_1042300_0007	Boundary	True	False			official_v6_boundary_cpps_invalid_or_incomplete_support
LA_E_1042300_0007	Interior_A	True	True	160.00000000000014	159.99999999999892	
LA_E_1042300_0007	Interior_B	True	False	-160.00000000000014	-159.99999999999957	incomplete_strict_phone_support_for_nine_point_cpps_trajectory
LA_E_1042300_0009	Boundary	True	True			
LA_E_1042300_0009	Interior_A	True	False	-160.00000000000193	-159.99999999999957	incomplete_strict_phone_support_for_nine_point_cpps_trajectory
LA_E_1042300_0009	Interior_B	True	True	160.00000000000014	159.99999999999892	
LA_E_1042300_0010	Boundary	True	True			
LA_E_1042300_0010	Interior_A	True	True	160.00000000000014	159.99999999999892	
LA_E_1042300_0010	Interior_B	True	False	0.0	5.551115123125783e-13	incomplete_strict_phone_support_for_nine_point_cpps_trajectory
LA_E_1042300_0011	Boundary	True	False			official_v6_boundary_cpps_invalid_or_incomplete_support
LA_E_1042300_0011	Interior_A	True	False	0.0	5.551115123125783e-13	incomplete_strict_phone_support_for_nine_point_cpps_trajectory
LA_E_1042300_0011	Interior_B	True	True	79.9999999999983	80.00000000000063	
LA_E_1042300_0012	Boundary	True	False			official_v6_boundary_cpps_invalid_or_incomplete_support
LA_E_1042300_0012	Interior_A	True	True	79.9999999999983	80.00000000000063	
LA_E_1042300_0012	Interior_B	True	False	-160.00000000000014	-159.99999999999957	incomplete_strict_phone_support_for_nine_point_cpps_trajectory
LA_E_1042300_0015	Boundary	True	False			official_v6_boundary_cpps_invalid_or_incomplete_support
LA_E_1042300_0015	Interior_A	True	True	79.9999999999983	79.99999999999885	
LA_E_1042300_0015	Interior_B	True	True	80.00000000000185	79.99999999999885	
LA_E_1042300_0020	Boundary	True	False			official_v6_boundary_cpps_invalid_or_incomplete_support
LA_E_1042300_0020	Interior_A	True	True	80.00000000000185	79.99999999999885	
LA_E_1042300_0020	Interior_B	True	False	-79.9999999999983	-80.0000000000013	incomplete_strict_phone_support_for_nine_point_cpps_trajectory
LA_E_1042300_0021	Boundary	True	False			official_v6_boundary_cpps_invalid_or_incomplete_support
LA_E_1042300_0021	Interior_A	True	False	-79.9999999999983	-80.0000000000013	incomplete_strict_phone_support_for_nine_point_cpps_trajectory
LA_E_1042300_0021	Interior_B	True	True	319.9999999999967	320.00000000000085	
LA_E_1042300_0022	Boundary	True	True			
LA_E_1042300_0022	Interior_A	True	True	319.9999999999967	320.00000000000085	
LA_E_1042300_0022	Interior_B	True	True	799.9999999999972	800.0000000000013	
LA_E_1042300_0023	Boundary	True	False			official_v6_boundary_cpps_invalid_or_incomplete_support
LA_E_1042300_0023	Interior_A	True	True	799.9999999999972	800.0000000000013	
LA_E_1042300_0023	Interior_B	True	False	0.0	5.551115123125783e-13	incomplete_strict_phone_support_for_nine_point_cpps_trajectory
LA_E_1042300_0026	Boundary	True	True			
LA_E_1042300_0026	Interior_A	True	True	79.9999999999983	79.99999999999885	
LA_E_1042300_0026	Interior_B	True	False	-79.9999999999983	-79.99999999999774	incomplete_strict_phone_support_for_nine_point_cpps_trajectory
LA_E_1042300_0027	Boundary	True	True			
LA_E_1042300_0027	Interior_A	True	False	-79.9999999999983	-79.99999999999774	incomplete_strict_phone_support_for_nine_point_cpps_trajectory
LA_E_1042300_0027	Interior_B	True	False	-160.0000000000037	-159.99999999999602	incomplete_strict_phone_support_for_nine_point_cpps_trajectory
LA_E_1042300_0028	Boundary	True	True			
LA_E_1042300_0028	Interior_A	True	False	-160.0000000000037	-159.99999999999602	incomplete_strict_phone_support_for_nine_point_cpps_trajectory
LA_E_1042300_0028	Interior_B	True	True	479.9999999999969	479.99999999999744	
LA_E_1042300_0032	Boundary	True	False			official_v6_boundary_cpps_invalid_or_incomplete_support
LA_E_1042300_0032	Interior_A	True	False	-159.9999999999966	-160.00000000000313	incomplete_strict_phone_support_for_nine_point_cpps_trajectory
LA_E_1042300_0032	Interior_B	True	False	-79.9999999999983	-80.00000000000485	incomplete_strict_phone_support_for_nine_point_cpps_trajectory
LA_E_1042300_0037	Boundary	True	True			
LA_E_1042300_0037	Interior_A	True	False	-79.9999999999983	-80.00000000000485	incomplete_strict_phone_support_for_nine_point_cpps_trajectory
LA_E_1042300_0037	Interior_B	True	False	-79.9999999999983	-79.99999999999774	incomplete_strict_phone_support_for_nine_point_cpps_trajectory
LA_E_1042300_0038	Boundary	True	True			
LA_E_1042300_0038	Interior_A	True	False	-79.9999999999983	-79.99999999999774	incomplete_strict_phone_support_for_nine_point_cpps_trajectory
LA_E_1042300_0038	Interior_B	True	False	0.0	5.551115123125783e-13	incomplete_strict_phone_support_for_nine_point_cpps_trajectory
LA_E_1042300_0039	Boundary	True	True			
LA_E_1042300_0039	Interior_A	True	False	0.0	5.551115123125783e-13	incomplete_strict_phone_support_for_nine_point_cpps_trajectory
LA_E_1042300_0039	Interior_B	True	False	-160.0000000000037	-159.99999999999602	incomplete_strict_phone_support_for_nine_point_cpps_trajectory
LA_E_1042300_0044	Boundary	True	True			
LA_E_1042300_0044	Interior_A	True	True	80.0000000000054	79.99999999999885	
LA_E_1042300_0044	Interior_B	True	True	239.99999999999488	240.00000000000256	
LA_E_1042300_0052	Boundary	True	False			official_v6_boundary_cpps_invalid_or_incomplete_support
LA_E_1042300_0052	Interior_A	True	True	399.9999999999986	399.99999999999915	
LA_E_1042300_0052	Interior_B	True	True	640.0000000000006	640.0000000000011	
LA_E_1042300_0053	Boundary	True	True			
LA_E_1042300_0053	Interior_A	True	True	640.0000000000006	640.0000000000011	
LA_E_1042300_0053	Interior_B	True	True	320.0000000000003	319.99999999999375	
LA_E_1043874_0000	Boundary	True	True			
LA_E_1043874_0000	Interior_A	True	False	-4.440892098500626e-13	1.1102230246251565e-13	incomplete_strict_phone_support_for_nine_point_cpps_trajectory
LA_E_1043874_0000	Interior_B	True	False	-80.00000000000051	-79.99999999999952	incomplete_strict_phone_support_for_nine_point_cpps_trajectory
LA_E_1043874_0001	Boundary	True	False			official_v6_boundary_cpps_invalid_or_incomplete_support
LA_E_1043874_0001	Interior_A	True	False	-80.00000000000051	-79.99999999999952	incomplete_strict_phone_support_for_nine_point_cpps_trajectory
LA_E_1043874_0001	Interior_B	True	False	0.0	5.551115123125783e-13	incomplete_strict_phone_support_for_nine_point_cpps_trajectory
LA_E_1043874_0002	Boundary	True	False			official_v6_boundary_cpps_invalid_or_incomplete_support
LA_E_1043874_0002	Interior_A	True	False	0.0	5.551115123125783e-13	incomplete_strict_phone_support_for_nine_point_cpps_trajectory
LA_E_1043874_0002	Interior_B	True	True	80.00000000000007	79.99999999999974	
LA_E_1043874_0003	Boundary	True	False			official_v6_boundary_cpps_invalid_or_incomplete_support
LA_E_1043874_0003	Interior_A	True	True	80.00000000000007	79.99999999999974	
LA_E_1043874_0003	Interior_B	True	False	-79.99999999999918	-79.99999999999952	incomplete_strict_phone_support_for_nine_point_cpps_trajectory
LA_E_1043874_0004	Boundary	True	True			
LA_E_1043874_0004	Interior_A	True	False	-79.99999999999918	-79.99999999999952	incomplete_strict_phone_support_for_nine_point_cpps_trajectory
LA_E_1043874_0004	Interior_B	True	False	-160.00000000000014	-160.00000000000136	incomplete_strict_phone_support_for_nine_point_cpps_trajectory
LA_E_1043874_0006	Boundary	True	True			
LA_E_1043874_0006	Interior_A	True	True	560.0000000000005	559.9999999999993	
LA_E_1043874_0006	Interior_B	True	False	0.0	-1.2212453270876722e-12	incomplete_strict_phone_support_for_nine_point_cpps_trajectory
LA_E_1043874_0007	Boundary	True	False			official_v6_boundary_cpps_invalid_or_incomplete_support
LA_E_1043874_0007	Interior_A	True	False	0.0	-1.2212453270876722e-12	incomplete_strict_phone_support_for_nine_point_cpps_trajectory
LA_E_1043874_0007	Interior_B	True	True	159.99999999999835	160.0000000000007	
LA_E_1043874_0008	Boundary	True	False			official_v6_boundary_cpps_invalid_or_incomplete_support
LA_E_1043874_0008	Interior_A	True	True	159.99999999999835	160.0000000000007	
LA_E_1043874_0008	Interior_B	True	True	80.00000000000007	80.00000000000063	
LA_E_1043874_0019	Boundary	True	True			
LA_E_1043874_0019	Interior_A	True	True	160.00000000000014	160.0000000000007	
LA_E_1043874_0019	Interior_B	True	False	0.0	5.551115123125783e-13	incomplete_strict_phone_support_for_nine_point_cpps_trajectory
LA_E_1043874_0020	Boundary	True	True			
LA_E_1043874_0020	Interior_A	True	False	0.0	5.551115123125783e-13	incomplete_strict_phone_support_for_nine_point_cpps_trajectory
LA_E_1043874_0020	Interior_B	True	False	-80.00000000000185	-80.0000000000013	incomplete_strict_phone_support_for_nine_point_cpps_trajectory
LA_E_1043874_0031	Boundary	True	False			official_v6_boundary_cpps_invalid_or_incomplete_support
LA_E_1043874_0031	Interior_A	True	True	79.9999999999983	80.00000000000595	
LA_E_1043874_0031	Interior_B	True	True	159.9999999999966	159.99999999999716	
LA_E_1043874_0032	Boundary	True	True			
LA_E_1043874_0032	Interior_A	True	True	159.9999999999966	159.99999999999716	
LA_E_1043874_0032	Interior_B	True	False	0.0	5.551115123125783e-13	incomplete_strict_phone_support_for_nine_point_cpps_trajectory
LA_E_1043874_0033	Boundary	True	True			
LA_E_1043874_0033	Interior_A	True	False	0.0	5.551115123125783e-13	incomplete_strict_phone_support_for_nine_point_cpps_trajectory
LA_E_1043874_0033	Interior_B	True	False	-159.9999999999966	-160.00000000000313	incomplete_strict_phone_support_for_nine_point_cpps_trajectory
LA_E_1043874_0034	Boundary	True	True			
LA_E_1043874_0034	Interior_A	True	False	-159.9999999999966	-160.00000000000313	incomplete_strict_phone_support_for_nine_point_cpps_trajectory
LA_E_1043874_0034	Interior_B	True	True	159.9999999999966	160.00000000000426	
LA_E_1043874_0052	Boundary	True	False			official_v6_boundary_cpps_invalid_or_incomplete_support
LA_E_1043874_0052	Interior_A	True	True	79.9999999999983	80.00000000000595	
LA_E_1043874_0052	Interior_B	True	False	-79.9999999999983	-80.00000000001195	incomplete_strict_phone_support_for_nine_point_cpps_trajectory
LA_E_1043874_0053	Boundary	True	False			official_v6_boundary_cpps_invalid_or_incomplete_support
LA_E_1043874_0053	Interior_A	True	False	-79.9999999999983	-80.00000000001195	incomplete_strict_phone_support_for_nine_point_cpps_trajectory
LA_E_1043874_0053	Interior_B	True	False	-159.9999999999966	-159.99999999999602	incomplete_strict_phone_support_for_nine_point_cpps_trajectory
LA_E_1043874_0054	Boundary	True	False			official_v6_boundary_cpps_invalid_or_incomplete_support
LA_E_1043874_0054	Interior_A	True	False	-159.9999999999966	-159.99999999999602	incomplete_strict_phone_support_for_nine_point_cpps_trajectory
LA_E_1043874_0054	Interior_B	True	False	0.0	5.551115123125783e-13	incomplete_strict_phone_support_for_nine_point_cpps_trajectory
LA_E_1043874_0057	Boundary	True	False			official_v6_boundary_cpps_invalid_or_incomplete_support
LA_E_1043874_0057	Interior_A	True	True	240.0000000000091	239.99999999999545	
LA_E_1043874_0057	Interior_B	True	False	-160.0000000000108	-159.99999999999602	incomplete_strict_phone_support_for_nine_point_cpps_trajectory
LA_E_1043874_0058	Boundary	True	True			
LA_E_1043874_0058	Interior_A	True	False	-160.0000000000108	-159.99999999999602	incomplete_strict_phone_support_for_nine_point_cpps_trajectory
LA_E_1043874_0058	Interior_B	True	False	0.0	5.551115123125783e-13	incomplete_strict_phone_support_for_nine_point_cpps_trajectory
LA_E_1043874_0059	Boundary	True	False			official_v6_boundary_cpps_invalid_or_incomplete_support
LA_E_1043874_0059	Interior_A	True	False	0.0	5.551115123125783e-13	incomplete_strict_phone_support_for_nine_point_cpps_trajectory
LA_E_1043874_0059	Interior_B	True	False	-79.9999999999983	-79.99999999999774	incomplete_strict_phone_support_for_nine_point_cpps_trajectory
LA_E_1043874_0064	Boundary	True	False			official_v6_boundary_cpps_invalid_or_incomplete_support
LA_E_1043874_0064	Interior_A	True	True	160.0000000000108	159.99999999999716	
LA_E_1043874_0064	Interior_B	True	False	-159.9999999999966	-160.00000000001023	incomplete_strict_phone_support_for_nine_point_cpps_trajectory
LA_E_1043874_0067	Boundary	True	False			official_v6_boundary_cpps_invalid_or_incomplete_support
LA_E_1043874_0067	Interior_A	True	False	-159.9999999999966	-159.99999999999602	incomplete_strict_phone_support_for_nine_point_cpps_trajectory
LA_E_1043874_0067	Interior_B	True	True	79.9999999999983	79.99999999999885	
LA_E_1043874_0068	Boundary	True	False			official_v6_boundary_cpps_invalid_or_incomplete_support
LA_E_1043874_0068	Interior_A	True	True	79.9999999999983	79.99999999999885	
LA_E_1043874_0068	Interior_B	True	True	159.9999999999966	159.99999999999716	
LA_E_1043874_0069	Boundary	True	True			
LA_E_1043874_0069	Interior_A	True	True	159.9999999999966	159.99999999999716	
LA_E_1043874_0069	Interior_B	True	True	319.9999999999932	320.00000000000796	
LA_E_1047426_0008	Boundary	True	True			
LA_E_1047426_0008	Interior_A	True	True	239.99999999999932	240.00000000000077	
LA_E_1047426_0008	Interior_B	True	False	-80.00000000000007	-79.99999999999952	incomplete_strict_phone_support_for_nine_point_cpps_trajectory
LA_E_1047426_0015	Boundary	True	True			
LA_E_1047426_0015	Interior_A	True	False	-160.00000000000014	-159.99999999999957	incomplete_strict_phone_support_for_nine_point_cpps_trajectory
LA_E_1047426_0015	Interior_B	True	False	-160.00000000000014	-159.99999999999957	incomplete_strict_phone_support_for_nine_point_cpps_trajectory
LA_E_1047426_0016	Boundary	True	True			
LA_E_1047426_0016	Interior_A	True	False	-160.00000000000014	-159.99999999999957	incomplete_strict_phone_support_for_nine_point_cpps_trajectory
LA_E_1047426_0016	Interior_B	True	False	0.0	-2.9976021664879227e-12	incomplete_strict_phone_support_for_nine_point_cpps_trajectory
LA_E_1047426_0017	Boundary	True	False			official_v6_boundary_cpps_invalid_or_incomplete_support
LA_E_1047426_0017	Interior_A	True	False	0.0	-2.9976021664879227e-12	incomplete_strict_phone_support_for_nine_point_cpps_trajectory
LA_E_1047426_0017	Interior_B	True	False	-80.00000000000185	-79.99999999999774	incomplete_strict_phone_support_for_nine_point_cpps_trajectory
LA_E_1047426_0018	Boundary	True	False			official_v6_boundary_cpps_invalid_or_incomplete_support
LA_E_1047426_0018	Interior_A	True	False	-80.00000000000185	-79.99999999999774	incomplete_strict_phone_support_for_nine_point_cpps_trajectory
LA_E_1047426_0018	Interior_B	True	False	-160.00000000000014	-159.99999999999957	incomplete_strict_phone_support_for_nine_point_cpps_trajectory
LA_E_1047426_0021	Boundary	True	True			
LA_E_1047426_0021	Interior_A	True	False	-80.00000000000185	-80.0000000000013	incomplete_strict_phone_support_for_nine_point_cpps_trajectory
LA_E_1047426_0021	Interior_B	True	False	0.0	5.551115123125783e-13	incomplete_strict_phone_support_for_nine_point_cpps_trajectory
LA_E_1047426_0022	Boundary	True	True			
LA_E_1047426_0022	Interior_A	True	False	0.0	5.551115123125783e-13	incomplete_strict_phone_support_for_nine_point_cpps_trajectory
LA_E_1047426_0022	Interior_B	True	False	-80.00000000000185	-79.99999999999774	incomplete_strict_phone_support_for_nine_point_cpps_trajectory
LA_E_1047426_0023	Boundary	True	False			official_v6_boundary_cpps_invalid_or_incomplete_support
LA_E_1047426_0023	Interior_A	True	False	-80.00000000000185	-79.99999999999774	incomplete_strict_phone_support_for_nine_point_cpps_trajectory
LA_E_1047426_0023	Interior_B	True	True	79.9999999999983	79.99999999999885	
LA_E_1047426_0024	Boundary	True	False			official_v6_boundary_cpps_invalid_or_incomplete_support
LA_E_1047426_0024	Interior_A	True	True	79.9999999999983	79.99999999999885	
LA_E_1047426_0024	Interior_B	True	False	0.0	5.551115123125783e-13	incomplete_strict_phone_support_for_nine_point_cpps_trajectory
LA_E_1047426_0030	Boundary	True	True			
LA_E_1047426_0030	Interior_A	True	False	-160.00000000000014	-159.99999999999957	incomplete_strict_phone_support_for_nine_point_cpps_trajectory
LA_E_1047426_0030	Interior_B	True	False	-160.00000000000014	-159.99999999999957	incomplete_strict_phone_support_for_nine_point_cpps_trajectory
LA_E_1047426_0031	Boundary	True	True			
LA_E_1047426_0031	Interior_A	True	False	-160.00000000000014	-159.99999999999957	incomplete_strict_phone_support_for_nine_point_cpps_trajectory
LA_E_1047426_0031	Interior_B	True	True	79.9999999999983	79.99999999999885	
LA_E_1047426_0032	Boundary	True	True			
LA_E_1047426_0032	Interior_A	True	True	79.9999999999983	79.99999999999885	
LA_E_1047426_0032	Interior_B	True	True	160.0000000000037	159.99999999999716	
LA_E_1047426_0033	Boundary	True	False			official_v6_boundary_cpps_invalid_or_incomplete_support
LA_E_1047426_0033	Interior_A	True	True	160.0000000000037	159.99999999999716	
LA_E_1047426_0033	Interior_B	True	False	0.0	5.551115123125783e-13	incomplete_strict_phone_support_for_nine_point_cpps_trajectory
LA_E_1047426_0034	Boundary	True	False			official_v6_boundary_cpps_invalid_or_incomplete_support
LA_E_1047426_0034	Interior_A	True	False	0.0	5.551115123125783e-13	incomplete_strict_phone_support_for_nine_point_cpps_trajectory
LA_E_1047426_0034	Interior_B	True	True	159.9999999999966	160.00000000000426	
LA_E_1047426_0035	Boundary	True	True			
LA_E_1047426_0035	Interior_A	True	True	159.9999999999966	160.00000000000426	
LA_E_1047426_0035	Interior_B	True	True	399.9999999999986	399.99999999999915	
LA_E_1047426_0036	Boundary	True	True			
LA_E_1047426_0036	Interior_A	True	True	399.9999999999986	399.99999999999915	
LA_E_1047426_0036	Interior_B	True	True	320.0000000000003	320.00000000000085	
LA_E_1047426_0045	Boundary	True	False			official_v6_boundary_cpps_invalid_or_incomplete_support
LA_E_1047426_0045	Interior_A	True	True	159.9999999999966	160.00000000000426	
LA_E_1047426_0045	Interior_B	True	True	79.9999999999983	79.99999999999885	
LA_E_1047426_0046	Boundary	True	False			official_v6_boundary_cpps_invalid_or_incomplete_support
LA_E_1047426_0046	Interior_A	True	True	79.9999999999983	79.99999999999885	
LA_E_1047426_0046	Interior_B	True	True	320.0000000000003	320.00000000000085	
LA_E_1048571_0003	Boundary	True	False			official_v6_boundary_cpps_invalid_or_incomplete_support
LA_E_1048571_0003	Interior_A	True	False	-80.00000000000007	-79.99999999999996	incomplete_strict_phone_support_for_nine_point_cpps_trajectory
LA_E_1048571_0003	Interior_B	True	True	239.99999999999932	240.00000000000077	
LA_E_1048571_0004	Boundary	True	True			
LA_E_1048571_0004	Interior_A	True	True	239.99999999999932	240.00000000000077	
LA_E_1048571_0004	Interior_B	True	False	0.0	-3.3306690738754696e-13	incomplete_strict_phone_support_for_nine_point_cpps_trajectory
LA_E_1048571_0012	Boundary	True	False			official_v6_boundary_cpps_invalid_or_incomplete_support
LA_E_1048571_0012	Interior_A	True	False	-80.00000000000007	-80.0000000000013	incomplete_strict_phone_support_for_nine_point_cpps_trajectory
LA_E_1048571_0012	Interior_B	True	False	-80.00000000000007	-79.99999999999952	incomplete_strict_phone_support_for_nine_point_cpps_trajectory
LA_E_1048571_0013	Boundary	True	False			official_v6_boundary_cpps_invalid_or_incomplete_support
LA_E_1048571_0013	Interior_A	True	False	-80.00000000000007	-79.99999999999952	incomplete_strict_phone_support_for_nine_point_cpps_trajectory
LA_E_1048571_0013	Interior_B	True	False	-80.00000000000185	-79.99999999999774	incomplete_strict_phone_support_for_nine_point_cpps_trajectory
LA_E_1048571_0014	Boundary	True	True			
LA_E_1048571_0014	Interior_A	True	False	-80.00000000000185	-79.99999999999774	incomplete_strict_phone_support_for_nine_point_cpps_trajectory
LA_E_1048571_0014	Interior_B	True	False	-80.00000000000185	-80.0000000000013	incomplete_strict_phone_support_for_nine_point_cpps_trajectory
LA_E_1048571_0015	Boundary	True	True			
LA_E_1048571_0015	Interior_A	True	False	-80.00000000000185	-80.0000000000013	incomplete_strict_phone_support_for_nine_point_cpps_trajectory
LA_E_1048571_0015	Interior_B	True	False	-79.9999999999983	-80.0000000000013	incomplete_strict_phone_support_for_nine_point_cpps_trajectory
LA_E_1048571_0016	Boundary	True	True			
LA_E_1048571_0016	Interior_A	True	False	-79.9999999999983	-80.0000000000013	incomplete_strict_phone_support_for_nine_point_cpps_trajectory
LA_E_1048571_0016	Interior_B	True	False	-80.00000000000185	-79.99999999999774	incomplete_strict_phone_support_for_nine_point_cpps_trajectory
LA_E_1048571_0017	Boundary	True	True			
LA_E_1048571_0017	Interior_A	True	False	-80.00000000000185	-79.99999999999774	incomplete_strict_phone_support_for_nine_point_cpps_trajectory
LA_E_1048571_0017	Interior_B	True	False	-160.00000000000014	-159.99999999999957	incomplete_strict_phone_support_for_nine_point_cpps_trajectory
LA_E_1048571_0019	Boundary	True	True			
LA_E_1048571_0019	Interior_A	True	False	-160.0000000000037	-159.99999999999957	incomplete_strict_phone_support_for_nine_point_cpps_trajectory
LA_E_1048571_0019	Interior_B	True	True	640.0000000000006	640.0000000000011	
LA_E_1048766_0002	Boundary	True	True			
LA_E_1048766_0002	Interior_A	True	False	-160.00000000000014	-160.00000000000003	incomplete_strict_phone_support_for_nine_point_cpps_trajectory
LA_E_1048766_0002	Interior_B	True	True	159.9999999999997	160.00000000000026	
LA_E_1048766_0003	Boundary	True	False			official_v6_boundary_cpps_invalid_or_incomplete_support
LA_E_1048766_0003	Interior_A	True	True	159.9999999999997	160.00000000000026	
LA_E_1048766_0003	Interior_B	True	False	-80.00000000000007	-79.99999999999952	incomplete_strict_phone_support_for_nine_point_cpps_trajectory
LA_E_1048766_0007	Boundary	True	False			official_v6_boundary_cpps_invalid_or_incomplete_support
LA_E_1048766_0007	Interior_A	True	False	-160.00000000000102	-159.9999999999987	incomplete_strict_phone_support_for_nine_point_cpps_trajectory
LA_E_1048766_0007	Interior_B	True	False	-79.99999999999918	-79.99999999999952	incomplete_strict_phone_support_for_nine_point_cpps_trajectory
LA_E_1048766_0008	Boundary	True	False			official_v6_boundary_cpps_invalid_or_incomplete_support
LA_E_1048766_0008	Interior_A	True	False	-79.99999999999918	-79.99999999999952	incomplete_strict_phone_support_for_nine_point_cpps_trajectory
LA_E_1048766_0008	Interior_B	True	True	79.9999999999983	80.00000000000063	
LA_E_1048766_0015	Boundary	True	False			official_v6_boundary_cpps_invalid_or_incomplete_support
LA_E_1048766_0015	Interior_A	True	False	-160.00000000000014	-159.99999999999957	incomplete_strict_phone_support_for_nine_point_cpps_trajectory
LA_E_1048766_0015	Interior_B	True	True	319.9999999999985	320.00000000000085	
LA_E_1048766_0016	Boundary	True	True			
LA_E_1048766_0016	Interior_A	True	True	319.9999999999985	320.00000000000085	
LA_E_1048766_0016	Interior_B	True	True	239.99999999999844	239.999999999999	
LA_E_1048766_0018	Boundary	True	True			
LA_E_1048766_0018	Interior_A	True	False	0.0	5.551115123125783e-13	incomplete_strict_phone_support_for_nine_point_cpps_trajectory
LA_E_1048766_0018	Interior_B	True	False	0.0	5.551115123125783e-13	incomplete_strict_phone_support_for_nine_point_cpps_trajectory
LA_E_1048766_0019	Boundary	True	False			official_v6_boundary_cpps_invalid_or_incomplete_support
LA_E_1048766_0019	Interior_A	True	False	0.0	5.551115123125783e-13	incomplete_strict_phone_support_for_nine_point_cpps_trajectory
LA_E_1048766_0019	Interior_B	True	False	-80.00000000000185	-80.0000000000013	incomplete_strict_phone_support_for_nine_point_cpps_trajectory
LA_E_1048766_0022	Boundary	True	True			
LA_E_1048766_0022	Interior_A	True	False	-160.00000000000014	-159.99999999999957	incomplete_strict_phone_support_for_nine_point_cpps_trajectory
LA_E_1048766_0022	Interior_B	True	False	0.0	5.551115123125783e-13	incomplete_strict_phone_support_for_nine_point_cpps_trajectory
LA_E_1048766_0031	Boundary	True	True			
LA_E_1048766_0031	Interior_A	True	False	-160.0000000000037	-159.99999999999602	incomplete_strict_phone_support_for_nine_point_cpps_trajectory
LA_E_1048766_0031	Interior_B	True	True	239.99999999999488	240.00000000000256	
LA_E_1048766_0032	Boundary	True	False			official_v6_boundary_cpps_invalid_or_incomplete_support
LA_E_1048766_0032	Interior_A	True	True	239.99999999999488	240.00000000000256	
LA_E_1048766_0032	Interior_B	True	False	0.0	5.551115123125783e-13	incomplete_strict_phone_support_for_nine_point_cpps_trajectory
LA_E_1048766_0035	Boundary	True	True			
LA_E_1048766_0035	Interior_A	True	False	0.0	5.551115123125783e-13	incomplete_strict_phone_support_for_nine_point_cpps_trajectory
LA_E_1048766_0035	Interior_B	True	False	-79.9999999999983	-79.99999999999774	incomplete_strict_phone_support_for_nine_point_cpps_trajectory
LA_E_1048766_0036	Boundary	True	True			
LA_E_1048766_0036	Interior_A	True	False	-79.9999999999983	-79.99999999999774	incomplete_strict_phone_support_for_nine_point_cpps_trajectory
LA_E_1048766_0036	Interior_B	True	False	-80.0000000000054	-79.99999999999774	incomplete_strict_phone_support_for_nine_point_cpps_trajectory
LA_E_1048766_0041	Boundary	True	False			official_v6_boundary_cpps_invalid_or_incomplete_support
LA_E_1048766_0041	Interior_A	True	False	0.0	5.551115123125783e-13	incomplete_strict_phone_support_for_nine_point_cpps_trajectory
LA_E_1048766_0041	Interior_B	True	True	719.9999999999989	719.9999999999994	
LA_E_1052171_0001	Boundary	True	False			official_v6_boundary_cpps_invalid_or_incomplete_support
LA_E_1052171_0001	Interior_A	True	False	-159.99999999999991	-159.9999999999998	incomplete_strict_phone_support_for_nine_point_cpps_trajectory
LA_E_1052171_0001	Interior_B	True	True	159.9999999999997	159.9999999999998	
LA_E_1052171_0002	Boundary	True	False			official_v6_boundary_cpps_invalid_or_incomplete_support
LA_E_1052171_0002	Interior_A	True	True	159.9999999999997	159.9999999999998	
LA_E_1052171_0002	Interior_B	True	False	-79.99999999999963	-80.0000000000004	incomplete_strict_phone_support_for_nine_point_cpps_trajectory
LA_E_1052171_0007	Boundary	True	True			
LA_E_1052171_0007	Interior_A	True	False	-79.99999999999918	-79.99999999999952	incomplete_strict_phone_support_for_nine_point_cpps_trajectory
LA_E_1052171_0007	Interior_B	True	False	-80.00000000000185	-79.99999999999952	incomplete_strict_phone_support_for_nine_point_cpps_trajectory
LA_E_1052171_0008	Boundary	True	True			
LA_E_1052171_0008	Interior_A	True	False	-80.00000000000185	-79.99999999999952	incomplete_strict_phone_support_for_nine_point_cpps_trajectory
LA_E_1052171_0008	Interior_B	True	True	560.0000000000005	559.9999999999993	
LA_E_1052171_0009	Boundary	True	True			
LA_E_1052171_0009	Interior_A	True	True	560.0000000000005	559.9999999999993	
LA_E_1052171_0009	Interior_B	True	False	-160.00000000000014	-160.00000000000136	incomplete_strict_phone_support_for_nine_point_cpps_trajectory
LA_E_1052171_0012	Boundary	True	False			official_v6_boundary_cpps_invalid_or_incomplete_support
LA_E_1052171_0012	Interior_A	True	True	80.00000000000007	79.99999999999885	
LA_E_1052171_0012	Interior_B	True	False	0.0	5.551115123125783e-13	incomplete_strict_phone_support_for_nine_point_cpps_trajectory
LA_E_1052171_0015	Boundary	True	False			official_v6_boundary_cpps_invalid_or_incomplete_support
LA_E_1052171_0015	Interior_A	True	True	479.9999999999969	480.00000000000097	
LA_E_1052171_0015	Interior_B	True	True	1280.0000000000011	1279.999999999998	
LA_E_1053042_0001	Boundary	True	True			
LA_E_1053042_0001	Interior_A	True	False	-159.99999999999991	-159.9999999999998	incomplete_strict_phone_support_for_nine_point_cpps_trajectory
LA_E_1053042_0001	Interior_B	True	True	239.99999999999977	239.9999999999999	
LA_E_1053042_0002	Boundary	True	True			
LA_E_1053042_0002	Interior_A	True	True	239.99999999999977	239.9999999999999	
LA_E_1053042_0002	Interior_B	True	False	-4.440892098500626e-13	5.551115123125783e-13	incomplete_strict_phone_support_for_nine_point_cpps_trajectory
LA_E_1053042_0006	Boundary	True	True			
LA_E_1053042_0006	Interior_A	True	False	-80.00000000000007	-79.99999999999952	incomplete_strict_phone_support_for_nine_point_cpps_trajectory
LA_E_1053042_0006	Interior_B	True	False	-80.00000000000185	-79.99999999999952	incomplete_strict_phone_support_for_nine_point_cpps_trajectory
LA_E_1053042_0012	Boundary	True	True			
LA_E_1053042_0012	Interior_A	True	False	-80.00000000000185	-79.99999999999952	incomplete_strict_phone_support_for_nine_point_cpps_trajectory
LA_E_1053042_0012	Interior_B	True	True	159.99999999999835	160.0000000000007	
LA_E_1053042_0013	Boundary	True	True			
LA_E_1053042_0013	Interior_A	True	True	159.99999999999835	160.0000000000007	
LA_E_1053042_0013	Interior_B	True	True	399.9999999999986	400.0000000000027	
LA_E_1053042_0014	Boundary	True	False			official_v6_boundary_cpps_invalid_or_incomplete_support
LA_E_1053042_0014	Interior_A	True	True	399.9999999999986	400.0000000000027	
LA_E_1053042_0014	Interior_B	True	True	559.9999999999987	559.9999999999993	
LA_E_1054080_0004	Boundary	True	True			
LA_E_1054080_0004	Interior_A	True	False	-160.00000000000193	-159.99999999999957	incomplete_strict_phone_support_for_nine_point_cpps_trajectory
LA_E_1054080_0004	Interior_B	True	False	-160.00000000000014	-159.99999999999957	incomplete_strict_phone_support_for_nine_point_cpps_trajectory
LA_E_1054080_0010	Boundary	True	True			
LA_E_1054080_0010	Interior_A	True	False	-80.00000000000007	-79.99999999999952	incomplete_strict_phone_support_for_nine_point_cpps_trajectory
LA_E_1054080_0010	Interior_B	True	True	239.99999999999844	239.999999999999	
LA_E_1054080_0011	Boundary	True	True			
LA_E_1054080_0011	Interior_A	True	True	239.99999999999844	239.999999999999	
LA_E_1054080_0011	Interior_B	True	False	-80.00000000000185	-79.99999999999774	incomplete_strict_phone_support_for_nine_point_cpps_trajectory
LA_E_1054080_0012	Boundary	True	True			
LA_E_1054080_0012	Interior_A	True	False	-80.00000000000185	-79.99999999999774	incomplete_strict_phone_support_for_nine_point_cpps_trajectory
LA_E_1054080_0012	Interior_B	True	False	-160.00000000000014	-159.99999999999957	incomplete_strict_phone_support_for_nine_point_cpps_trajectory
LA_E_1054080_0013	Boundary	True	True			
LA_E_1054080_0013	Interior_A	True	False	-160.00000000000014	-159.99999999999957	incomplete_strict_phone_support_for_nine_point_cpps_trajectory
LA_E_1054080_0013	Interior_B	True	True	480.00000000000045	479.99999999999744	
LA_E_1056646_0004	Boundary	True	True			
LA_E_1056646_0004	Interior_A	True	True	79.99999999999984	80.00000000000018	
LA_E_1056646_0004	Interior_B	True	False	-4.440892098500626e-13	5.551115123125783e-13	incomplete_strict_phone_support_for_nine_point_cpps_trajectory
LA_E_1056646_0005	Boundary	True	True			
LA_E_1056646_0005	Interior_A	True	False	-4.440892098500626e-13	5.551115123125783e-13	incomplete_strict_phone_support_for_nine_point_cpps_trajectory
LA_E_1056646_0005	Interior_B	True	False	-160.00000000000014	-159.99999999999957	incomplete_strict_phone_support_for_nine_point_cpps_trajectory
LA_E_1056646_0007	Boundary	True	False			official_v6_boundary_cpps_invalid_or_incomplete_support
LA_E_1056646_0007	Interior_A	True	False	-80.00000000000007	-80.0000000000004	incomplete_strict_phone_support_for_nine_point_cpps_trajectory
LA_E_1056646_0007	Interior_B	True	True	239.99999999999932	240.00000000000165	
LA_E_1056646_0008	Boundary	True	True			
LA_E_1056646_0008	Interior_A	True	True	239.99999999999932	240.00000000000165	
LA_E_1056646_0008	Interior_B	True	True	160.00000000000014	159.99999999999892	
LA_E_1056646_0009	Boundary	True	False			official_v6_boundary_cpps_invalid_or_incomplete_support
LA_E_1056646_0009	Interior_A	True	True	160.00000000000014	159.99999999999892	
LA_E_1056646_0009	Interior_B	True	True	80.00000000000007	79.99999999999885	
LA_E_1056646_0014	Boundary	True	False			official_v6_boundary_cpps_invalid_or_incomplete_support
LA_E_1056646_0014	Interior_A	True	True	160.00000000000014	159.99999999999892	
LA_E_1056646_0014	Interior_B	True	False	-80.00000000000007	-79.99999999999952	incomplete_strict_phone_support_for_nine_point_cpps_trajectory
LA_E_1056646_0017	Boundary	True	True			
LA_E_1056646_0017	Interior_A	True	True	79.9999999999983	79.99999999999885	
LA_E_1056646_0017	Interior_B	True	True	240.000000000002	239.999999999999	
LA_E_1056646_0018	Boundary	True	True			
LA_E_1056646_0018	Interior_A	True	True	240.000000000002	239.999999999999	
LA_E_1056646_0018	Interior_B	True	False	-79.9999999999983	-80.0000000000013	incomplete_strict_phone_support_for_nine_point_cpps_trajectory
LA_E_1056646_0029	Boundary	True	True			
LA_E_1056646_0029	Interior_A	True	False	-80.00000000000185	-80.0000000000013	incomplete_strict_phone_support_for_nine_point_cpps_trajectory
LA_E_1056646_0029	Interior_B	True	False	0.0	5.551115123125783e-13	incomplete_strict_phone_support_for_nine_point_cpps_trajectory
LA_E_1056646_0033	Boundary	True	True			
LA_E_1056646_0033	Interior_A	True	False	-159.9999999999966	-160.00000000000313	incomplete_strict_phone_support_for_nine_point_cpps_trajectory
LA_E_1056646_0033	Interior_B	True	False	-79.9999999999983	-79.99999999999774	incomplete_strict_phone_support_for_nine_point_cpps_trajectory
LA_E_1056646_0042	Boundary	True	True			
LA_E_1056646_0042	Interior_A	True	True	400.0000000000057	399.99999999999915	
LA_E_1056646_0042	Interior_B	True	True	79.9999999999983	79.99999999999885	
LA_E_1056646_0052	Boundary	True	True			
LA_E_1056646_0052	Interior_A	True	True	79.9999999999983	79.99999999999885	
LA_E_1056646_0052	Interior_B	True	False	-160.0000000000037	-159.99999999999602	incomplete_strict_phone_support_for_nine_point_cpps_trajectory
LA_E_1056646_0055	Boundary	True	False			official_v6_boundary_cpps_invalid_or_incomplete_support
LA_E_1056646_0055	Interior_A	True	True	399.9999999999986	399.99999999999915	
LA_E_1056646_0055	Interior_B	True	True	159.9999999999966	160.00000000000426	
LA_E_1056646_0056	Boundary	True	False			official_v6_boundary_cpps_invalid_or_incomplete_support
LA_E_1056646_0056	Interior_A	True	True	159.9999999999966	160.00000000000426	
LA_E_1056646_0056	Interior_B	True	True	719.9999999999989	719.9999999999994	
LA_E_1058631_0000	Boundary	True	True			
LA_E_1058631_0000	Interior_A	True	False	-80.00000000000007	-79.99999999999996	incomplete_strict_phone_support_for_nine_point_cpps_trajectory
LA_E_1058631_0000	Interior_B	True	True	239.99999999999977	239.9999999999999	
LA_E_1058631_0001	Boundary	True	False			official_v6_boundary_cpps_invalid_or_incomplete_support
LA_E_1058631_0001	Interior_A	True	True	239.99999999999977	239.9999999999999	
LA_E_1058631_0001	Interior_B	True	False	-80.00000000000007	-79.99999999999952	incomplete_strict_phone_support_for_nine_point_cpps_trajectory
LA_E_1058631_0002	Boundary	True	False			official_v6_boundary_cpps_invalid_or_incomplete_support
LA_E_1058631_0002	Interior_A	True	False	-80.00000000000007	-79.99999999999952	incomplete_strict_phone_support_for_nine_point_cpps_trajectory
LA_E_1058631_0002	Interior_B	True	False	-160.00000000000014	-159.99999999999957	incomplete_strict_phone_support_for_nine_point_cpps_trajectory
LA_E_1058631_0004	Boundary	True	True			
LA_E_1058631_0004	Interior_A	True	True	480.00000000000045	479.9999999999992	
LA_E_1058631_0004	Interior_B	True	False	0.0	5.551115123125783e-13	incomplete_strict_phone_support_for_nine_point_cpps_trajectory
LA_E_1058631_0006	Boundary	True	True			
LA_E_1058631_0006	Interior_A	True	False	-160.00000000000193	-159.99999999999957	incomplete_strict_phone_support_for_nine_point_cpps_trajectory
LA_E_1058631_0006	Interior_B	True	True	160.00000000000014	159.99999999999892	
LA_E_1058631_0007	Boundary	True	True			
LA_E_1058631_0007	Interior_A	True	True	160.00000000000014	159.99999999999892	
LA_E_1058631_0007	Interior_B	True	True	479.99999999999864	480.00000000000097	
LA_E_1058631_0011	Boundary	True	False			official_v6_boundary_cpps_invalid_or_incomplete_support
LA_E_1058631_0011	Interior_A	True	True	320.0000000000003	319.99999999999727	
LA_E_1058631_0011	Interior_B	True	False	0.0	5.551115123125783e-13	incomplete_strict_phone_support_for_nine_point_cpps_trajectory
LA_E_1058631_0012	Boundary	True	False			official_v6_boundary_cpps_invalid_or_incomplete_support
LA_E_1058631_0012	Interior_A	True	False	0.0	5.551115123125783e-13	incomplete_strict_phone_support_for_nine_point_cpps_trajectory
LA_E_1058631_0012	Interior_B	True	True	160.00000000000014	160.0000000000007	
LA_E_1058631_0013	Boundary	True	True			
LA_E_1058631_0013	Interior_A	True	True	160.00000000000014	160.0000000000007	
LA_E_1058631_0013	Interior_B	True	False	-80.00000000000185	-80.0000000000013	incomplete_strict_phone_support_for_nine_point_cpps_trajectory
LA_E_1058631_0021	Boundary	True	False			official_v6_boundary_cpps_invalid_or_incomplete_support
LA_E_1058631_0021	Interior_A	True	True	79.9999999999983	80.0000000000024	
LA_E_1058631_0021	Interior_B	True	False	0.0	-2.9976021664879227e-12	incomplete_strict_phone_support_for_nine_point_cpps_trajectory
LA_E_1058631_0022	Boundary	True	True			
LA_E_1058631_0022	Interior_A	True	False	0.0	-2.9976021664879227e-12	incomplete_strict_phone_support_for_nine_point_cpps_trajectory
LA_E_1058631_0022	Interior_B	True	False	-160.00000000000014	-159.99999999999957	incomplete_strict_phone_support_for_nine_point_cpps_trajectory
LA_E_1058631_0027	Boundary	True	False			official_v6_boundary_cpps_invalid_or_incomplete_support
LA_E_1058631_0027	Interior_A	True	True	239.99999999999488	240.00000000000256	
LA_E_1058631_0027	Interior_B	True	False	-159.9999999999966	-160.00000000000313	incomplete_strict_phone_support_for_nine_point_cpps_trajectory
LA_E_1058631_0030	Boundary	True	True			
LA_E_1058631_0030	Interior_A	True	True	80.0000000000054	79.99999999999885	
LA_E_1058631_0030	Interior_B	True	True	399.9999999999986	399.99999999999915	
LA_E_1058631_0031	Boundary	True	False			official_v6_boundary_cpps_invalid_or_incomplete_support
LA_E_1058631_0031	Interior_A	True	True	399.9999999999986	399.99999999999915	
LA_E_1058631_0031	Interior_B	True	False	0.0	5.551115123125783e-13	incomplete_strict_phone_support_for_nine_point_cpps_trajectory
LA_E_1058631_0032	Boundary	True	False			official_v6_boundary_cpps_invalid_or_incomplete_support
LA_E_1058631_0032	Interior_A	True	False	0.0	5.551115123125783e-13	incomplete_strict_phone_support_for_nine_point_cpps_trajectory
LA_E_1058631_0032	Interior_B	True	False	-160.0000000000037	-159.99999999999602	incomplete_strict_phone_support_for_nine_point_cpps_trajectory
LA_E_1058631_0040	Boundary	True	True			
LA_E_1058631_0040	Interior_A	True	False	-79.9999999999983	-80.00000000000485	incomplete_strict_phone_support_for_nine_point_cpps_trajectory
LA_E_1058631_0040	Interior_B	True	True	240.000000000002	240.00000000000256	
LA_E_1060792_0002	Boundary	True	True			
LA_E_1060792_0002	Interior_A	True	True	79.99999999999963	80.00000000000018	
LA_E_1060792_0002	Interior_B	True	False	0.0	1.1102230246251565e-13	incomplete_strict_phone_support_for_nine_point_cpps_trajectory
LA_E_1060792_0005	Boundary	True	False			official_v6_boundary_cpps_invalid_or_incomplete_support
LA_E_1060792_0005	Interior_A	True	False	-80.00000000000097	-79.99999999999862	incomplete_strict_phone_support_for_nine_point_cpps_trajectory
LA_E_1060792_0005	Interior_B	True	True	240.00000000000023	239.9999999999999	
LA_E_1060792_0008	Boundary	True	True			
LA_E_1060792_0008	Interior_A	True	False	0.0	-1.2212453270876722e-12	incomplete_strict_phone_support_for_nine_point_cpps_trajectory
LA_E_1060792_0008	Interior_B	True	False	-160.00000000000014	-159.99999999999957	incomplete_strict_phone_support_for_nine_point_cpps_trajectory
LA_E_1060792_0009	Boundary	True	True			
LA_E_1060792_0009	Interior_A	True	False	-160.00000000000014	-159.99999999999957	incomplete_strict_phone_support_for_nine_point_cpps_trajectory
LA_E_1060792_0009	Interior_B	True	True	80.00000000000007	79.99999999999885	
LA_E_1060792_0010	Boundary	True	True			
LA_E_1060792_0010	Interior_A	True	True	80.00000000000007	79.99999999999885	
LA_E_1060792_0010	Interior_B	True	False	-160.00000000000014	-160.00000000000136	incomplete_strict_phone_support_for_nine_point_cpps_trajectory
LA_E_1060792_0015	Boundary	True	True			
LA_E_1060792_0015	Interior_A	True	True	79.9999999999983	80.0000000000024	
LA_E_1060792_0015	Interior_B	True	True	399.9999999999986	399.99999999999915	
LA_E_1060792_0021	Boundary	True	True			
LA_E_1060792_0021	Interior_A	True	False	-160.0000000000037	-159.99999999999957	incomplete_strict_phone_support_for_nine_point_cpps_trajectory
LA_E_1060792_0021	Interior_B	True	False	-160.00000000000014	-159.99999999999957	incomplete_strict_phone_support_for_nine_point_cpps_trajectory
LA_E_1060792_0022	Boundary	True	True			
LA_E_1060792_0022	Interior_A	True	False	-160.00000000000014	-159.99999999999957	incomplete_strict_phone_support_for_nine_point_cpps_trajectory
LA_E_1060792_0022	Interior_B	True	False	-80.00000000000185	-79.99999999999774	incomplete_strict_phone_support_for_nine_point_cpps_trajectory
LA_E_1060792_0023	Boundary	True	False			official_v6_boundary_cpps_invalid_or_incomplete_support
LA_E_1060792_0023	Interior_A	True	False	-80.00000000000185	-79.99999999999774	incomplete_strict_phone_support_for_nine_point_cpps_trajectory
LA_E_1060792_0023	Interior_B	True	True	79.9999999999983	79.99999999999885	
LA_E_1060792_0027	Boundary	True	True			
LA_E_1060792_0027	Interior_A	True	False	-160.0000000000037	-159.99999999999602	incomplete_strict_phone_support_for_nine_point_cpps_trajectory
LA_E_1060792_0027	Interior_B	True	True	160.0000000000037	159.99999999999716	
LA_E_1060792_0028	Boundary	True	True			
LA_E_1060792_0028	Interior_A	True	True	160.0000000000037	159.99999999999716	
LA_E_1060792_0028	Interior_B	True	True	239.99999999999488	240.00000000000256	
LA_E_1060895_0004	Boundary	True	False			official_v6_boundary_cpps_invalid_or_incomplete_support
LA_E_1060895_0004	Interior_A	True	False	-80.00000000000051	-79.99999999999952	incomplete_strict_phone_support_for_nine_point_cpps_trajectory
LA_E_1060895_0004	Interior_B	True	False	0.0	5.551115123125783e-13	incomplete_strict_phone_support_for_nine_point_cpps_trajectory
LA_E_1060895_0005	Boundary	True	False			official_v6_boundary_cpps_invalid_or_incomplete_support
LA_E_1060895_0005	Interior_A	True	False	0.0	5.551115123125783e-13	incomplete_strict_phone_support_for_nine_point_cpps_trajectory
LA_E_1060895_0005	Interior_B	True	False	-80.00000000000007	-80.0000000000004	incomplete_strict_phone_support_for_nine_point_cpps_trajectory
LA_E_1060895_0006	Boundary	True	True			
LA_E_1060895_0006	Interior_A	True	False	-80.00000000000007	-80.0000000000004	incomplete_strict_phone_support_for_nine_point_cpps_trajectory
LA_E_1060895_0006	Interior_B	True	True	160.00000000000102	159.99999999999892	
LA_E_1060895_0019	Boundary	True	False			official_v6_boundary_cpps_invalid_or_incomplete_support
LA_E_1060895_0019	Interior_A	True	False	-160.00000000000014	-160.00000000000313	incomplete_strict_phone_support_for_nine_point_cpps_trajectory
LA_E_1060895_0019	Interior_B	True	False	-160.00000000000014	-159.99999999999957	incomplete_strict_phone_support_for_nine_point_cpps_trajectory
LA_E_1060895_0020	Boundary	True	False			official_v6_boundary_cpps_invalid_or_incomplete_support
LA_E_1060895_0020	Interior_A	True	False	-160.00000000000014	-159.99999999999957	incomplete_strict_phone_support_for_nine_point_cpps_trajectory
LA_E_1060895_0020	Interior_B	True	False	-79.9999999999983	-80.0000000000013	incomplete_strict_phone_support_for_nine_point_cpps_trajectory
LA_E_1060895_0023	Boundary	True	False			official_v6_boundary_cpps_invalid_or_incomplete_support
LA_E_1060895_0023	Interior_A	True	False	-160.00000000000014	-159.99999999999957	incomplete_strict_phone_support_for_nine_point_cpps_trajectory
LA_E_1060895_0023	Interior_B	True	False	-3.552713678800501e-12	5.551115123125783e-13	incomplete_strict_phone_support_for_nine_point_cpps_trajectory
LA_E_1060895_0026	Boundary	True	False			official_v6_boundary_cpps_invalid_or_incomplete_support
LA_E_1060895_0026	Interior_A	True	False	0.0	5.551115123125783e-13	incomplete_strict_phone_support_for_nine_point_cpps_trajectory
LA_E_1060895_0026	Interior_B	True	True	79.9999999999983	79.99999999999885	
LA_E_1060895_0027	Boundary	True	False			official_v6_boundary_cpps_invalid_or_incomplete_support
LA_E_1060895_0027	Interior_A	True	True	79.9999999999983	79.99999999999885	
LA_E_1060895_0027	Interior_B	True	True	160.00000000000014	160.0000000000007	
LA_E_1064751_0001	Boundary	True	True			
LA_E_1064751_0001	Interior_A	True	True	159.99999999999926	160.0000000000016	
LA_E_1064751_0001	Interior_B	True	True	239.99999999999844	240.00000000000077	
LA_E_1064751_0002	Boundary	True	False			official_v6_boundary_cpps_invalid_or_incomplete_support
LA_E_1064751_0002	Interior_A	True	True	239.99999999999844	240.00000000000077	
LA_E_1064751_0002	Interior_B	True	True	80.00000000000007	79.99999999999885	
LA_E_1064751_0007	Boundary	True	True			
LA_E_1064751_0007	Interior_A	True	False	-160.00000000000014	-160.00000000000136	incomplete_strict_phone_support_for_nine_point_cpps_trajectory
LA_E_1064751_0007	Interior_B	True	False	-80.00000000000007	-79.99999999999952	incomplete_strict_phone_support_for_nine_point_cpps_trajectory
LA_E_1064751_0008	Boundary	True	False			official_v6_boundary_cpps_invalid_or_incomplete_support
LA_E_1064751_0008	Interior_A	True	False	-80.00000000000007	-79.99999999999952	incomplete_strict_phone_support_for_nine_point_cpps_trajectory
LA_E_1064751_0008	Interior_B	True	True	160.00000000000014	160.0000000000007	
LA_E_1064751_0009	Boundary	True	False			official_v6_boundary_cpps_invalid_or_incomplete_support
LA_E_1064751_0009	Interior_A	True	True	160.00000000000014	160.0000000000007	
LA_E_1064751_0009	Interior_B	True	False	-3.552713678800501e-12	5.551115123125783e-13	incomplete_strict_phone_support_for_nine_point_cpps_trajectory
LA_E_1064751_0014	Boundary	True	True			
LA_E_1064751_0014	Interior_A	True	False	-160.00000000000014	-160.00000000000313	incomplete_strict_phone_support_for_nine_point_cpps_trajectory
LA_E_1064751_0014	Interior_B	True	False	-80.00000000000185	-79.99999999999774	incomplete_strict_phone_support_for_nine_point_cpps_trajectory
LA_E_1064751_0015	Boundary	True	True			
LA_E_1064751_0015	Interior_A	True	False	-80.00000000000185	-79.99999999999774	incomplete_strict_phone_support_for_nine_point_cpps_trajectory
LA_E_1064751_0015	Interior_B	True	False	-79.9999999999983	-80.0000000000013	incomplete_strict_phone_support_for_nine_point_cpps_trajectory
LA_E_1064751_0019	Boundary	True	False			official_v6_boundary_cpps_invalid_or_incomplete_support
LA_E_1064751_0019	Interior_A	True	False	-160.00000000000014	-159.99999999999957	incomplete_strict_phone_support_for_nine_point_cpps_trajectory
LA_E_1064751_0019	Interior_B	True	True	79.9999999999983	80.0000000000024	
LA_E_1064751_0020	Boundary	True	False			official_v6_boundary_cpps_invalid_or_incomplete_support
LA_E_1064751_0020	Interior_A	True	True	79.9999999999983	80.0000000000024	
LA_E_1064751_0020	Interior_B	True	False	0.0	-2.9976021664879227e-12	incomplete_strict_phone_support_for_nine_point_cpps_trajectory
LA_E_1064751_0035	Boundary	True	False			official_v6_boundary_cpps_invalid_or_incomplete_support
LA_E_1064751_0035	Interior_A	True	True	160.0000000000037	159.99999999999716	
LA_E_1064751_0035	Interior_B	True	True	560.0000000000023	559.9999999999957	
LA_E_1064751_0036	Boundary	True	False			official_v6_boundary_cpps_invalid_or_incomplete_support
LA_E_1064751_0036	Interior_A	True	True	560.0000000000023	559.9999999999957	
LA_E_1064751_0036	Interior_B	True	False	-160.0000000000037	-159.99999999999602	incomplete_strict_phone_support_for_nine_point_cpps_trajectory
LA_E_1064751_0043	Boundary	True	False			official_v6_boundary_cpps_invalid_or_incomplete_support
LA_E_1064751_0043	Interior_A	True	False	-160.0000000000037	-160.00000000000313	incomplete_strict_phone_support_for_nine_point_cpps_trajectory
LA_E_1064751_0043	Interior_B	True	False	-79.9999999999983	-79.99999999999774	incomplete_strict_phone_support_for_nine_point_cpps_trajectory
LA_E_1064751_0044	Boundary	True	False			official_v6_boundary_cpps_invalid_or_incomplete_support
LA_E_1064751_0044	Interior_A	True	False	-79.9999999999983	-79.99999999999774	incomplete_strict_phone_support_for_nine_point_cpps_trajectory
LA_E_1064751_0044	Interior_B	True	False	-159.9999999999966	-160.00000000000313	incomplete_strict_phone_support_for_nine_point_cpps_trajectory
LA_E_1064751_0047	Boundary	True	False			official_v6_boundary_cpps_invalid_or_incomplete_support
LA_E_1064751_0047	Interior_A	True	False	-159.9999999999966	-160.00000000000313	incomplete_strict_phone_support_for_nine_point_cpps_trajectory
LA_E_1064751_0047	Interior_B	True	True	159.9999999999966	160.00000000000426	
LA_E_1064751_0048	Boundary	True	False			official_v6_boundary_cpps_invalid_or_incomplete_support
LA_E_1064751_0048	Interior_A	True	True	159.9999999999966	160.00000000000426	
LA_E_1064751_0048	Interior_B	True	False	-160.0000000000037	-159.99999999999602	incomplete_strict_phone_support_for_nine_point_cpps_trajectory
LA_E_1064751_0049	Boundary	True	False			official_v6_boundary_cpps_invalid_or_incomplete_support
LA_E_1064751_0049	Interior_A	True	False	-160.0000000000037	-159.99999999999602	incomplete_strict_phone_support_for_nine_point_cpps_trajectory
LA_E_1064751_0049	Interior_B	True	True	79.9999999999983	79.99999999999885	
LA_E_1064751_0050	Boundary	True	False			official_v6_boundary_cpps_invalid_or_incomplete_support
LA_E_1064751_0050	Interior_A	True	True	79.9999999999983	79.99999999999885	
LA_E_1064751_0050	Interior_B	True	False	0.0	5.551115123125783e-13	incomplete_strict_phone_support_for_nine_point_cpps_trajectory
LA_E_1064751_0051	Boundary	True	False			official_v6_boundary_cpps_invalid_or_incomplete_support
LA_E_1064751_0051	Interior_A	True	False	0.0	5.551115123125783e-13	incomplete_strict_phone_support_for_nine_point_cpps_trajectory
LA_E_1064751_0051	Interior_B	True	False	-79.9999999999983	-80.00000000000485	incomplete_strict_phone_support_for_nine_point_cpps_trajectory
LA_E_1064751_0052	Boundary	True	False			official_v6_boundary_cpps_invalid_or_incomplete_support
LA_E_1064751_0052	Interior_A	True	False	-79.9999999999983	-80.00000000000485	incomplete_strict_phone_support_for_nine_point_cpps_trajectory
LA_E_1064751_0052	Interior_B	True	False	-79.9999999999983	-79.99999999999774	incomplete_strict_phone_support_for_nine_point_cpps_trajectory
LA_E_1064751_0058	Boundary	True	False			official_v6_boundary_cpps_invalid_or_incomplete_support
LA_E_1064751_0058	Interior_A	True	False	-159.9999999999966	-159.99999999999602	incomplete_strict_phone_support_for_nine_point_cpps_trajectory
LA_E_1064751_0058	Interior_B	True	True	79.9999999999983	79.99999999999885	
LA_E_1064751_0061	Boundary	True	True			
LA_E_1064751_0061	Interior_A	True	False	-80.0000000000125	-79.99999999999774	incomplete_strict_phone_support_for_nine_point_cpps_trajectory
LA_E_1064751_0061	Interior_B	True	False	-159.9999999999966	-159.99999999999602	incomplete_strict_phone_support_for_nine_point_cpps_trajectory
LA_E_1064751_0062	Boundary	True	True			
LA_E_1064751_0062	Interior_A	True	False	-159.9999999999966	-159.99999999999602	incomplete_strict_phone_support_for_nine_point_cpps_trajectory
LA_E_1064751_0062	Interior_B	True	False	-79.9999999999983	-80.00000000001195	incomplete_strict_phone_support_for_nine_point_cpps_trajectory
LA_E_1064751_0063	Boundary	True	False			official_v6_boundary_cpps_invalid_or_incomplete_support
LA_E_1064751_0063	Interior_A	True	False	-79.9999999999983	-80.00000000001195	incomplete_strict_phone_support_for_nine_point_cpps_trajectory
LA_E_1064751_0063	Interior_B	True	True	879.9999999999955	880.0000000000102	
LA_E_1065331_0000	Boundary	True	True			
LA_E_1065331_0000	Interior_A	True	False	-159.99999999999991	-160.00000000000003	incomplete_strict_phone_support_for_nine_point_cpps_trajectory
LA_E_1065331_0000	Interior_B	True	False	-160.00000000000014	-160.00000000000003	incomplete_strict_phone_support_for_nine_point_cpps_trajectory
LA_E_1065331_0001	Boundary	True	False			official_v6_boundary_cpps_invalid_or_incomplete_support
LA_E_1065331_0001	Interior_A	True	False	-160.00000000000014	-160.00000000000003	incomplete_strict_phone_support_for_nine_point_cpps_trajectory
LA_E_1065331_0001	Interior_B	True	False	-160.00000000000014	-160.00000000000048	incomplete_strict_phone_support_for_nine_point_cpps_trajectory
LA_E_1065331_0004	Boundary	True	False			official_v6_boundary_cpps_invalid_or_incomplete_support
LA_E_1065331_0004	Interior_A	True	False	-160.00000000000014	-159.99999999999957	incomplete_strict_phone_support_for_nine_point_cpps_trajectory
LA_E_1065331_0004	Interior_B	True	False	-160.00000000000014	-159.99999999999957	incomplete_strict_phone_support_for_nine_point_cpps_trajectory
LA_E_1065331_0006	Boundary	True	False			official_v6_boundary_cpps_invalid_or_incomplete_support
LA_E_1065331_0006	Interior_A	True	True	240.00000000000023	240.00000000000077	
LA_E_1065331_0006	Interior_B	True	True	79.9999999999983	80.00000000000063	
LA_E_1065331_0008	Boundary	True	True			
LA_E_1065331_0008	Interior_A	True	False	-160.00000000000193	-159.99999999999957	incomplete_strict_phone_support_for_nine_point_cpps_trajectory
LA_E_1065331_0008	Interior_B	True	False	-80.00000000000007	-79.99999999999952	incomplete_strict_phone_support_for_nine_point_cpps_trajectory
LA_E_1065331_0009	Boundary	True	True			
LA_E_1065331_0009	Interior_A	True	False	-80.00000000000007	-79.99999999999952	incomplete_strict_phone_support_for_nine_point_cpps_trajectory
LA_E_1065331_0009	Interior_B	True	True	239.99999999999844	240.00000000000077	
LA_E_1065331_0012	Boundary	True	False			official_v6_boundary_cpps_invalid_or_incomplete_support
LA_E_1065331_0012	Interior_A	True	False	0.0	5.551115123125783e-13	incomplete_strict_phone_support_for_nine_point_cpps_trajectory
LA_E_1065331_0012	Interior_B	True	True	79.9999999999983	79.99999999999885	
LA_E_1065331_0016	Boundary	True	False			official_v6_boundary_cpps_invalid_or_incomplete_support
LA_E_1065331_0016	Interior_A	True	False	-79.9999999999983	-80.0000000000013	incomplete_strict_phone_support_for_nine_point_cpps_trajectory
LA_E_1065331_0016	Interior_B	True	True	79.9999999999983	79.99999999999885	
LA_E_1065331_0021	Boundary	True	False			official_v6_boundary_cpps_invalid_or_incomplete_support
LA_E_1065331_0021	Interior_A	True	True	239.99999999999844	239.999999999999	
LA_E_1065331_0021	Interior_B	True	False	-80.00000000000185	-79.99999999999774	incomplete_strict_phone_support_for_nine_point_cpps_trajectory
LA_E_1065331_0022	Boundary	True	False			official_v6_boundary_cpps_invalid_or_incomplete_support
LA_E_1065331_0022	Interior_A	True	False	-80.00000000000185	-79.99999999999774	incomplete_strict_phone_support_for_nine_point_cpps_trajectory
LA_E_1065331_0022	Interior_B	True	True	160.00000000000014	159.99999999999716	
LA_E_1065331_0030	Boundary	True	False			official_v6_boundary_cpps_invalid_or_incomplete_support
LA_E_1065331_0030	Interior_A	True	False	-79.9999999999983	-79.99999999999774	incomplete_strict_phone_support_for_nine_point_cpps_trajectory
LA_E_1065331_0030	Interior_B	True	False	-7.105427357601002e-12	5.551115123125783e-13	incomplete_strict_phone_support_for_nine_point_cpps_trajectory
LA_E_1065331_0031	Boundary	True	False			official_v6_boundary_cpps_invalid_or_incomplete_support
LA_E_1065331_0031	Interior_A	True	False	-7.105427357601002e-12	5.551115123125783e-13	incomplete_strict_phone_support_for_nine_point_cpps_trajectory
LA_E_1065331_0031	Interior_B	True	True	400.0000000000057	399.99999999999915	
LA_E_1065331_0033	Boundary	True	False			official_v6_boundary_cpps_invalid_or_incomplete_support
LA_E_1065331_0033	Interior_A	True	True	79.9999999999983	79.99999999999885	
LA_E_1065331_0033	Interior_B	True	False	-79.9999999999983	-79.99999999999774	incomplete_strict_phone_support_for_nine_point_cpps_trajectory
LA_E_1065331_0041	Boundary	True	True			
LA_E_1065331_0041	Interior_A	True	False	0.0	5.551115123125783e-13	incomplete_strict_phone_support_for_nine_point_cpps_trajectory
LA_E_1065331_0041	Interior_B	True	False	-159.9999999999966	-160.00000000000313	incomplete_strict_phone_support_for_nine_point_cpps_trajectory
LA_E_1065331_0045	Boundary	True	True			
LA_E_1065331_0045	Interior_A	True	False	-79.9999999999983	-80.00000000000485	incomplete_strict_phone_support_for_nine_point_cpps_trajectory
LA_E_1065331_0045	Interior_B	True	False	-159.9999999999966	-160.00000000000313	incomplete_strict_phone_support_for_nine_point_cpps_trajectory
LA_E_1065331_0046	Boundary	True	False			official_v6_boundary_cpps_invalid_or_incomplete_support
LA_E_1065331_0046	Interior_A	True	False	-159.9999999999966	-160.00000000000313	incomplete_strict_phone_support_for_nine_point_cpps_trajectory
LA_E_1065331_0046	Interior_B	True	True	160.0000000000037	159.99999999999716	
LA_E_1065331_0056	Boundary	True	False			official_v6_boundary_cpps_invalid_or_incomplete_support
LA_E_1065331_0056	Interior_A	True	False	-79.9999999999983	-79.99999999999774	incomplete_strict_phone_support_for_nine_point_cpps_trajectory
LA_E_1065331_0056	Interior_B	True	False	-160.0000000000037	-160.00000000000313	incomplete_strict_phone_support_for_nine_point_cpps_trajectory
LA_E_1065331_0057	Boundary	True	True			
LA_E_1065331_0057	Interior_A	True	False	-160.0000000000037	-160.00000000000313	incomplete_strict_phone_support_for_nine_point_cpps_trajectory
LA_E_1065331_0057	Interior_B	True	True	240.0000000000091	239.99999999999545	
LA_E_1065331_0063	Boundary	True	True			
LA_E_1065331_0063	Interior_A	True	False	-160.0000000000108	-159.99999999999602	incomplete_strict_phone_support_for_nine_point_cpps_trajectory
LA_E_1065331_0063	Interior_B	True	False	0.0	5.551115123125783e-13	incomplete_strict_phone_support_for_nine_point_cpps_trajectory
LA_E_1065331_0064	Boundary	True	True			
LA_E_1065331_0064	Interior_A	True	False	0.0	5.551115123125783e-13	incomplete_strict_phone_support_for_nine_point_cpps_trajectory
LA_E_1065331_0064	Interior_B	True	True	240.0000000000091	239.99999999999545	
LA_E_1065331_0065	Boundary	True	True			
LA_E_1065331_0065	Interior_A	True	True	240.0000000000091	239.99999999999545	
LA_E_1065331_0065	Interior_B	True	False	-160.0000000000108	-159.99999999999602	incomplete_strict_phone_support_for_nine_point_cpps_trajectory
LA_E_1065331_0066	Boundary	True	True			
LA_E_1065331_0066	Interior_A	True	False	-160.0000000000108	-159.99999999999602	incomplete_strict_phone_support_for_nine_point_cpps_trajectory
LA_E_1065331_0066	Interior_B	True	False	-159.9999999999966	-160.00000000001023	incomplete_strict_phone_support_for_nine_point_cpps_trajectory
LA_E_1065331_0074	Boundary	True	True			
LA_E_1065331_0074	Interior_A	True	False	-79.9999999999983	-79.99999999999774	incomplete_strict_phone_support_for_nine_point_cpps_trajectory
LA_E_1065331_0074	Interior_B	True	False	-79.9999999999983	-79.99999999999774	incomplete_strict_phone_support_for_nine_point_cpps_trajectory
LA_E_1065331_0075	Boundary	True	False			official_v6_boundary_cpps_invalid_or_incomplete_support
LA_E_1065331_0075	Interior_A	True	False	-79.9999999999983	-79.99999999999774	incomplete_strict_phone_support_for_nine_point_cpps_trajectory
LA_E_1065331_0075	Interior_B	True	False	-80.0000000000125	-79.99999999999774	incomplete_strict_phone_support_for_nine_point_cpps_trajectory
LA_E_1065331_0076	Boundary	True	False			official_v6_boundary_cpps_invalid_or_incomplete_support
LA_E_1065331_0076	Interior_A	True	False	-80.0000000000125	-79.99999999999774	incomplete_strict_phone_support_for_nine_point_cpps_trajectory
LA_E_1065331_0076	Interior_B	True	False	0.0	5.551115123125783e-13	incomplete_strict_phone_support_for_nine_point_cpps_trajectory
LA_E_1065331_0077	Boundary	True	False			official_v6_boundary_cpps_invalid_or_incomplete_support
LA_E_1065331_0077	Interior_A	True	False	0.0	5.551115123125783e-13	incomplete_strict_phone_support_for_nine_point_cpps_trajectory
LA_E_1065331_0077	Interior_B	True	False	-79.9999999999983	-79.99999999999774	incomplete_strict_phone_support_for_nine_point_cpps_trajectory
LA_E_1065582_0002	Boundary	True	True			
LA_E_1065582_0002	Interior_A	True	False	-79.99999999999918	-80.0000000000004	incomplete_strict_phone_support_for_nine_point_cpps_trajectory
LA_E_1065582_0002	Interior_B	True	True	160.00000000000014	160.0000000000007	
LA_E_1065582_0003	Boundary	True	True			
LA_E_1065582_0003	Interior_A	True	True	160.00000000000014	160.0000000000007	
LA_E_1065582_0003	Interior_B	True	False	-160.00000000000014	-160.00000000000136	incomplete_strict_phone_support_for_nine_point_cpps_trajectory
LA_E_1065582_0006	Boundary	True	True			
LA_E_1065582_0006	Interior_A	True	False	-160.00000000000193	-159.99999999999957	incomplete_strict_phone_support_for_nine_point_cpps_trajectory
LA_E_1065582_0006	Interior_B	True	True	80.00000000000007	80.00000000000063	
LA_E_1065582_0012	Boundary	True	False			official_v6_boundary_cpps_invalid_or_incomplete_support
LA_E_1065582_0012	Interior_A	True	True	239.99999999999844	239.999999999999	
LA_E_1065582_0012	Interior_B	True	False	0.0	5.551115123125783e-13	incomplete_strict_phone_support_for_nine_point_cpps_trajectory
LA_E_1065582_0013	Boundary	True	True			
LA_E_1065582_0013	Interior_A	True	False	0.0	5.551115123125783e-13	incomplete_strict_phone_support_for_nine_point_cpps_trajectory
LA_E_1065582_0013	Interior_B	True	False	-80.00000000000185	-79.99999999999774	incomplete_strict_phone_support_for_nine_point_cpps_trajectory
LA_E_1065582_0016	Boundary	True	True			
LA_E_1065582_0016	Interior_A	True	False	-80.00000000000185	-80.0000000000013	incomplete_strict_phone_support_for_nine_point_cpps_trajectory
LA_E_1065582_0016	Interior_B	True	False	-79.9999999999983	-80.0000000000013	incomplete_strict_phone_support_for_nine_point_cpps_trajectory
LA_E_1065582_0017	Boundary	True	True			
LA_E_1065582_0017	Interior_A	True	False	-79.9999999999983	-80.0000000000013	incomplete_strict_phone_support_for_nine_point_cpps_trajectory
LA_E_1065582_0017	Interior_B	True	False	-160.00000000000014	-159.99999999999957	incomplete_strict_phone_support_for_nine_point_cpps_trajectory
LA_E_1065582_0020	Boundary	True	True			
LA_E_1065582_0020	Interior_A	True	False	-160.0000000000037	-159.99999999999957	incomplete_strict_phone_support_for_nine_point_cpps_trajectory
LA_E_1065582_0020	Interior_B	True	False	-160.00000000000014	-159.99999999999957	incomplete_strict_phone_support_for_nine_point_cpps_trajectory
LA_E_1065582_0026	Boundary	True	True			
LA_E_1065582_0026	Interior_A	True	False	-79.9999999999983	-80.0000000000013	incomplete_strict_phone_support_for_nine_point_cpps_trajectory
LA_E_1065582_0026	Interior_B	True	True	320.0000000000003	320.00000000000085	
LA_E_1065582_0030	Boundary	True	True			
LA_E_1065582_0030	Interior_A	True	True	560.0000000000023	559.9999999999957	
LA_E_1065582_0030	Interior_B	True	False	-79.9999999999983	-79.99999999999774	incomplete_strict_phone_support_for_nine_point_cpps_trajectory
LA_E_1065582_0034	Boundary	True	False			official_v6_boundary_cpps_invalid_or_incomplete_support
LA_E_1065582_0034	Interior_A	True	False	-160.0000000000037	-159.99999999999602	incomplete_strict_phone_support_for_nine_point_cpps_trajectory
LA_E_1065582_0034	Interior_B	True	True	240.000000000002	239.99999999999545	
LA_E_1065582_0035	Boundary	True	False			official_v6_boundary_cpps_invalid_or_incomplete_support
LA_E_1065582_0035	Interior_A	True	True	240.000000000002	239.99999999999545	
LA_E_1065582_0035	Interior_B	True	False	0.0	5.551115123125783e-13	incomplete_strict_phone_support_for_nine_point_cpps_trajectory
LA_E_1065582_0040	Boundary	True	False			official_v6_boundary_cpps_invalid_or_incomplete_support
LA_E_1065582_0040	Interior_A	True	False	0.0	5.551115123125783e-13	incomplete_strict_phone_support_for_nine_point_cpps_trajectory
LA_E_1065582_0040	Interior_B	True	False	-79.9999999999983	-80.00000000000485	incomplete_strict_phone_support_for_nine_point_cpps_trajectory
LA_E_1065582_0045	Boundary	True	False			official_v6_boundary_cpps_invalid_or_incomplete_support
LA_E_1065582_0045	Interior_A	True	True	79.9999999999983	79.99999999999885	
LA_E_1065582_0045	Interior_B	True	False	-160.0000000000037	-159.99999999999602	incomplete_strict_phone_support_for_nine_point_cpps_trajectory
LA_E_1065582_0048	Boundary	True	True			
LA_E_1065582_0048	Interior_A	True	False	-79.9999999999983	-79.99999999999774	incomplete_strict_phone_support_for_nine_point_cpps_trajectory
LA_E_1065582_0048	Interior_B	True	False	0.0	-6.5503158452884236e-12	incomplete_strict_phone_support_for_nine_point_cpps_trajectory
LA_E_1065582_0049	Boundary	True	True			
LA_E_1065582_0049	Interior_A	True	False	0.0	-6.5503158452884236e-12	incomplete_strict_phone_support_for_nine_point_cpps_trajectory
LA_E_1065582_0049	Interior_B	True	False	0.0	5.551115123125783e-13	incomplete_strict_phone_support_for_nine_point_cpps_trajectory
LA_E_1065582_0050	Boundary	True	True			
LA_E_1065582_0050	Interior_A	True	False	0.0	5.551115123125783e-13	incomplete_strict_phone_support_for_nine_point_cpps_trajectory
LA_E_1065582_0050	Interior_B	True	True	240.000000000002	240.00000000000256	
LA_E_1065582_0051	Boundary	True	True			
LA_E_1065582_0051	Interior_A	True	True	240.000000000002	240.00000000000256	
LA_E_1065582_0051	Interior_B	True	False	-160.0000000000037	-160.00000000000313	incomplete_strict_phone_support_for_nine_point_cpps_trajectory
LA_E_1065582_0052	Boundary	True	True			
LA_E_1065582_0052	Interior_A	True	False	-160.0000000000037	-160.00000000000313	incomplete_strict_phone_support_for_nine_point_cpps_trajectory
LA_E_1065582_0052	Interior_B	True	False	-79.9999999999983	-79.99999999999774	incomplete_strict_phone_support_for_nine_point_cpps_trajectory
LA_E_1065582_0059	Boundary	True	False			official_v6_boundary_cpps_invalid_or_incomplete_support
LA_E_1065582_0059	Interior_A	True	False	-79.9999999999983	-79.99999999999774	incomplete_strict_phone_support_for_nine_point_cpps_trajectory
LA_E_1065582_0059	Interior_B	True	True	79.9999999999983	79.99999999999885	
LA_E_1065582_0062	Boundary	True	False			official_v6_boundary_cpps_invalid_or_incomplete_support
LA_E_1065582_0062	Interior_A	True	False	-79.9999999999983	-80.00000000001195	incomplete_strict_phone_support_for_nine_point_cpps_trajectory
LA_E_1065582_0062	Interior_B	True	False	-79.9999999999983	-79.99999999999774	incomplete_strict_phone_support_for_nine_point_cpps_trajectory
LA_E_1065582_0073	Boundary	True	True			
LA_E_1065582_0073	Interior_A	True	False	0.0	5.551115123125783e-13	incomplete_strict_phone_support_for_nine_point_cpps_trajectory
LA_E_1065582_0073	Interior_B	True	False	-79.9999999999983	-80.00000000001195	incomplete_strict_phone_support_for_nine_point_cpps_trajectory
LA_E_1065582_0087	Boundary	True	True			
LA_E_1065582_0087	Interior_A	True	False	-159.9999999999966	-160.00000000001023	incomplete_strict_phone_support_for_nine_point_cpps_trajectory
LA_E_1065582_0087	Interior_B	True	False	-159.9999999999966	-159.99999999999602	incomplete_strict_phone_support_for_nine_point_cpps_trajectory
LA_E_1065582_0088	Boundary	True	True			
LA_E_1065582_0088	Interior_A	True	False	-159.9999999999966	-159.99999999999602	incomplete_strict_phone_support_for_nine_point_cpps_trajectory
LA_E_1065582_0088	Interior_B	True	False	-79.9999999999983	-79.99999999999774	incomplete_strict_phone_support_for_nine_point_cpps_trajectory
LA_E_1065582_0089	Boundary	True	True			
LA_E_1065582_0089	Interior_A	True	False	-79.9999999999983	-79.99999999999774	incomplete_strict_phone_support_for_nine_point_cpps_trajectory
LA_E_1065582_0089	Interior_B	True	False	-1.4210854715202004e-11	5.551115123125783e-13	incomplete_strict_phone_support_for_nine_point_cpps_trajectory
LA_E_1065582_0090	Boundary	True	True			
LA_E_1065582_0090	Interior_A	True	False	-1.4210854715202004e-11	5.551115123125783e-13	incomplete_strict_phone_support_for_nine_point_cpps_trajectory
LA_E_1065582_0090	Interior_B	True	False	-159.9999999999966	-159.99999999999602	incomplete_strict_phone_support_for_nine_point_cpps_trajectory
LA_E_1065582_0093	Boundary	True	False			official_v6_boundary_cpps_invalid_or_incomplete_support
LA_E_1065582_0093	Interior_A	True	False	-159.9999999999966	-159.99999999999602	incomplete_strict_phone_support_for_nine_point_cpps_trajectory
LA_E_1065582_0093	Interior_B	True	False	-79.9999999999983	-80.00000000001195	incomplete_strict_phone_support_for_nine_point_cpps_trajectory
LA_E_1065662_0005	Boundary	True	True			
LA_E_1065662_0005	Interior_A	True	False	-160.00000000000014	-160.00000000000136	incomplete_strict_phone_support_for_nine_point_cpps_trajectory
LA_E_1065662_0005	Interior_B	True	False	-160.00000000000014	-159.99999999999957	incomplete_strict_phone_support_for_nine_point_cpps_trajectory
LA_E_1065662_0006	Boundary	True	True			
LA_E_1065662_0006	Interior_A	True	False	-160.00000000000014	-159.99999999999957	incomplete_strict_phone_support_for_nine_point_cpps_trajectory
LA_E_1065662_0006	Interior_B	True	False	-160.00000000000014	-159.99999999999957	incomplete_strict_phone_support_for_nine_point_cpps_trajectory
LA_E_1065662_0007	Boundary	True	True			
LA_E_1065662_0007	Interior_A	True	False	-160.00000000000014	-159.99999999999957	incomplete_strict_phone_support_for_nine_point_cpps_trajectory
LA_E_1065662_0007	Interior_B	True	False	-160.00000000000014	-160.00000000000313	incomplete_strict_phone_support_for_nine_point_cpps_trajectory
LA_E_1065662_0009	Boundary	True	True			
LA_E_1065662_0009	Interior_A	True	False	0.0	5.551115123125783e-13	incomplete_strict_phone_support_for_nine_point_cpps_trajectory
LA_E_1065662_0009	Interior_B	True	False	-160.00000000000014	-159.99999999999957	incomplete_strict_phone_support_for_nine_point_cpps_trajectory
LA_E_1065662_0013	Boundary	True	False			official_v6_boundary_cpps_invalid_or_incomplete_support
LA_E_1065662_0013	Interior_A	True	True	79.9999999999983	79.99999999999885	
LA_E_1065662_0013	Interior_B	True	True	239.99999999999844	240.00000000000256	
LA_E_1065662_0016	Boundary	True	False			official_v6_boundary_cpps_invalid_or_incomplete_support
LA_E_1065662_0016	Interior_A	True	False	-160.0000000000037	-159.99999999999957	incomplete_strict_phone_support_for_nine_point_cpps_trajectory
LA_E_1065662_0016	Interior_B	True	True	240.000000000002	239.999999999999	
LA_E_1065662_0021	Boundary	True	False			official_v6_boundary_cpps_invalid_or_incomplete_support
LA_E_1065662_0021	Interior_A	True	False	0.0	5.551115123125783e-13	incomplete_strict_phone_support_for_nine_point_cpps_trajectory
LA_E_1065662_0021	Interior_B	True	True	79.9999999999983	79.99999999999885	
LA_E_1065662_0024	Boundary	True	False			official_v6_boundary_cpps_invalid_or_incomplete_support
LA_E_1065662_0024	Interior_A	True	True	79.9999999999983	79.99999999999885	
LA_E_1065662_0024	Interior_B	True	True	79.9999999999983	79.99999999999885	
LA_E_1065662_0027	Boundary	True	True			
LA_E_1065662_0027	Interior_A	True	False	-80.0000000000054	-79.99999999999774	incomplete_strict_phone_support_for_nine_point_cpps_trajectory
LA_E_1065662_0027	Interior_B	True	False	0.0	5.551115123125783e-13	incomplete_strict_phone_support_for_nine_point_cpps_trajectory
LA_E_1065662_0028	Boundary	True	True			
LA_E_1065662_0028	Interior_A	True	False	0.0	5.551115123125783e-13	incomplete_strict_phone_support_for_nine_point_cpps_trajectory
LA_E_1065662_0028	Interior_B	True	True	479.9999999999969	480.00000000000455	
LA_E_1065662_0040	Boundary	True	False			official_v6_boundary_cpps_invalid_or_incomplete_support
LA_E_1065662_0040	Interior_A	True	False	-79.9999999999983	-80.00000000000485	incomplete_strict_phone_support_for_nine_point_cpps_trajectory
LA_E_1065662_0040	Interior_B	True	False	-79.9999999999983	-80.00000000000485	incomplete_strict_phone_support_for_nine_point_cpps_trajectory
LA_E_1065662_0043	Boundary	True	True			
LA_E_1065662_0043	Interior_A	True	True	239.99999999999488	240.00000000000256	
LA_E_1065662_0043	Interior_B	True	True	799.9999999999972	800.0000000000048	
LA_E_1066368_0008	Boundary	True	False			official_v6_boundary_cpps_invalid_or_incomplete_support
LA_E_1066368_0008	Interior_A	True	False	-160.00000000000014	-159.99999999999957	incomplete_strict_phone_support_for_nine_point_cpps_trajectory
LA_E_1066368_0008	Interior_B	True	True	240.00000000000023	239.999999999999	
LA_E_1066368_0012	Boundary	True	True			
LA_E_1066368_0012	Interior_A	True	False	-160.00000000000014	-159.99999999999957	incomplete_strict_phone_support_for_nine_point_cpps_trajectory
LA_E_1066368_0012	Interior_B	True	True	319.9999999999985	320.00000000000085	
LA_E_1066368_0016	Boundary	True	True			
LA_E_1066368_0016	Interior_A	True	False	-79.9999999999983	-80.0000000000013	incomplete_strict_phone_support_for_nine_point_cpps_trajectory
LA_E_1066368_0016	Interior_B	True	False	-160.00000000000014	-159.99999999999957	incomplete_strict_phone_support_for_nine_point_cpps_trajectory
LA_E_1066368_0021	Boundary	True	False			official_v6_boundary_cpps_invalid_or_incomplete_support
LA_E_1066368_0021	Interior_A	True	False	-79.9999999999983	-80.0000000000013	incomplete_strict_phone_support_for_nine_point_cpps_trajectory
LA_E_1066368_0021	Interior_B	True	False	-160.00000000000014	-159.99999999999957	incomplete_strict_phone_support_for_nine_point_cpps_trajectory
LA_E_1066368_0027	Boundary	True	True			
LA_E_1066368_0027	Interior_A	True	True	160.00000000000014	159.99999999999716	
LA_E_1066368_0027	Interior_B	True	True	80.00000000000185	79.99999999999885	
LA_E_1066368_0028	Boundary	True	True			
LA_E_1066368_0028	Interior_A	True	True	80.00000000000185	79.99999999999885	
LA_E_1066368_0028	Interior_B	True	False	-160.00000000000014	-160.00000000000313	incomplete_strict_phone_support_for_nine_point_cpps_trajectory
LA_E_1066368_0032	Boundary	True	True			
LA_E_1066368_0032	Interior_A	True	False	-159.9999999999966	-160.00000000000313	incomplete_strict_phone_support_for_nine_point_cpps_trajectory
LA_E_1066368_0032	Interior_B	True	True	320.0000000000003	320.00000000000085	
LA_E_1066368_0035	Boundary	True	True			
LA_E_1066368_0035	Interior_A	True	True	160.0000000000037	159.99999999999716	
LA_E_1066368_0035	Interior_B	True	False	-159.9999999999966	-160.00000000000313	incomplete_strict_phone_support_for_nine_point_cpps_trajectory
LA_E_1066368_0036	Boundary	True	True			
LA_E_1066368_0036	Interior_A	True	False	-159.9999999999966	-160.00000000000313	incomplete_strict_phone_support_for_nine_point_cpps_trajectory
LA_E_1066368_0036	Interior_B	True	True	79.9999999999983	79.99999999999885	
LA_E_1066368_0037	Boundary	True	False			official_v6_boundary_cpps_invalid_or_incomplete_support
LA_E_1066368_0037	Interior_A	True	True	79.9999999999983	79.99999999999885	
LA_E_1066368_0037	Interior_B	True	True	960.0000000000009	960.0000000000014	
LA_E_1067167_0001	Boundary	True	False			official_v6_boundary_cpps_invalid_or_incomplete_support
LA_E_1067167_0001	Interior_A	True	False	0.0	5.551115123125783e-13	incomplete_strict_phone_support_for_nine_point_cpps_trajectory
LA_E_1067167_0001	Interior_B	True	False	0.0	-3.3306690738754696e-13	incomplete_strict_phone_support_for_nine_point_cpps_trajectory
LA_E_1067167_0005	Boundary	True	False			official_v6_boundary_cpps_invalid_or_incomplete_support
LA_E_1067167_0005	Interior_A	True	True	160.00000000000014	159.99999999999892	
LA_E_1067167_0005	Interior_B	True	False	-80.00000000000007	-80.0000000000013	incomplete_strict_phone_support_for_nine_point_cpps_trajectory
LA_E_1067167_0006	Boundary	True	True			
LA_E_1067167_0006	Interior_A	True	False	-80.00000000000007	-80.0000000000013	incomplete_strict_phone_support_for_nine_point_cpps_trajectory
LA_E_1067167_0006	Interior_B	True	False	-80.00000000000007	-79.99999999999952	incomplete_strict_phone_support_for_nine_point_cpps_trajectory
LA_E_1067167_0010	Boundary	True	False			official_v6_boundary_cpps_invalid_or_incomplete_support
LA_E_1067167_0010	Interior_A	True	True	240.00000000000023	239.999999999999	
LA_E_1067167_0010	Interior_B	True	True	320.0000000000003	320.00000000000085	
LA_E_1067167_0012	Boundary	True	False			official_v6_boundary_cpps_invalid_or_incomplete_support
LA_E_1067167_0012	Interior_A	True	False	-160.0000000000037	-159.99999999999957	incomplete_strict_phone_support_for_nine_point_cpps_trajectory
LA_E_1067167_0012	Interior_B	True	True	320.0000000000003	320.00000000000085	
LA_E_1067167_0019	Boundary	True	False			official_v6_boundary_cpps_invalid_or_incomplete_support
LA_E_1067167_0019	Interior_A	True	True	80.00000000000185	79.99999999999885	
LA_E_1067167_0019	Interior_B	True	False	-80.00000000000185	-80.0000000000013	incomplete_strict_phone_support_for_nine_point_cpps_trajectory
LA_E_1067167_0022	Boundary	True	True			
LA_E_1067167_0022	Interior_A	True	False	-79.9999999999983	-80.0000000000013	incomplete_strict_phone_support_for_nine_point_cpps_trajectory
LA_E_1067167_0022	Interior_B	True	False	-160.00000000000014	-159.99999999999957	incomplete_strict_phone_support_for_nine_point_cpps_trajectory
LA_E_1067167_0023	Boundary	True	True			
LA_E_1067167_0023	Interior_A	True	False	-160.00000000000014	-159.99999999999957	incomplete_strict_phone_support_for_nine_point_cpps_trajectory
LA_E_1067167_0023	Interior_B	True	False	-3.552713678800501e-12	5.551115123125783e-13	incomplete_strict_phone_support_for_nine_point_cpps_trajectory
LA_E_1067167_0026	Boundary	True	False			official_v6_boundary_cpps_invalid_or_incomplete_support
LA_E_1067167_0026	Interior_A	True	False	0.0	5.551115123125783e-13	incomplete_strict_phone_support_for_nine_point_cpps_trajectory
LA_E_1067167_0026	Interior_B	True	False	-159.9999999999966	-160.00000000000313	incomplete_strict_phone_support_for_nine_point_cpps_trajectory
LA_E_1067167_0027	Boundary	True	False			official_v6_boundary_cpps_invalid_or_incomplete_support
LA_E_1067167_0027	Interior_A	True	False	-159.9999999999966	-160.00000000000313	incomplete_strict_phone_support_for_nine_point_cpps_trajectory
LA_E_1067167_0027	Interior_B	True	False	-160.0000000000037	-159.99999999999602	incomplete_strict_phone_support_for_nine_point_cpps_trajectory
LA_E_1067167_0028	Boundary	True	False			official_v6_boundary_cpps_invalid_or_incomplete_support
LA_E_1067167_0028	Interior_A	True	False	-160.0000000000037	-159.99999999999602	incomplete_strict_phone_support_for_nine_point_cpps_trajectory
LA_E_1067167_0028	Interior_B	True	False	-159.9999999999966	-160.00000000000313	incomplete_strict_phone_support_for_nine_point_cpps_trajectory
LA_E_1067167_0029	Boundary	True	False			official_v6_boundary_cpps_invalid_or_incomplete_support
LA_E_1067167_0029	Interior_A	True	False	-159.9999999999966	-160.00000000000313	incomplete_strict_phone_support_for_nine_point_cpps_trajectory
LA_E_1067167_0029	Interior_B	True	False	-7.105427357601002e-12	5.551115123125783e-13	incomplete_strict_phone_support_for_nine_point_cpps_trajectory
LA_E_1067167_0030	Boundary	True	False			official_v6_boundary_cpps_invalid_or_incomplete_support
LA_E_1067167_0030	Interior_A	True	False	-7.105427357601002e-12	5.551115123125783e-13	incomplete_strict_phone_support_for_nine_point_cpps_trajectory
LA_E_1067167_0030	Interior_B	True	False	-159.9999999999966	-160.00000000000313	incomplete_strict_phone_support_for_nine_point_cpps_trajectory
LA_E_1067167_0031	Boundary	True	True			
LA_E_1067167_0031	Interior_A	True	False	-159.9999999999966	-160.00000000000313	incomplete_strict_phone_support_for_nine_point_cpps_trajectory
LA_E_1067167_0031	Interior_B	True	False	-159.9999999999966	-160.00000000000313	incomplete_strict_phone_support_for_nine_point_cpps_trajectory
LA_E_1067167_0032	Boundary	True	True			
LA_E_1067167_0032	Interior_A	True	False	-159.9999999999966	-160.00000000000313	incomplete_strict_phone_support_for_nine_point_cpps_trajectory
LA_E_1067167_0032	Interior_B	True	True	480.000000000004	479.99999999999744	
LA_E_1067167_0033	Boundary	True	True			
LA_E_1067167_0033	Interior_A	True	True	480.000000000004	479.99999999999744	
LA_E_1067167_0033	Interior_B	True	True	160.0000000000037	159.99999999999716	
LA_E_1069304_0015	Boundary	True	False			official_v6_boundary_cpps_invalid_or_incomplete_support
LA_E_1069304_0015	Interior_A	True	True	80.00000000000007	79.99999999999885	
LA_E_1069304_0015	Interior_B	True	False	0.0	5.551115123125783e-13	incomplete_strict_phone_support_for_nine_point_cpps_trajectory
LA_E_1069304_0022	Boundary	True	True			
LA_E_1069304_0022	Interior_A	True	False	-160.00000000000014	-159.99999999999957	incomplete_strict_phone_support_for_nine_point_cpps_trajectory
LA_E_1069304_0022	Interior_B	True	True	239.99999999999844	239.999999999999	
LA_E_1069304_0023	Boundary	True	True			
LA_E_1069304_0023	Interior_A	True	True	239.99999999999844	239.999999999999	
LA_E_1069304_0023	Interior_B	True	True	160.00000000000014	160.0000000000007	
LA_E_1069930_0000	Boundary	True	True			
LA_E_1069930_0000	Interior_A	True	False	-160.00000000000003	-160.00000000000003	incomplete_strict_phone_support_for_nine_point_cpps_trajectory
LA_E_1069930_0000	Interior_B	True	False	-80.00000000000007	-79.99999999999996	incomplete_strict_phone_support_for_nine_point_cpps_trajectory
LA_E_1069930_0005	Boundary	True	False			official_v6_boundary_cpps_invalid_or_incomplete_support
LA_E_1069930_0005	Interior_A	True	False	-8.881784197001252e-13	1.4432899320127035e-12	incomplete_strict_phone_support_for_nine_point_cpps_trajectory
LA_E_1069930_0005	Interior_B	True	False	-80.00000000000007	-79.99999999999952	incomplete_strict_phone_support_for_nine_point_cpps_trajectory
LA_E_1069930_0006	Boundary	True	False			official_v6_boundary_cpps_invalid_or_incomplete_support
LA_E_1069930_0006	Interior_A	True	False	-80.00000000000007	-79.99999999999952	incomplete_strict_phone_support_for_nine_point_cpps_trajectory
LA_E_1069930_0006	Interior_B	True	False	-80.00000000000007	-79.99999999999952	incomplete_strict_phone_support_for_nine_point_cpps_trajectory
LA_E_1069930_0012	Boundary	True	True			
LA_E_1069930_0012	Interior_A	True	True	80.00000000000007	80.00000000000063	
LA_E_1069930_0012	Interior_B	True	False	-80.00000000000185	-79.99999999999952	incomplete_strict_phone_support_for_nine_point_cpps_trajectory
LA_E_1069930_0013	Boundary	True	False			official_v6_boundary_cpps_invalid_or_incomplete_support
LA_E_1069930_0013	Interior_A	True	False	-80.00000000000185	-79.99999999999952	incomplete_strict_phone_support_for_nine_point_cpps_trajectory
LA_E_1069930_0013	Interior_B	True	True	160.00000000000014	159.99999999999892	
LA_E_1069930_0017	Boundary	True	False			official_v6_boundary_cpps_invalid_or_incomplete_support
LA_E_1069930_0017	Interior_A	True	False	-160.00000000000014	-159.99999999999957	incomplete_strict_phone_support_for_nine_point_cpps_trajectory
LA_E_1069930_0017	Interior_B	True	False	-3.552713678800501e-12	5.551115123125783e-13	incomplete_strict_phone_support_for_nine_point_cpps_trajectory
LA_E_1069930_0020	Boundary	True	True			
LA_E_1069930_0020	Interior_A	True	True	320.0000000000003	320.00000000000085	
LA_E_1069930_0020	Interior_B	True	False	-160.0000000000037	-159.99999999999957	incomplete_strict_phone_support_for_nine_point_cpps_trajectory
LA_E_1069930_0031	Boundary	True	True			
LA_E_1069930_0031	Interior_A	True	True	320.0000000000003	320.00000000000085	
LA_E_1069930_0031	Interior_B	True	False	-79.9999999999983	-80.00000000000485	incomplete_strict_phone_support_for_nine_point_cpps_trajectory
LA_E_1069930_0034	Boundary	True	False			official_v6_boundary_cpps_invalid_or_incomplete_support
LA_E_1069930_0034	Interior_A	True	False	-159.9999999999966	-160.00000000000313	incomplete_strict_phone_support_for_nine_point_cpps_trajectory
LA_E_1069930_0034	Interior_B	True	True	319.9999999999932	320.00000000000085	
LA_E_1069930_0035	Boundary	True	False			official_v6_boundary_cpps_invalid_or_incomplete_support
LA_E_1069930_0035	Interior_A	True	True	319.9999999999932	320.00000000000085	
LA_E_1069930_0035	Interior_B	True	False	0.0	5.551115123125783e-13	incomplete_strict_phone_support_for_nine_point_cpps_trajectory
LA_E_1069930_0036	Boundary	True	True			
LA_E_1069930_0036	Interior_A	True	False	0.0	5.551115123125783e-13	incomplete_strict_phone_support_for_nine_point_cpps_trajectory
LA_E_1069930_0036	Interior_B	True	False	-79.9999999999983	-79.99999999999774	incomplete_strict_phone_support_for_nine_point_cpps_trajectory
LA_E_1069930_0037	Boundary	True	True			
LA_E_1069930_0037	Interior_A	True	False	-79.9999999999983	-79.99999999999774	incomplete_strict_phone_support_for_nine_point_cpps_trajectory
LA_E_1069930_0037	Interior_B	True	False	-7.105427357601002e-12	5.551115123125783e-13	incomplete_strict_phone_support_for_nine_point_cpps_trajectory
LA_E_1069930_0038	Boundary	True	False			official_v6_boundary_cpps_invalid_or_incomplete_support
LA_E_1069930_0038	Interior_A	True	False	-7.105427357601002e-12	5.551115123125783e-13	incomplete_strict_phone_support_for_nine_point_cpps_trajectory
LA_E_1069930_0038	Interior_B	True	True	80.0000000000054	79.99999999999885	
LA_E_1069930_0041	Boundary	True	False			official_v6_boundary_cpps_invalid_or_incomplete_support
LA_E_1069930_0041	Interior_A	True	False	-160.0000000000037	-160.00000000000313	incomplete_strict_phone_support_for_nine_point_cpps_trajectory
LA_E_1069930_0041	Interior_B	True	True	160.0000000000037	159.99999999999716	
LA_E_1069930_0045	Boundary	True	False			official_v6_boundary_cpps_invalid_or_incomplete_support
LA_E_1069930_0045	Interior_A	True	False	-79.9999999999983	-80.00000000000485	incomplete_strict_phone_support_for_nine_point_cpps_trajectory
LA_E_1069930_0045	Interior_B	True	True	240.000000000002	239.99999999999545	
LA_E_1069930_0046	Boundary	True	False			official_v6_boundary_cpps_invalid_or_incomplete_support
LA_E_1069930_0046	Interior_A	True	True	240.000000000002	239.99999999999545	
LA_E_1069930_0046	Interior_B	True	True	320.0000000000003	320.00000000000085	
LA_E_1069930_0047	Boundary	True	True			
LA_E_1069930_0047	Interior_A	True	True	320.0000000000003	320.00000000000085	
LA_E_1069930_0047	Interior_B	True	True	159.9999999999966	160.00000000000426	
LA_E_1069930_0048	Boundary	True	True			
LA_E_1069930_0048	Interior_A	True	True	159.9999999999966	160.00000000000426	
LA_E_1069930_0048	Interior_B	True	True	399.9999999999986	399.99999999999915	
LA_E_1069930_0049	Boundary	True	True			
LA_E_1069930_0049	Interior_A	True	True	399.9999999999986	399.99999999999915	
LA_E_1069930_0049	Interior_B	True	False	0.0	5.551115123125783e-13	incomplete_strict_phone_support_for_nine_point_cpps_trajectory
LA_E_1069930_0050	Boundary	True	True			
LA_E_1069930_0050	Interior_A	True	False	0.0	5.551115123125783e-13	incomplete_strict_phone_support_for_nine_point_cpps_trajectory
LA_E_1069930_0050	Interior_B	True	True	79.9999999999983	79.99999999999885	
LA_E_1069930_0051	Boundary	True	True			
LA_E_1069930_0051	Interior_A	True	True	79.9999999999983	79.99999999999885	
LA_E_1069930_0051	Interior_B	True	True	160.0000000000037	159.99999999999716	
LA_E_1069930_0052	Boundary	True	True			
LA_E_1069930_0052	Interior_A	True	True	160.0000000000037	159.99999999999716	
LA_E_1069930_0052	Interior_B	True	True	479.9999999999969	480.00000000000455	
LA_E_1069930_0053	Boundary	True	True			
LA_E_1069930_0053	Interior_A	True	True	479.9999999999969	480.00000000000455	
LA_E_1069930_0053	Interior_B	True	True	159.9999999999966	160.00000000000426	
LA_E_1069930_0054	Boundary	True	True			
LA_E_1069930_0054	Interior_A	True	True	159.9999999999966	160.00000000000426	
LA_E_1069930_0054	Interior_B	True	True	320.0000000000074	319.99999999999375	
LA_E_1070216_0002	Boundary	True	True			
LA_E_1070216_0002	Interior_A	True	False	-80.00000000000007	-79.99999999999952	incomplete_strict_phone_support_for_nine_point_cpps_trajectory
LA_E_1070216_0002	Interior_B	True	True	160.00000000000014	160.0000000000007	
LA_E_1070216_0003	Boundary	True	True			
LA_E_1070216_0003	Interior_A	True	True	160.00000000000014	160.0000000000007	
LA_E_1070216_0003	Interior_B	True	False	-80.00000000000185	-79.99999999999952	incomplete_strict_phone_support_for_nine_point_cpps_trajectory
LA_E_1070216_0004	Boundary	True	True			
LA_E_1070216_0004	Interior_A	True	False	-80.00000000000185	-79.99999999999952	incomplete_strict_phone_support_for_nine_point_cpps_trajectory
LA_E_1070216_0004	Interior_B	True	False	-80.00000000000007	-80.0000000000013	incomplete_strict_phone_support_for_nine_point_cpps_trajectory
LA_E_1070216_0005	Boundary	True	True			
LA_E_1070216_0005	Interior_A	True	False	-80.00000000000007	-80.0000000000013	incomplete_strict_phone_support_for_nine_point_cpps_trajectory
LA_E_1070216_0005	Interior_B	True	True	80.00000000000007	80.00000000000063	
LA_E_1070216_0012	Boundary	True	False			official_v6_boundary_cpps_invalid_or_incomplete_support
LA_E_1070216_0012	Interior_A	True	False	-160.00000000000014	-160.00000000000313	incomplete_strict_phone_support_for_nine_point_cpps_trajectory
LA_E_1070216_0012	Interior_B	True	False	-80.00000000000185	-79.99999999999774	incomplete_strict_phone_support_for_nine_point_cpps_trajectory
LA_E_1070216_0013	Boundary	True	False			official_v6_boundary_cpps_invalid_or_incomplete_support
LA_E_1070216_0013	Interior_A	True	False	-80.00000000000185	-79.99999999999774	incomplete_strict_phone_support_for_nine_point_cpps_trajectory
LA_E_1070216_0013	Interior_B	True	True	239.99999999999844	240.00000000000256	
LA_E_1070216_0014	Boundary	True	True			
LA_E_1070216_0014	Interior_A	True	True	239.99999999999844	240.00000000000256	
LA_E_1070216_0014	Interior_B	True	False	0.0	-2.9976021664879227e-12	incomplete_strict_phone_support_for_nine_point_cpps_trajectory
LA_E_1070216_0015	Boundary	True	True			
LA_E_1070216_0015	Interior_A	True	False	0.0	-2.9976021664879227e-12	incomplete_strict_phone_support_for_nine_point_cpps_trajectory
LA_E_1070216_0015	Interior_B	True	False	-160.00000000000014	-159.99999999999957	incomplete_strict_phone_support_for_nine_point_cpps_trajectory
LA_E_1070216_0016	Boundary	True	False			official_v6_boundary_cpps_invalid_or_incomplete_support
LA_E_1070216_0016	Interior_A	True	False	-160.00000000000014	-159.99999999999957	incomplete_strict_phone_support_for_nine_point_cpps_trajectory
LA_E_1070216_0016	Interior_B	True	False	-79.9999999999983	-80.0000000000013	incomplete_strict_phone_support_for_nine_point_cpps_trajectory
LA_E_1070216_0019	Boundary	True	True			
LA_E_1070216_0019	Interior_A	True	False	-160.00000000000014	-160.00000000000313	incomplete_strict_phone_support_for_nine_point_cpps_trajectory
LA_E_1070216_0019	Interior_B	True	True	560.0000000000023	559.9999999999993	
LA_E_1070216_0020	Boundary	True	False			official_v6_boundary_cpps_invalid_or_incomplete_support
LA_E_1070216_0020	Interior_A	True	True	560.0000000000023	559.9999999999993	
LA_E_1070216_0020	Interior_B	True	True	320.0000000000003	319.99999999999727	
LA_E_1070216_0021	Boundary	True	False			official_v6_boundary_cpps_invalid_or_incomplete_support
LA_E_1070216_0021	Interior_A	True	True	320.0000000000003	319.99999999999727	
LA_E_1070216_0021	Interior_B	True	False	-160.00000000000014	-159.99999999999957	incomplete_strict_phone_support_for_nine_point_cpps_trajectory
LA_E_1070216_0024	Boundary	True	False			official_v6_boundary_cpps_invalid_or_incomplete_support
LA_E_1070216_0024	Interior_A	True	True	160.0000000000037	159.99999999999716	
LA_E_1070216_0024	Interior_B	True	False	0.0	5.551115123125783e-13	incomplete_strict_phone_support_for_nine_point_cpps_trajectory
LA_E_1070216_0025	Boundary	True	False			official_v6_boundary_cpps_invalid_or_incomplete_support
LA_E_1070216_0025	Interior_A	True	False	0.0	5.551115123125783e-13	incomplete_strict_phone_support_for_nine_point_cpps_trajectory
LA_E_1070216_0025	Interior_B	True	True	160.0000000000037	159.99999999999716	
LA_E_1070216_0030	Boundary	True	False			official_v6_boundary_cpps_invalid_or_incomplete_support
LA_E_1070216_0030	Interior_A	True	False	0.0	5.551115123125783e-13	incomplete_strict_phone_support_for_nine_point_cpps_trajectory
LA_E_1070216_0030	Interior_B	True	False	0.0	5.551115123125783e-13	incomplete_strict_phone_support_for_nine_point_cpps_trajectory
LA_E_1070216_0031	Boundary	True	False			official_v6_boundary_cpps_invalid_or_incomplete_support
LA_E_1070216_0031	Interior_A	True	False	0.0	5.551115123125783e-13	incomplete_strict_phone_support_for_nine_point_cpps_trajectory
LA_E_1070216_0031	Interior_B	True	False	-159.9999999999966	-160.00000000000313	incomplete_strict_phone_support_for_nine_point_cpps_trajectory
LA_E_1070216_0035	Boundary	True	False			official_v6_boundary_cpps_invalid_or_incomplete_support
LA_E_1070216_0035	Interior_A	True	True	79.9999999999983	79.99999999999885	
LA_E_1070216_0035	Interior_B	True	False	-79.9999999999983	-79.99999999999774	incomplete_strict_phone_support_for_nine_point_cpps_trajectory
LA_E_1070216_0036	Boundary	True	True			
LA_E_1070216_0036	Interior_A	True	False	-79.9999999999983	-79.99999999999774	incomplete_strict_phone_support_for_nine_point_cpps_trajectory
LA_E_1070216_0036	Interior_B	True	False	-160.0000000000037	-159.99999999999602	incomplete_strict_phone_support_for_nine_point_cpps_trajectory
LA_E_1070216_0039	Boundary	True	True			
LA_E_1070216_0039	Interior_A	True	False	-160.0000000000037	-159.99999999999602	incomplete_strict_phone_support_for_nine_point_cpps_trajectory
LA_E_1070216_0039	Interior_B	True	False	0.0	5.551115123125783e-13	incomplete_strict_phone_support_for_nine_point_cpps_trajectory
LA_E_1070216_0040	Boundary	True	False			official_v6_boundary_cpps_invalid_or_incomplete_support
LA_E_1070216_0040	Interior_A	True	False	0.0	5.551115123125783e-13	incomplete_strict_phone_support_for_nine_point_cpps_trajectory
LA_E_1070216_0040	Interior_B	True	True	240.000000000002	239.99999999999545	
LA_E_1070670_0000	Boundary	True	True			
LA_E_1070670_0000	Interior_A	True	True	159.9999999999997	160.00000000000026	
LA_E_1070670_0000	Interior_B	True	False	-160.00000000000014	-159.99999999999957	incomplete_strict_phone_support_for_nine_point_cpps_trajectory
LA_E_1070670_0007	Boundary	True	True			
LA_E_1070670_0007	Interior_A	True	False	-80.00000000000007	-80.0000000000013	incomplete_strict_phone_support_for_nine_point_cpps_trajectory
LA_E_1070670_0007	Interior_B	True	False	-160.00000000000014	-159.99999999999957	incomplete_strict_phone_support_for_nine_point_cpps_trajectory
LA_E_1070670_0008	Boundary	True	False			official_v6_boundary_cpps_invalid_or_incomplete_support
LA_E_1070670_0008	Interior_A	True	False	-160.00000000000014	-159.99999999999957	incomplete_strict_phone_support_for_nine_point_cpps_trajectory
LA_E_1070670_0008	Interior_B	True	True	79.9999999999983	80.00000000000063	
LA_E_1070670_0013	Boundary	True	True			
LA_E_1070670_0013	Interior_A	True	False	-80.00000000000185	-79.99999999999774	incomplete_strict_phone_support_for_nine_point_cpps_trajectory
LA_E_1070670_0013	Interior_B	True	True	239.99999999999844	239.999999999999	
LA_E_1070670_0014	Boundary	True	True			
LA_E_1070670_0014	Interior_A	True	True	239.99999999999844	239.999999999999	
LA_E_1070670_0014	Interior_B	True	False	0.0	5.551115123125783e-13	incomplete_strict_phone_support_for_nine_point_cpps_trajectory
LA_E_1070670_0019	Boundary	True	True			
LA_E_1070670_0019	Interior_A	True	True	79.9999999999983	79.99999999999885	
LA_E_1070670_0019	Interior_B	True	True	79.9999999999983	80.0000000000024	
LA_E_1070670_0020	Boundary	True	True			
LA_E_1070670_0020	Interior_A	True	True	79.9999999999983	80.0000000000024	
LA_E_1070670_0020	Interior_B	True	False	-80.00000000000185	-79.99999999999774	incomplete_strict_phone_support_for_nine_point_cpps_trajectory
LA_E_1070670_0021	Boundary	True	False			official_v6_boundary_cpps_invalid_or_incomplete_support
LA_E_1070670_0021	Interior_A	True	False	-80.00000000000185	-79.99999999999774	incomplete_strict_phone_support_for_nine_point_cpps_trajectory
LA_E_1070670_0021	Interior_B	True	True	79.9999999999983	79.99999999999885	
LA_E_1070670_0022	Boundary	True	False			official_v6_boundary_cpps_invalid_or_incomplete_support
LA_E_1070670_0022	Interior_A	True	True	79.9999999999983	79.99999999999885	
LA_E_1070670_0022	Interior_B	True	True	160.00000000000014	160.0000000000007	
LA_E_1070670_0023	Boundary	True	True			
LA_E_1070670_0023	Interior_A	True	True	160.00000000000014	160.0000000000007	
LA_E_1070670_0023	Interior_B	True	True	79.9999999999983	79.99999999999885	
LA_E_1072125_0000	Boundary	True	False			official_v6_boundary_cpps_invalid_or_incomplete_support
LA_E_1072125_0000	Interior_A	True	False	0.0	5.551115123125783e-13	incomplete_strict_phone_support_for_nine_point_cpps_trajectory
LA_E_1072125_0000	Interior_B	True	False	-80.00000000000007	-79.99999999999952	incomplete_strict_phone_support_for_nine_point_cpps_trajectory
LA_E_1072125_0006	Boundary	True	True			
LA_E_1072125_0006	Interior_A	True	True	160.00000000000014	159.99999999999892	
LA_E_1072125_0006	Interior_B	True	False	-80.00000000000007	-79.99999999999952	incomplete_strict_phone_support_for_nine_point_cpps_trajectory
LA_E_1072125_0013	Boundary	True	True			
LA_E_1072125_0013	Interior_A	True	True	400.00000000000216	399.99999999999915	
LA_E_1072125_0013	Interior_B	True	False	0.0	-2.9976021664879227e-12	incomplete_strict_phone_support_for_nine_point_cpps_trajectory
LA_E_1072125_0014	Boundary	True	False			official_v6_boundary_cpps_invalid_or_incomplete_support
LA_E_1072125_0014	Interior_A	True	False	0.0	-2.9976021664879227e-12	incomplete_strict_phone_support_for_nine_point_cpps_trajectory
LA_E_1072125_0014	Interior_B	True	False	-80.00000000000185	-79.99999999999774	incomplete_strict_phone_support_for_nine_point_cpps_trajectory
LA_E_1072125_0017	Boundary	True	False			official_v6_boundary_cpps_invalid_or_incomplete_support
LA_E_1072125_0017	Interior_A	True	True	160.00000000000014	160.0000000000007	
LA_E_1072125_0017	Interior_B	True	True	399.9999999999986	399.99999999999915	
LA_E_1072125_0018	Boundary	True	True			
LA_E_1072125_0018	Interior_A	True	True	399.9999999999986	399.99999999999915	
LA_E_1072125_0018	Interior_B	True	False	-160.00000000000014	-159.99999999999957	incomplete_strict_phone_support_for_nine_point_cpps_trajectory
LA_E_1072125_0028	Boundary	True	False			official_v6_boundary_cpps_invalid_or_incomplete_support
LA_E_1072125_0028	Interior_A	True	True	160.0000000000037	159.99999999999716	
LA_E_1072125_0028	Interior_B	True	False	-159.9999999999966	-160.00000000000313	incomplete_strict_phone_support_for_nine_point_cpps_trajectory
LA_E_1072125_0029	Boundary	True	False			official_v6_boundary_cpps_invalid_or_incomplete_support
LA_E_1072125_0029	Interior_A	True	False	-159.9999999999966	-160.00000000000313	incomplete_strict_phone_support_for_nine_point_cpps_trajectory
LA_E_1072125_0029	Interior_B	True	True	79.9999999999983	79.99999999999885	
LA_E_1072125_0033	Boundary	True	False			official_v6_boundary_cpps_invalid_or_incomplete_support
LA_E_1072125_0033	Interior_A	True	True	320.0000000000003	320.00000000000085	
LA_E_1072125_0033	Interior_B	True	False	-160.0000000000037	-159.99999999999602	incomplete_strict_phone_support_for_nine_point_cpps_trajectory
LA_E_1072125_0034	Boundary	True	True			
LA_E_1072125_0034	Interior_A	True	False	-160.0000000000037	-159.99999999999602	incomplete_strict_phone_support_for_nine_point_cpps_trajectory
LA_E_1072125_0034	Interior_B	True	False	-79.9999999999983	-80.00000000000485	incomplete_strict_phone_support_for_nine_point_cpps_trajectory
LA_E_1072125_0037	Boundary	True	True			
LA_E_1072125_0037	Interior_A	True	True	79.9999999999983	79.99999999999885	
LA_E_1072125_0037	Interior_B	True	True	79.9999999999983	79.99999999999885	
LA_E_1072125_0042	Boundary	True	False			official_v6_boundary_cpps_invalid_or_incomplete_support
LA_E_1072125_0042	Interior_A	True	False	0.0	-6.5503158452884236e-12	incomplete_strict_phone_support_for_nine_point_cpps_trajectory
LA_E_1072125_0042	Interior_B	True	False	-159.9999999999966	-160.00000000000313	incomplete_strict_phone_support_for_nine_point_cpps_trajectory
LA_E_1072125_0043	Boundary	True	False			official_v6_boundary_cpps_invalid_or_incomplete_support
LA_E_1072125_0043	Interior_A	True	False	-159.9999999999966	-160.00000000000313	incomplete_strict_phone_support_for_nine_point_cpps_trajectory
LA_E_1072125_0043	Interior_B	True	False	-79.9999999999983	-79.99999999999774	incomplete_strict_phone_support_for_nine_point_cpps_trajectory
LA_E_1072125_0046	Boundary	True	False			official_v6_boundary_cpps_invalid_or_incomplete_support
LA_E_1072125_0046	Interior_A	True	False	-160.0000000000037	-159.99999999999602	incomplete_strict_phone_support_for_nine_point_cpps_trajectory
LA_E_1072125_0046	Interior_B	True	False	-160.0000000000037	-160.00000000000313	incomplete_strict_phone_support_for_nine_point_cpps_trajectory
LA_E_1072125_0047	Boundary	True	False			official_v6_boundary_cpps_invalid_or_incomplete_support
LA_E_1072125_0047	Interior_A	True	False	-160.0000000000037	-160.00000000000313	incomplete_strict_phone_support_for_nine_point_cpps_trajectory
LA_E_1072125_0047	Interior_B	True	False	-79.9999999999983	-79.99999999999774	incomplete_strict_phone_support_for_nine_point_cpps_trajectory
LA_E_1072125_0048	Boundary	True	False			official_v6_boundary_cpps_invalid_or_incomplete_support
LA_E_1072125_0048	Interior_A	True	False	-79.9999999999983	-79.99999999999774	incomplete_strict_phone_support_for_nine_point_cpps_trajectory
LA_E_1072125_0048	Interior_B	True	True	239.99999999999488	240.00000000000256	
LA_E_1072125_0054	Boundary	True	True			
LA_E_1072125_0054	Interior_A	True	False	-79.9999999999983	-80.00000000000485	incomplete_strict_phone_support_for_nine_point_cpps_trajectory
LA_E_1072125_0054	Interior_B	True	False	0.0	5.551115123125783e-13	incomplete_strict_phone_support_for_nine_point_cpps_trajectory
LA_E_1072125_0064	Boundary	True	False			official_v6_boundary_cpps_invalid_or_incomplete_support
LA_E_1072125_0064	Interior_A	True	False	-159.9999999999966	-159.99999999999602	incomplete_strict_phone_support_for_nine_point_cpps_trajectory
LA_E_1072125_0064	Interior_B	True	False	-79.9999999999983	-79.99999999999774	incomplete_strict_phone_support_for_nine_point_cpps_trajectory
LA_E_1072125_0067	Boundary	True	False			official_v6_boundary_cpps_invalid_or_incomplete_support
LA_E_1072125_0067	Interior_A	True	True	240.0000000000091	239.99999999999545	
LA_E_1072125_0067	Interior_B	True	True	480.000000000004	479.99999999999034	
LA_E_1073502_0000	Boundary	True	True			
LA_E_1073502_0000	Interior_A	True	False	-160.00000000000003	-160.00000000000003	incomplete_strict_phone_support_for_nine_point_cpps_trajectory
LA_E_1073502_0000	Interior_B	True	True	239.99999999999977	240.0000000000003	
LA_E_1073502_0004	Boundary	True	False			official_v6_boundary_cpps_invalid_or_incomplete_support
LA_E_1073502_0004	Interior_A	True	True	80.00000000000007	80.00000000000063	
LA_E_1073502_0004	Interior_B	True	True	320.0000000000003	319.99999999999994	
LA_E_1073502_0005	Boundary	True	False			official_v6_boundary_cpps_invalid_or_incomplete_support
LA_E_1073502_0005	Interior_A	True	True	320.0000000000003	319.99999999999994	
LA_E_1073502_0005	Interior_B	True	True	80.00000000000007	80.00000000000063	
LA_E_1073502_0006	Boundary	True	False			official_v6_boundary_cpps_invalid_or_incomplete_support
LA_E_1073502_0006	Interior_A	True	True	80.00000000000007	80.00000000000063	
LA_E_1073502_0006	Interior_B	True	False	0.0	-1.2212453270876722e-12	incomplete_strict_phone_support_for_nine_point_cpps_trajectory
LA_E_1073502_0010	Boundary	True	False			official_v6_boundary_cpps_invalid_or_incomplete_support
LA_E_1073502_0010	Interior_A	True	True	160.00000000000014	159.99999999999892	
LA_E_1073502_0010	Interior_B	True	True	160.00000000000014	160.0000000000007	
LA_E_1073502_0011	Boundary	True	True			
LA_E_1073502_0011	Interior_A	True	True	160.00000000000014	160.0000000000007	
LA_E_1073502_0011	Interior_B	True	True	79.9999999999983	80.00000000000063	
LA_E_1073502_0014	Boundary	True	False			official_v6_boundary_cpps_invalid_or_incomplete_support
LA_E_1073502_0014	Interior_A	True	True	320.0000000000003	319.99999999999727	
LA_E_1073502_0014	Interior_B	True	True	400.00000000000216	399.99999999999915	
LA_E_1073787_0005	Boundary	True	True			
LA_E_1073787_0005	Interior_A	True	False	-4.440892098500626e-13	5.551115123125783e-13	incomplete_strict_phone_support_for_nine_point_cpps_trajectory
LA_E_1073787_0005	Interior_B	True	True	80.00000000000007	79.99999999999974	
LA_E_1073787_0006	Boundary	True	True			
LA_E_1073787_0006	Interior_A	True	True	80.00000000000007	79.99999999999974	
LA_E_1073787_0006	Interior_B	True	False	-8.881784197001252e-13	1.4432899320127035e-12	incomplete_strict_phone_support_for_nine_point_cpps_trajectory
LA_E_1073787_0007	Boundary	True	False			official_v6_boundary_cpps_invalid_or_incomplete_support
LA_E_1073787_0007	Interior_A	True	False	-8.881784197001252e-13	1.4432899320127035e-12	incomplete_strict_phone_support_for_nine_point_cpps_trajectory
LA_E_1073787_0007	Interior_B	True	False	-80.00000000000097	-79.99999999999952	incomplete_strict_phone_support_for_nine_point_cpps_trajectory
LA_E_1073787_0010	Boundary	True	True			
LA_E_1073787_0010	Interior_A	True	False	-80.00000000000007	-80.0000000000013	incomplete_strict_phone_support_for_nine_point_cpps_trajectory
LA_E_1073787_0010	Interior_B	True	False	0.0	5.551115123125783e-13	incomplete_strict_phone_support_for_nine_point_cpps_trajectory
LA_E_1073787_0011	Boundary	True	False			official_v6_boundary_cpps_invalid_or_incomplete_support
LA_E_1073787_0011	Interior_A	True	False	0.0	5.551115123125783e-13	incomplete_strict_phone_support_for_nine_point_cpps_trajectory
LA_E_1073787_0011	Interior_B	True	True	399.9999999999986	400.0000000000009	
LA_E_1073787_0013	Boundary	True	True			
LA_E_1073787_0013	Interior_A	True	False	-160.00000000000014	-160.00000000000136	incomplete_strict_phone_support_for_nine_point_cpps_trajectory
LA_E_1073787_0013	Interior_B	True	True	399.9999999999986	400.0000000000027	
LA_E_1073787_0022	Boundary	True	False			official_v6_boundary_cpps_invalid_or_incomplete_support
LA_E_1073787_0022	Interior_A	True	True	240.000000000002	239.999999999999	
LA_E_1073787_0022	Interior_B	True	True	160.00000000000014	159.99999999999716	
LA_E_1073787_0025	Boundary	True	False			official_v6_boundary_cpps_invalid_or_incomplete_support
LA_E_1073787_0025	Interior_A	True	False	-160.00000000000014	-159.99999999999957	incomplete_strict_phone_support_for_nine_point_cpps_trajectory
LA_E_1073787_0025	Interior_B	True	False	0.0	5.551115123125783e-13	incomplete_strict_phone_support_for_nine_point_cpps_trajectory
LA_E_1073787_0031	Boundary	True	True			
LA_E_1073787_0031	Interior_A	True	False	-79.9999999999983	-80.00000000000485	incomplete_strict_phone_support_for_nine_point_cpps_trajectory
LA_E_1073787_0031	Interior_B	True	False	-79.9999999999983	-79.99999999999774	incomplete_strict_phone_support_for_nine_point_cpps_trajectory
LA_E_1073787_0032	Boundary	True	True			
LA_E_1073787_0032	Interior_A	True	False	-79.9999999999983	-79.99999999999774	incomplete_strict_phone_support_for_nine_point_cpps_trajectory
LA_E_1073787_0032	Interior_B	True	False	-79.9999999999983	-80.00000000000485	incomplete_strict_phone_support_for_nine_point_cpps_trajectory
LA_E_1073787_0035	Boundary	True	False			official_v6_boundary_cpps_invalid_or_incomplete_support
LA_E_1073787_0035	Interior_A	True	False	0.0	5.551115123125783e-13	incomplete_strict_phone_support_for_nine_point_cpps_trajectory
LA_E_1073787_0035	Interior_B	True	True	79.9999999999983	80.00000000000595	
LA_E_1073787_0038	Boundary	True	False			official_v6_boundary_cpps_invalid_or_incomplete_support
LA_E_1073787_0038	Interior_A	True	False	-79.9999999999983	-80.00000000000485	incomplete_strict_phone_support_for_nine_point_cpps_trajectory
LA_E_1073787_0038	Interior_B	True	False	-79.9999999999983	-79.99999999999774	incomplete_strict_phone_support_for_nine_point_cpps_trajectory
LA_E_1073787_0039	Boundary	True	False			official_v6_boundary_cpps_invalid_or_incomplete_support
LA_E_1073787_0039	Interior_A	True	False	-79.9999999999983	-79.99999999999774	incomplete_strict_phone_support_for_nine_point_cpps_trajectory
LA_E_1073787_0039	Interior_B	True	False	-80.0000000000054	-79.99999999999774	incomplete_strict_phone_support_for_nine_point_cpps_trajectory
LA_E_1073787_0040	Boundary	True	False			official_v6_boundary_cpps_invalid_or_incomplete_support
LA_E_1073787_0040	Interior_A	True	False	-80.0000000000054	-79.99999999999774	incomplete_strict_phone_support_for_nine_point_cpps_trajectory
LA_E_1073787_0040	Interior_B	True	True	159.9999999999966	160.00000000000426	
LA_E_1073787_0055	Boundary	True	False			official_v6_boundary_cpps_invalid_or_incomplete_support
LA_E_1073787_0055	Interior_A	True	True	240.000000000002	240.00000000000256	
LA_E_1073787_0055	Interior_B	True	False	-7.105427357601002e-12	5.551115123125783e-13	incomplete_strict_phone_support_for_nine_point_cpps_trajectory
LA_E_1073787_0056	Boundary	True	False			official_v6_boundary_cpps_invalid_or_incomplete_support
LA_E_1073787_0056	Interior_A	True	False	-7.105427357601002e-12	5.551115123125783e-13	incomplete_strict_phone_support_for_nine_point_cpps_trajectory
LA_E_1073787_0056	Interior_B	True	True	399.9999999999986	400.00000000000625	
LA_E_1073787_0059	Boundary	True	True			
LA_E_1073787_0059	Interior_A	True	False	-160.0000000000108	-159.99999999999602	incomplete_strict_phone_support_for_nine_point_cpps_trajectory
LA_E_1073787_0059	Interior_B	True	True	79.9999999999983	79.99999999999885	
LA_E_1073787_0064	Boundary	True	True			
LA_E_1073787_0064	Interior_A	True	False	-160.0000000000108	-159.99999999999602	incomplete_strict_phone_support_for_nine_point_cpps_trajectory
LA_E_1073787_0064	Interior_B	True	False	-159.9999999999966	-159.99999999999602	incomplete_strict_phone_support_for_nine_point_cpps_trajectory
LA_E_1074126_0000	Boundary	True	True			
LA_E_1074126_0000	Interior_A	True	True	239.99999999999977	239.9999999999999	
LA_E_1074126_0000	Interior_B	True	False	-80.00000000000051	-79.99999999999952	incomplete_strict_phone_support_for_nine_point_cpps_trajectory
LA_E_1074126_0001	Boundary	True	True			
LA_E_1074126_0001	Interior_A	True	False	-80.00000000000051	-79.99999999999952	incomplete_strict_phone_support_for_nine_point_cpps_trajectory
LA_E_1074126_0001	Interior_B	True	True	320.0000000000003	319.99999999999994	
LA_E_1074126_0004	Boundary	True	False			official_v6_boundary_cpps_invalid_or_incomplete_support
LA_E_1074126_0004	Interior_A	True	True	79.99999999999918	80.00000000000063	
LA_E_1074126_0004	Interior_B	True	True	479.99999999999864	480.00000000000097	
LA_E_1074126_0005	Boundary	True	False			official_v6_boundary_cpps_invalid_or_incomplete_support
LA_E_1074126_0005	Interior_A	True	True	479.99999999999864	480.00000000000097	
LA_E_1074126_0005	Interior_B	True	True	719.9999999999989	720.0000000000013	
LA_E_1074126_0006	Boundary	True	True			
LA_E_1074126_0006	Interior_A	True	True	719.9999999999989	720.0000000000013	
LA_E_1074126_0006	Interior_B	True	True	160.00000000000014	159.99999999999892	
LA_E_1074126_0007	Boundary	True	False			official_v6_boundary_cpps_invalid_or_incomplete_support
LA_E_1074126_0007	Interior_A	True	True	160.00000000000014	159.99999999999892	
LA_E_1074126_0007	Interior_B	True	False	-80.00000000000185	-79.99999999999774	incomplete_strict_phone_support_for_nine_point_cpps_trajectory
LA_E_1074126_0008	Boundary	True	False			official_v6_boundary_cpps_invalid_or_incomplete_support
LA_E_1074126_0008	Interior_A	True	False	-80.00000000000185	-79.99999999999774	incomplete_strict_phone_support_for_nine_point_cpps_trajectory
LA_E_1074126_0008	Interior_B	True	True	160.00000000000014	159.99999999999716	
LA_E_1074126_0013	Boundary	True	False			official_v6_boundary_cpps_invalid_or_incomplete_support
LA_E_1074126_0013	Interior_A	True	True	79.9999999999983	79.99999999999885	
LA_E_1074126_0013	Interior_B	True	True	239.99999999999844	240.00000000000256	
LA_E_1074126_0014	Boundary	True	False			official_v6_boundary_cpps_invalid_or_incomplete_support
LA_E_1074126_0014	Interior_A	True	True	239.99999999999844	240.00000000000256	
LA_E_1074126_0014	Interior_B	True	True	879.999999999999	879.9999999999995	
LA_E_1074126_0015	Boundary	True	True			
LA_E_1074126_0015	Interior_A	True	True	879.999999999999	879.9999999999995	
LA_E_1074126_0015	Interior_B	True	True	160.00000000000014	160.0000000000007	
LA_E_1074126_0017	Boundary	True	True			
LA_E_1074126_0017	Interior_A	True	False	-79.9999999999983	-80.0000000000013	incomplete_strict_phone_support_for_nine_point_cpps_trajectory
LA_E_1074126_0017	Interior_B	True	False	0.0	5.551115123125783e-13	incomplete_strict_phone_support_for_nine_point_cpps_trajectory
LA_E_1074126_0018	Boundary	True	True			
LA_E_1074126_0018	Interior_A	True	False	0.0	5.551115123125783e-13	incomplete_strict_phone_support_for_nine_point_cpps_trajectory
LA_E_1074126_0018	Interior_B	True	False	-79.9999999999983	-80.00000000000485	incomplete_strict_phone_support_for_nine_point_cpps_trajectory
LA_E_1074126_0021	Boundary	True	True			
LA_E_1074126_0021	Interior_A	True	True	240.000000000002	239.99999999999545	
LA_E_1074126_0021	Interior_B	True	False	-160.0000000000037	-159.99999999999602	incomplete_strict_phone_support_for_nine_point_cpps_trajectory
LA_E_1074126_0024	Boundary	True	True			
LA_E_1074126_0024	Interior_A	True	False	-159.9999999999966	-160.00000000000313	incomplete_strict_phone_support_for_nine_point_cpps_trajectory
LA_E_1074126_0024	Interior_B	True	True	240.000000000002	239.99999999999545	
LA_E_1074126_0025	Boundary	True	True			
LA_E_1074126_0025	Interior_A	True	True	240.000000000002	239.99999999999545	
LA_E_1074126_0025	Interior_B	True	False	-159.9999999999966	-160.00000000000313	incomplete_strict_phone_support_for_nine_point_cpps_trajectory
LA_E_1074126_0026	Boundary	True	True			
LA_E_1074126_0026	Interior_A	True	False	-159.9999999999966	-160.00000000000313	incomplete_strict_phone_support_for_nine_point_cpps_trajectory
LA_E_1074126_0026	Interior_B	True	False	-159.9999999999966	-160.00000000000313	incomplete_strict_phone_support_for_nine_point_cpps_trajectory
LA_E_1074126_0027	Boundary	True	True			
LA_E_1074126_0027	Interior_A	True	False	-159.9999999999966	-160.00000000000313	incomplete_strict_phone_support_for_nine_point_cpps_trajectory
LA_E_1074126_0027	Interior_B	True	True	160.0000000000037	159.99999999999716	
LA_E_1074126_0033	Boundary	True	False			official_v6_boundary_cpps_invalid_or_incomplete_support
LA_E_1074126_0033	Interior_A	True	True	159.9999999999966	159.99999999999716	
LA_E_1074126_0033	Interior_B	True	False	0.0	5.551115123125783e-13	incomplete_strict_phone_support_for_nine_point_cpps_trajectory
LA_E_1074126_0034	Boundary	True	False			official_v6_boundary_cpps_invalid_or_incomplete_support
LA_E_1074126_0034	Interior_A	True	False	0.0	5.551115123125783e-13	incomplete_strict_phone_support_for_nine_point_cpps_trajectory
LA_E_1074126_0034	Interior_B	True	True	160.0000000000037	159.99999999999716	
LA_E_1074126_0037	Boundary	True	True			
LA_E_1074126_0037	Interior_A	True	False	-160.0000000000037	-159.99999999999602	incomplete_strict_phone_support_for_nine_point_cpps_trajectory
LA_E_1074126_0037	Interior_B	True	False	0.0	5.551115123125783e-13	incomplete_strict_phone_support_for_nine_point_cpps_trajectory
LA_E_1074126_0038	Boundary	True	False			official_v6_boundary_cpps_invalid_or_incomplete_support
LA_E_1074126_0038	Interior_A	True	False	0.0	5.551115123125783e-13	incomplete_strict_phone_support_for_nine_point_cpps_trajectory
LA_E_1074126_0038	Interior_B	True	False	-79.9999999999983	-80.00000000000485	incomplete_strict_phone_support_for_nine_point_cpps_trajectory
LA_E_1074126_0039	Boundary	True	False			official_v6_boundary_cpps_invalid_or_incomplete_support
LA_E_1074126_0039	Interior_A	True	False	-79.9999999999983	-80.00000000000485	incomplete_strict_phone_support_for_nine_point_cpps_trajectory
LA_E_1074126_0039	Interior_B	True	False	0.0	5.551115123125783e-13	incomplete_strict_phone_support_for_nine_point_cpps_trajectory
LA_E_1074126_0042	Boundary	True	False			official_v6_boundary_cpps_invalid_or_incomplete_support
LA_E_1074126_0042	Interior_A	True	True	159.9999999999966	160.00000000000426	
LA_E_1074126_0042	Interior_B	True	False	-80.0000000000054	-79.99999999999774	incomplete_strict_phone_support_for_nine_point_cpps_trajectory
LA_E_1074126_0043	Boundary	True	True			
LA_E_1074126_0043	Interior_A	True	False	-80.0000000000054	-79.99999999999774	incomplete_strict_phone_support_for_nine_point_cpps_trajectory
LA_E_1074126_0043	Interior_B	True	True	1439.9999999999977	1440.0000000000052	
LA_E_1074147_0002	Boundary	True	True			
LA_E_1074147_0002	Interior_A	True	False	-80.0000000000003	-79.99999999999996	incomplete_strict_phone_support_for_nine_point_cpps_trajectory
LA_E_1074147_0002	Interior_B	True	True	640.0000000000001	640.0000000000002	
LA_E_1074147_0006	Boundary	True	False			official_v6_boundary_cpps_invalid_or_incomplete_support
LA_E_1074147_0006	Interior_A	True	True	159.99999999999926	160.0000000000016	
LA_E_1074147_0006	Interior_B	True	True	480.00000000000045	479.9999999999992	
LA_E_1074147_0007	Boundary	True	False			official_v6_boundary_cpps_invalid_or_incomplete_support
LA_E_1074147_0007	Interior_A	True	True	480.00000000000045	479.9999999999992	
LA_E_1074147_0007	Interior_B	True	True	319.9999999999985	320.00000000000085	
LA_E_1074147_0008	Boundary	True	True			
LA_E_1074147_0008	Interior_A	True	True	319.9999999999985	320.00000000000085	
LA_E_1074147_0008	Interior_B	True	True	480.00000000000045	479.9999999999992	
LA_E_1074686_0000	Boundary	True	True			
LA_E_1074686_0000	Interior_A	True	False	1.1102230246251565e-13	-1.1102230246251565e-13	incomplete_strict_phone_support_for_nine_point_cpps_trajectory
LA_E_1074686_0000	Interior_B	True	False	-2.220446049250313e-13	1.1102230246251565e-13	incomplete_strict_phone_support_for_nine_point_cpps_trajectory
LA_E_1074686_0001	Boundary	True	True			
LA_E_1074686_0001	Interior_A	True	False	-2.220446049250313e-13	1.1102230246251565e-13	incomplete_strict_phone_support_for_nine_point_cpps_trajectory
LA_E_1074686_0001	Interior_B	True	False	-80.00000000000007	-79.99999999999996	incomplete_strict_phone_support_for_nine_point_cpps_trajectory
LA_E_1074686_0009	Boundary	True	False			official_v6_boundary_cpps_invalid_or_incomplete_support
LA_E_1074686_0009	Interior_A	True	False	0.0	5.551115123125783e-13	incomplete_strict_phone_support_for_nine_point_cpps_trajectory
LA_E_1074686_0009	Interior_B	True	False	-1.7763568394002505e-12	5.551115123125783e-13	incomplete_strict_phone_support_for_nine_point_cpps_trajectory
LA_E_1074686_0013	Boundary	True	False			official_v6_boundary_cpps_invalid_or_incomplete_support
LA_E_1074686_0013	Interior_A	True	True	400.00000000000034	399.99999999999915	
LA_E_1074686_0013	Interior_B	True	True	80.00000000000007	80.00000000000063	
LA_E_1074686_0014	Boundary	True	True			
LA_E_1074686_0014	Interior_A	True	True	80.00000000000007	80.00000000000063	
LA_E_1074686_0014	Interior_B	True	False	0.0	5.551115123125783e-13	incomplete_strict_phone_support_for_nine_point_cpps_trajectory
LA_E_1074686_0019	Boundary	True	False			official_v6_boundary_cpps_invalid_or_incomplete_support
LA_E_1074686_0019	Interior_A	True	True	239.99999999999844	240.00000000000256	
LA_E_1074686_0019	Interior_B	True	True	79.9999999999983	79.99999999999885	
LA_E_1074686_0020	Boundary	True	False			official_v6_boundary_cpps_invalid_or_incomplete_support
LA_E_1074686_0020	Interior_A	True	True	79.9999999999983	79.99999999999885	
LA_E_1074686_0020	Interior_B	True	True	160.00000000000014	160.0000000000007	
LA_E_1074686_0023	Boundary	True	True			
LA_E_1074686_0023	Interior_A	True	True	159.9999999999966	160.0000000000007	
LA_E_1074686_0023	Interior_B	True	False	-79.9999999999983	-80.0000000000013	incomplete_strict_phone_support_for_nine_point_cpps_trajectory
LA_E_1074686_0030	Boundary	True	True			
LA_E_1074686_0030	Interior_A	True	False	-159.9999999999966	-160.00000000000313	incomplete_strict_phone_support_for_nine_point_cpps_trajectory
LA_E_1074686_0030	Interior_B	True	True	399.9999999999986	400.00000000000625	
LA_E_1074686_0031	Boundary	True	True			
LA_E_1074686_0031	Interior_A	True	True	399.9999999999986	400.00000000000625	
LA_E_1074686_0031	Interior_B	True	False	-79.9999999999983	-80.00000000000485	incomplete_strict_phone_support_for_nine_point_cpps_trajectory
LA_E_1074686_0032	Boundary	True	True			
LA_E_1074686_0032	Interior_A	True	False	-79.9999999999983	-80.00000000000485	incomplete_strict_phone_support_for_nine_point_cpps_trajectory
LA_E_1074686_0032	Interior_B	True	False	0.0	5.551115123125783e-13	incomplete_strict_phone_support_for_nine_point_cpps_trajectory
LA_E_1074686_0033	Boundary	True	True			
LA_E_1074686_0033	Interior_A	True	False	0.0	5.551115123125783e-13	incomplete_strict_phone_support_for_nine_point_cpps_trajectory
LA_E_1074686_0033	Interior_B	True	True	79.9999999999983	79.99999999999885	
LA_E_1074686_0034	Boundary	True	False			official_v6_boundary_cpps_invalid_or_incomplete_support
LA_E_1074686_0034	Interior_A	True	True	79.9999999999983	79.99999999999885	
LA_E_1074686_0034	Interior_B	True	True	240.000000000002	239.99999999999545	
LA_E_1074686_0035	Boundary	True	False			official_v6_boundary_cpps_invalid_or_incomplete_support
LA_E_1074686_0035	Interior_A	True	True	240.000000000002	239.99999999999545	
LA_E_1074686_0035	Interior_B	True	False	0.0	5.551115123125783e-13	incomplete_strict_phone_support_for_nine_point_cpps_trajectory
LA_E_1074686_0036	Boundary	True	False			official_v6_boundary_cpps_invalid_or_incomplete_support
LA_E_1074686_0036	Interior_A	True	False	0.0	5.551115123125783e-13	incomplete_strict_phone_support_for_nine_point_cpps_trajectory
LA_E_1074686_0036	Interior_B	True	True	560.0000000000023	559.9999999999957	
LA_E_1074686_0037	Boundary	True	True			
LA_E_1074686_0037	Interior_A	True	True	560.0000000000023	559.9999999999957	
LA_E_1074686_0037	Interior_B	True	False	-159.9999999999966	-160.00000000000313	incomplete_strict_phone_support_for_nine_point_cpps_trajectory
LA_E_1074686_0045	Boundary	True	True			
LA_E_1074686_0045	Interior_A	True	False	-79.9999999999983	-79.99999999999774	incomplete_strict_phone_support_for_nine_point_cpps_trajectory
LA_E_1074686_0045	Interior_B	True	False	-160.0000000000037	-160.00000000000313	incomplete_strict_phone_support_for_nine_point_cpps_trajectory
LA_E_1074686_0046	Boundary	True	True			
LA_E_1074686_0046	Interior_A	True	False	-160.0000000000037	-160.00000000000313	incomplete_strict_phone_support_for_nine_point_cpps_trajectory
LA_E_1074686_0046	Interior_B	True	True	800.0000000000043	799.9999999999977	
LA_E_1075009_0003	Boundary	True	False			official_v6_boundary_cpps_invalid_or_incomplete_support
LA_E_1075009_0003	Interior_A	True	True	400.00000000000034	400.0	
LA_E_1075009_0003	Interior_B	True	False	-80.00000000000097	-79.99999999999862	incomplete_strict_phone_support_for_nine_point_cpps_trajectory
LA_E_1075009_0006	Boundary	True	True			
LA_E_1075009_0006	Interior_A	True	False	0.0	-1.2212453270876722e-12	incomplete_strict_phone_support_for_nine_point_cpps_trajectory
LA_E_1075009_0006	Interior_B	True	False	-1.7763568394002505e-12	5.551115123125783e-13	incomplete_strict_phone_support_for_nine_point_cpps_trajectory
LA_E_1075009_0014	Boundary	True	True			
LA_E_1075009_0014	Interior_A	True	False	0.0	5.551115123125783e-13	incomplete_strict_phone_support_for_nine_point_cpps_trajectory
LA_E_1075009_0014	Interior_B	True	False	-80.00000000000185	-80.0000000000013	incomplete_strict_phone_support_for_nine_point_cpps_trajectory
LA_E_1075009_0015	Boundary	True	True			
LA_E_1075009_0015	Interior_A	True	False	-80.00000000000185	-80.0000000000013	incomplete_strict_phone_support_for_nine_point_cpps_trajectory
LA_E_1075009_0015	Interior_B	True	True	80.00000000000185	79.99999999999885	
LA_E_1075009_0018	Boundary	True	True			
LA_E_1075009_0018	Interior_A	True	False	-160.00000000000014	-159.99999999999957	incomplete_strict_phone_support_for_nine_point_cpps_trajectory
LA_E_1075009_0018	Interior_B	True	True	239.99999999999844	239.999999999999	
LA_E_1075009_0019	Boundary	True	True			
LA_E_1075009_0019	Interior_A	True	True	239.99999999999844	239.999999999999	
LA_E_1075009_0019	Interior_B	True	False	0.0	5.551115123125783e-13	incomplete_strict_phone_support_for_nine_point_cpps_trajectory
LA_E_1075009_0020	Boundary	True	False			official_v6_boundary_cpps_invalid_or_incomplete_support
LA_E_1075009_0020	Interior_A	True	False	0.0	5.551115123125783e-13	incomplete_strict_phone_support_for_nine_point_cpps_trajectory
LA_E_1075009_0020	Interior_B	True	True	160.00000000000014	159.99999999999716	
LA_E_1075009_0021	Boundary	True	False			official_v6_boundary_cpps_invalid_or_incomplete_support
LA_E_1075009_0021	Interior_A	True	True	160.00000000000014	159.99999999999716	
LA_E_1075009_0021	Interior_B	True	True	79.9999999999983	80.0000000000024	
LA_E_1075239_0001	Boundary	True	False			official_v6_boundary_cpps_invalid_or_incomplete_support
LA_E_1075239_0001	Interior_A	True	False	-79.99999999999984	-80.00000000000018	incomplete_strict_phone_support_for_nine_point_cpps_trajectory
LA_E_1075239_0001	Interior_B	True	True	239.99999999999977	240.0000000000003	
LA_E_1075239_0002	Boundary	True	False			official_v6_boundary_cpps_invalid_or_incomplete_support
LA_E_1075239_0002	Interior_A	True	True	239.99999999999977	240.0000000000003	
LA_E_1075239_0002	Interior_B	True	False	-160.0000000000006	-159.99999999999957	incomplete_strict_phone_support_for_nine_point_cpps_trajectory
LA_E_1075239_0007	Boundary	True	True			
LA_E_1075239_0007	Interior_A	True	False	-160.00000000000193	-159.99999999999957	incomplete_strict_phone_support_for_nine_point_cpps_trajectory
LA_E_1075239_0007	Interior_B	True	True	160.00000000000014	159.99999999999892	
LA_E_1075239_0008	Boundary	True	True			
LA_E_1075239_0008	Interior_A	True	True	160.00000000000014	159.99999999999892	
LA_E_1075239_0008	Interior_B	True	False	-160.00000000000014	-159.99999999999957	incomplete_strict_phone_support_for_nine_point_cpps_trajectory
LA_E_1075239_0013	Boundary	True	True			
LA_E_1075239_0013	Interior_A	True	False	-80.00000000000185	-79.99999999999774	incomplete_strict_phone_support_for_nine_point_cpps_trajectory
LA_E_1075239_0013	Interior_B	True	True	399.9999999999986	399.99999999999915	
LA_E_1075239_0016	Boundary	True	False			official_v6_boundary_cpps_invalid_or_incomplete_support
LA_E_1075239_0016	Interior_A	True	False	0.0	5.551115123125783e-13	incomplete_strict_phone_support_for_nine_point_cpps_trajectory
LA_E_1075239_0016	Interior_B	True	True	399.9999999999986	399.99999999999915	
LA_E_1075239_0017	Boundary	True	False			official_v6_boundary_cpps_invalid_or_incomplete_support
LA_E_1075239_0017	Interior_A	True	True	399.9999999999986	399.99999999999915	
LA_E_1075239_0017	Interior_B	True	False	0.0	5.551115123125783e-13	incomplete_strict_phone_support_for_nine_point_cpps_trajectory
LA_E_1075239_0018	Boundary	True	True			
LA_E_1075239_0018	Interior_A	True	False	0.0	5.551115123125783e-13	incomplete_strict_phone_support_for_nine_point_cpps_trajectory
LA_E_1075239_0018	Interior_B	True	True	559.9999999999987	559.9999999999993	
LA_E_1079089_0004	Boundary	True	False			official_v6_boundary_cpps_invalid_or_incomplete_support
LA_E_1079089_0004	Interior_A	True	True	160.00000000000014	159.9999999999998	
LA_E_1079089_0004	Interior_B	True	True	400.00000000000034	400.0	
LA_E_1079089_0013	Boundary	True	False			official_v6_boundary_cpps_invalid_or_incomplete_support
LA_E_1079089_0013	Interior_A	True	True	560.0000000000005	559.9999999999993	
LA_E_1079089_0013	Interior_B	True	False	-160.00000000000014	-159.99999999999957	incomplete_strict_phone_support_for_nine_point_cpps_trajectory
LA_E_1079089_0014	Boundary	True	False			official_v6_boundary_cpps_invalid_or_incomplete_support
LA_E_1079089_0014	Interior_A	True	False	-160.00000000000014	-159.99999999999957	incomplete_strict_phone_support_for_nine_point_cpps_trajectory
LA_E_1079089_0014	Interior_B	True	False	-160.00000000000014	-160.00000000000313	incomplete_strict_phone_support_for_nine_point_cpps_trajectory
LA_E_1079089_0016	Boundary	True	True			
LA_E_1079089_0016	Interior_A	True	True	79.9999999999983	80.0000000000024	
LA_E_1079089_0016	Interior_B	True	False	-160.00000000000014	-159.99999999999957	incomplete_strict_phone_support_for_nine_point_cpps_trajectory
LA_E_1079089_0017	Boundary	True	True			
LA_E_1079089_0017	Interior_A	True	False	-160.00000000000014	-159.99999999999957	incomplete_strict_phone_support_for_nine_point_cpps_trajectory
LA_E_1079089_0017	Interior_B	True	False	0.0	5.551115123125783e-13	incomplete_strict_phone_support_for_nine_point_cpps_trajectory
LA_E_1079089_0018	Boundary	True	False			official_v6_boundary_cpps_invalid_or_incomplete_support
LA_E_1079089_0018	Interior_A	True	False	0.0	5.551115123125783e-13	incomplete_strict_phone_support_for_nine_point_cpps_trajectory
LA_E_1079089_0018	Interior_B	True	True	159.9999999999966	160.0000000000007	
LA_E_1079089_0022	Boundary	True	True			
LA_E_1079089_0022	Interior_A	True	True	799.9999999999972	800.0000000000013	
LA_E_1079089_0022	Interior_B	True	True	79.9999999999983	80.0000000000024	
LA_E_1079089_0025	Boundary	True	True			
LA_E_1079089_0025	Interior_A	True	True	479.9999999999969	480.00000000000097	
LA_E_1079089_0025	Interior_B	True	False	-160.0000000000037	-159.99999999999602	incomplete_strict_phone_support_for_nine_point_cpps_trajectory
LA_E_1079089_0028	Boundary	True	False			official_v6_boundary_cpps_invalid_or_incomplete_support
LA_E_1079089_0028	Interior_A	True	True	320.0000000000003	320.00000000000085	
LA_E_1079089_0028	Interior_B	True	True	79.9999999999983	79.99999999999885	
LA_E_1079089_0029	Boundary	True	True			
LA_E_1079089_0029	Interior_A	True	True	79.9999999999983	79.99999999999885	
LA_E_1079089_0029	Interior_B	True	False	0.0	5.551115123125783e-13	incomplete_strict_phone_support_for_nine_point_cpps_trajectory
LA_E_1079089_0030	Boundary	True	False			official_v6_boundary_cpps_invalid_or_incomplete_support
LA_E_1079089_0030	Interior_A	True	False	0.0	5.551115123125783e-13	incomplete_strict_phone_support_for_nine_point_cpps_trajectory
LA_E_1079089_0030	Interior_B	True	True	240.000000000002	239.99999999999545	
LA_E_1079089_0031	Boundary	True	False			official_v6_boundary_cpps_invalid_or_incomplete_support
LA_E_1079089_0031	Interior_A	True	True	240.000000000002	239.99999999999545	
LA_E_1079089_0031	Interior_B	True	True	399.9999999999986	399.99999999999915	
LA_E_1079089_0032	Boundary	True	True			
LA_E_1079089_0032	Interior_A	True	True	399.9999999999986	399.99999999999915	
LA_E_1079089_0032	Interior_B	True	False	0.0	5.551115123125783e-13	incomplete_strict_phone_support_for_nine_point_cpps_trajectory
LA_E_1079089_0033	Boundary	True	False			official_v6_boundary_cpps_invalid_or_incomplete_support
LA_E_1079089_0033	Interior_A	True	False	0.0	5.551115123125783e-13	incomplete_strict_phone_support_for_nine_point_cpps_trajectory
LA_E_1079089_0033	Interior_B	True	True	240.000000000002	239.99999999999545	
LA_E_1079089_0036	Boundary	True	True			
LA_E_1079089_0036	Interior_A	True	False	-79.9999999999983	-79.99999999999774	incomplete_strict_phone_support_for_nine_point_cpps_trajectory
LA_E_1079089_0036	Interior_B	True	True	79.9999999999983	79.99999999999885	
LA_E_1079089_0037	Boundary	True	True			
LA_E_1079089_0037	Interior_A	True	True	79.9999999999983	79.99999999999885	
LA_E_1079089_0037	Interior_B	True	True	479.9999999999969	480.00000000000455	
LA_E_1079089_0038	Boundary	True	True			
LA_E_1079089_0038	Interior_A	True	True	479.9999999999969	480.00000000000455	
LA_E_1079089_0038	Interior_B	True	True	159.9999999999966	159.99999999999716	
LA_E_1079089_0039	Boundary	True	True			
LA_E_1079089_0039	Interior_A	True	True	159.9999999999966	159.99999999999716	
LA_E_1079089_0039	Interior_B	True	True	400.0000000000057	399.99999999999915	
LA_E_1079089_0040	Boundary	True	True			
LA_E_1079089_0040	Interior_A	True	True	400.0000000000057	399.99999999999915	
LA_E_1079089_0040	Interior_B	True	False	-80.0000000000054	-79.99999999999774	incomplete_strict_phone_support_for_nine_point_cpps_trajectory
LA_E_1079089_0044	Boundary	True	True			
LA_E_1079089_0044	Interior_A	True	False	-79.9999999999983	-80.00000000000485	incomplete_strict_phone_support_for_nine_point_cpps_trajectory
LA_E_1079089_0044	Interior_B	True	True	399.9999999999986	400.00000000000625	
LA_E_1079089_0045	Boundary	True	False			official_v6_boundary_cpps_invalid_or_incomplete_support
LA_E_1079089_0045	Interior_A	True	True	399.9999999999986	400.00000000000625	
LA_E_1079089_0045	Interior_B	True	True	239.99999999999488	240.00000000000256	
LA_E_1079089_0046	Boundary	True	False			official_v6_boundary_cpps_invalid_or_incomplete_support
LA_E_1079089_0046	Interior_A	True	True	239.99999999999488	240.00000000000256	
LA_E_1079089_0046	Interior_B	True	False	-80.0000000000054	-79.99999999999774	incomplete_strict_phone_support_for_nine_point_cpps_trajectory
LA_E_1079089_0049	Boundary	True	True			
LA_E_1079089_0049	Interior_A	True	False	-80.0000000000054	-79.99999999999774	incomplete_strict_phone_support_for_nine_point_cpps_trajectory
LA_E_1079089_0049	Interior_B	True	False	-79.9999999999983	-79.99999999999774	incomplete_strict_phone_support_for_nine_point_cpps_trajectory
LA_E_1079089_0050	Boundary	True	False			official_v6_boundary_cpps_invalid_or_incomplete_support
LA_E_1079089_0050	Interior_A	True	False	-79.9999999999983	-79.99999999999774	incomplete_strict_phone_support_for_nine_point_cpps_trajectory
LA_E_1079089_0050	Interior_B	True	True	319.9999999999932	320.00000000000796	
LA_E_1080267_0001	Boundary	True	False			official_v6_boundary_cpps_invalid_or_incomplete_support
LA_E_1080267_0001	Interior_A	True	False	-160.00000000000102	-159.9999999999987	incomplete_strict_phone_support_for_nine_point_cpps_trajectory
LA_E_1080267_0001	Interior_B	True	False	-79.99999999999918	-79.99999999999952	incomplete_strict_phone_support_for_nine_point_cpps_trajectory
LA_E_1080267_0002	Boundary	True	False			official_v6_boundary_cpps_invalid_or_incomplete_support
LA_E_1080267_0002	Interior_A	True	False	-79.99999999999918	-79.99999999999952	incomplete_strict_phone_support_for_nine_point_cpps_trajectory
LA_E_1080267_0002	Interior_B	True	False	0.0	-1.2212453270876722e-12	incomplete_strict_phone_support_for_nine_point_cpps_trajectory
LA_E_1080267_0003	Boundary	True	False			official_v6_boundary_cpps_invalid_or_incomplete_support
LA_E_1080267_0003	Interior_A	True	False	0.0	-1.2212453270876722e-12	incomplete_strict_phone_support_for_nine_point_cpps_trajectory
LA_E_1080267_0003	Interior_B	True	True	240.00000000000023	239.999999999999	
LA_E_1080267_0004	Boundary	True	True			
LA_E_1080267_0004	Interior_A	True	True	240.00000000000023	239.999999999999	
LA_E_1080267_0004	Interior_B	True	False	0.0	-1.2212453270876722e-12	incomplete_strict_phone_support_for_nine_point_cpps_trajectory
LA_E_1080267_0005	Boundary	True	True			
LA_E_1080267_0005	Interior_A	True	False	0.0	-1.2212453270876722e-12	incomplete_strict_phone_support_for_nine_point_cpps_trajectory
LA_E_1080267_0005	Interior_B	True	False	-160.00000000000014	-159.99999999999957	incomplete_strict_phone_support_for_nine_point_cpps_trajectory
LA_E_1080267_0008	Boundary	True	False			official_v6_boundary_cpps_invalid_or_incomplete_support
LA_E_1080267_0008	Interior_A	True	False	-160.00000000000193	-159.99999999999957	incomplete_strict_phone_support_for_nine_point_cpps_trajectory
LA_E_1080267_0008	Interior_B	True	False	-160.00000000000014	-159.99999999999957	incomplete_strict_phone_support_for_nine_point_cpps_trajectory
LA_E_1080267_0009	Boundary	True	True			
LA_E_1080267_0009	Interior_A	True	False	-160.00000000000014	-159.99999999999957	incomplete_strict_phone_support_for_nine_point_cpps_trajectory
LA_E_1080267_0009	Interior_B	True	False	-160.00000000000014	-159.99999999999957	incomplete_strict_phone_support_for_nine_point_cpps_trajectory
LA_E_1080267_0010	Boundary	True	True			
LA_E_1080267_0010	Interior_A	True	False	-160.00000000000014	-159.99999999999957	incomplete_strict_phone_support_for_nine_point_cpps_trajectory
LA_E_1080267_0010	Interior_B	True	False	-3.552713678800501e-12	5.551115123125783e-13	incomplete_strict_phone_support_for_nine_point_cpps_trajectory
LA_E_1080267_0011	Boundary	True	True			
LA_E_1080267_0011	Interior_A	True	False	-3.552713678800501e-12	5.551115123125783e-13	incomplete_strict_phone_support_for_nine_point_cpps_trajectory
LA_E_1080267_0011	Interior_B	True	False	-160.00000000000014	-159.99999999999957	incomplete_strict_phone_support_for_nine_point_cpps_trajectory
LA_E_1080267_0015	Boundary	True	True			
LA_E_1080267_0015	Interior_A	True	False	-80.00000000000185	-80.0000000000013	incomplete_strict_phone_support_for_nine_point_cpps_trajectory
LA_E_1080267_0015	Interior_B	True	False	-160.00000000000014	-159.99999999999957	incomplete_strict_phone_support_for_nine_point_cpps_trajectory
LA_E_1080267_0019	Boundary	True	False			official_v6_boundary_cpps_invalid_or_incomplete_support
LA_E_1080267_0019	Interior_A	True	True	79.9999999999983	79.99999999999885	
LA_E_1080267_0019	Interior_B	True	False	0.0	5.551115123125783e-13	incomplete_strict_phone_support_for_nine_point_cpps_trajectory
LA_E_1080267_0025	Boundary	True	False			official_v6_boundary_cpps_invalid_or_incomplete_support
LA_E_1080267_0025	Interior_A	True	False	-160.00000000000014	-160.00000000000313	incomplete_strict_phone_support_for_nine_point_cpps_trajectory
LA_E_1080267_0025	Interior_B	True	False	-79.9999999999983	-79.99999999999774	incomplete_strict_phone_support_for_nine_point_cpps_trajectory
LA_E_1080267_0026	Boundary	True	False			official_v6_boundary_cpps_invalid_or_incomplete_support
LA_E_1080267_0026	Interior_A	True	False	-79.9999999999983	-79.99999999999774	incomplete_strict_phone_support_for_nine_point_cpps_trajectory
LA_E_1080267_0026	Interior_B	True	False	0.0	5.551115123125783e-13	incomplete_strict_phone_support_for_nine_point_cpps_trajectory
LA_E_1080267_0029	Boundary	True	False			official_v6_boundary_cpps_invalid_or_incomplete_support
LA_E_1080267_0029	Interior_A	True	False	-80.0000000000054	-79.99999999999774	incomplete_strict_phone_support_for_nine_point_cpps_trajectory
LA_E_1080267_0029	Interior_B	True	True	240.000000000002	239.99999999999545	
LA_E_1080267_0038	Boundary	True	False			official_v6_boundary_cpps_invalid_or_incomplete_support
LA_E_1080267_0038	Interior_A	True	False	-159.9999999999966	-160.00000000000313	incomplete_strict_phone_support_for_nine_point_cpps_trajectory
LA_E_1080267_0038	Interior_B	True	True	79.9999999999983	80.00000000000595	
LA_E_1080408_0004	Boundary	True	True			
LA_E_1080408_0004	Interior_A	True	True	80.00000000000007	79.99999999999974	
LA_E_1080408_0004	Interior_B	True	False	-8.881784197001252e-13	1.4432899320127035e-12	incomplete_strict_phone_support_for_nine_point_cpps_trajectory
LA_E_1080408_0005	Boundary	True	True			
LA_E_1080408_0005	Interior_A	True	False	-8.881784197001252e-13	1.4432899320127035e-12	incomplete_strict_phone_support_for_nine_point_cpps_trajectory
LA_E_1080408_0005	Interior_B	True	False	-80.00000000000007	-79.99999999999952	incomplete_strict_phone_support_for_nine_point_cpps_trajectory
LA_E_1080408_0012	Boundary	True	True			
LA_E_1080408_0012	Interior_A	True	True	320.0000000000003	319.9999999999991	
LA_E_1080408_0012	Interior_B	True	True	80.00000000000007	79.99999999999885	
LA_E_1080408_0013	Boundary	True	True			
LA_E_1080408_0013	Interior_A	True	True	80.00000000000007	79.99999999999885	
LA_E_1080408_0013	Interior_B	True	False	-80.00000000000007	-79.99999999999952	incomplete_strict_phone_support_for_nine_point_cpps_trajectory
LA_E_1080408_0014	Boundary	True	False			official_v6_boundary_cpps_invalid_or_incomplete_support
LA_E_1080408_0014	Interior_A	True	False	-80.00000000000007	-79.99999999999952	incomplete_strict_phone_support_for_nine_point_cpps_trajectory
LA_E_1080408_0014	Interior_B	True	False	-79.9999999999983	-80.0000000000013	incomplete_strict_phone_support_for_nine_point_cpps_trajectory
LA_E_1080945_0000	Boundary	True	True			
LA_E_1080945_0000	Interior_A	True	False	-80.00000000000007	-79.99999999999996	incomplete_strict_phone_support_for_nine_point_cpps_trajectory
LA_E_1080945_0000	Interior_B	True	True	159.9999999999997	160.00000000000026	
LA_E_1080945_0001	Boundary	True	False			official_v6_boundary_cpps_invalid_or_incomplete_support
LA_E_1080945_0001	Interior_A	True	True	159.9999999999997	160.00000000000026	
LA_E_1080945_0001	Interior_B	True	True	320.0000000000003	319.99999999999994	
LA_E_1080945_0002	Boundary	True	False			official_v6_boundary_cpps_invalid_or_incomplete_support
LA_E_1080945_0002	Interior_A	True	True	320.0000000000003	319.99999999999994	
LA_E_1080945_0002	Interior_B	True	False	-160.00000000000014	-159.99999999999957	incomplete_strict_phone_support_for_nine_point_cpps_trajectory
LA_E_1080945_0008	Boundary	True	True			
LA_E_1080945_0008	Interior_A	True	True	240.00000000000023	239.999999999999	
LA_E_1080945_0008	Interior_B	True	False	0.0	-1.2212453270876722e-12	incomplete_strict_phone_support_for_nine_point_cpps_trajectory
LA_E_1080945_0009	Boundary	True	True			
LA_E_1080945_0009	Interior_A	True	False	0.0	-1.2212453270876722e-12	incomplete_strict_phone_support_for_nine_point_cpps_trajectory
LA_E_1080945_0009	Interior_B	True	False	-160.00000000000014	-159.99999999999957	incomplete_strict_phone_support_for_nine_point_cpps_trajectory
LA_E_1080945_0024	Boundary	True	False			official_v6_boundary_cpps_invalid_or_incomplete_support
LA_E_1080945_0024	Interior_A	True	False	-80.00000000000185	-80.0000000000013	incomplete_strict_phone_support_for_nine_point_cpps_trajectory
LA_E_1080945_0024	Interior_B	True	False	-79.9999999999983	-80.0000000000013	incomplete_strict_phone_support_for_nine_point_cpps_trajectory
LA_E_1080945_0025	Boundary	True	False			official_v6_boundary_cpps_invalid_or_incomplete_support
LA_E_1080945_0025	Interior_A	True	False	-79.9999999999983	-80.0000000000013	incomplete_strict_phone_support_for_nine_point_cpps_trajectory
LA_E_1080945_0025	Interior_B	True	True	399.9999999999986	400.0000000000027	
LA_E_1082775_0002	Boundary	True	False			official_v6_boundary_cpps_invalid_or_incomplete_support
LA_E_1082775_0002	Interior_A	True	False	-80.00000000000007	-79.99999999999996	incomplete_strict_phone_support_for_nine_point_cpps_trajectory
LA_E_1082775_0002	Interior_B	True	True	319.99999999999983	319.99999999999994	
LA_E_1082775_0003	Boundary	True	False			official_v6_boundary_cpps_invalid_or_incomplete_support
LA_E_1082775_0003	Interior_A	True	True	319.99999999999983	319.99999999999994	
LA_E_1082775_0003	Interior_B	True	False	0.0	5.551115123125783e-13	incomplete_strict_phone_support_for_nine_point_cpps_trajectory
LA_E_1082775_0004	Boundary	True	True			
LA_E_1082775_0004	Interior_A	True	False	0.0	5.551115123125783e-13	incomplete_strict_phone_support_for_nine_point_cpps_trajectory
LA_E_1082775_0004	Interior_B	True	False	-160.00000000000014	-159.99999999999957	incomplete_strict_phone_support_for_nine_point_cpps_trajectory
LA_E_1082775_0009	Boundary	True	False			official_v6_boundary_cpps_invalid_or_incomplete_support
LA_E_1082775_0009	Interior_A	True	False	-160.00000000000193	-159.99999999999957	incomplete_strict_phone_support_for_nine_point_cpps_trajectory
LA_E_1082775_0009	Interior_B	True	False	-80.00000000000007	-79.99999999999952	incomplete_strict_phone_support_for_nine_point_cpps_trajectory
LA_E_1082775_0010	Boundary	True	False			official_v6_boundary_cpps_invalid_or_incomplete_support
LA_E_1082775_0010	Interior_A	True	False	-80.00000000000007	-79.99999999999952	incomplete_strict_phone_support_for_nine_point_cpps_trajectory
LA_E_1082775_0010	Interior_B	True	True	160.00000000000014	159.99999999999892	
LA_E_1082775_0019	Boundary	True	False			official_v6_boundary_cpps_invalid_or_incomplete_support
LA_E_1082775_0019	Interior_A	True	False	0.0	5.551115123125783e-13	incomplete_strict_phone_support_for_nine_point_cpps_trajectory
LA_E_1082775_0019	Interior_B	True	False	-80.00000000000185	-80.0000000000013	incomplete_strict_phone_support_for_nine_point_cpps_trajectory
LA_E_1082775_0020	Boundary	True	False			official_v6_boundary_cpps_invalid_or_incomplete_support
LA_E_1082775_0020	Interior_A	True	False	-80.00000000000185	-80.0000000000013	incomplete_strict_phone_support_for_nine_point_cpps_trajectory
LA_E_1082775_0020	Interior_B	True	False	-79.9999999999983	-80.0000000000013	incomplete_strict_phone_support_for_nine_point_cpps_trajectory
LA_E_1082775_0024	Boundary	True	False			official_v6_boundary_cpps_invalid_or_incomplete_support
LA_E_1082775_0024	Interior_A	True	False	0.0	-2.9976021664879227e-12	incomplete_strict_phone_support_for_nine_point_cpps_trajectory
LA_E_1082775_0024	Interior_B	True	False	0.0	5.551115123125783e-13	incomplete_strict_phone_support_for_nine_point_cpps_trajectory
LA_E_1082775_0028	Boundary	True	True			
LA_E_1082775_0028	Interior_A	True	True	160.00000000000014	159.99999999999716	
LA_E_1082775_0028	Interior_B	True	True	240.000000000002	239.999999999999	
LA_E_1082775_0031	Boundary	True	False			official_v6_boundary_cpps_invalid_or_incomplete_support
LA_E_1082775_0031	Interior_A	True	True	240.000000000002	240.00000000000256	
LA_E_1082775_0031	Interior_B	True	True	159.9999999999966	159.99999999999716	
LA_E_1082775_0032	Boundary	True	False			official_v6_boundary_cpps_invalid_or_incomplete_support
LA_E_1082775_0032	Interior_A	True	True	159.9999999999966	159.99999999999716	
LA_E_1082775_0032	Interior_B	True	True	400.0000000000057	399.99999999999915	
LA_E_1082775_0038	Boundary	True	True			
LA_E_1082775_0038	Interior_A	True	False	-79.9999999999983	-79.99999999999774	incomplete_strict_phone_support_for_nine_point_cpps_trajectory
LA_E_1082775_0038	Interior_B	True	True	79.9999999999983	79.99999999999885	
LA_E_1082775_0039	Boundary	True	False			official_v6_boundary_cpps_invalid_or_incomplete_support
LA_E_1082775_0039	Interior_A	True	True	79.9999999999983	79.99999999999885	
LA_E_1082775_0039	Interior_B	True	True	240.000000000002	239.99999999999545	
LA_E_1082775_0049	Boundary	True	False			official_v6_boundary_cpps_invalid_or_incomplete_support
LA_E_1082775_0049	Interior_A	True	False	0.0	5.551115123125783e-13	incomplete_strict_phone_support_for_nine_point_cpps_trajectory
LA_E_1082775_0049	Interior_B	True	False	-160.0000000000037	-159.99999999999602	incomplete_strict_phone_support_for_nine_point_cpps_trajectory
LA_E_1082775_0050	Boundary	True	False			official_v6_boundary_cpps_invalid_or_incomplete_support
LA_E_1082775_0050	Interior_A	True	False	-160.0000000000037	-159.99999999999602	incomplete_strict_phone_support_for_nine_point_cpps_trajectory
LA_E_1082775_0050	Interior_B	True	True	239.99999999999488	240.00000000000256	
LA_E_1082775_0058	Boundary	True	True			
LA_E_1082775_0058	Interior_A	True	False	0.0	5.551115123125783e-13	incomplete_strict_phone_support_for_nine_point_cpps_trajectory
LA_E_1082775_0058	Interior_B	True	False	-160.0000000000037	-159.99999999999602	incomplete_strict_phone_support_for_nine_point_cpps_trajectory
LA_E_1083022_0000	Boundary	True	True			
LA_E_1083022_0000	Interior_A	True	False	1.1102230246251565e-13	-1.1102230246251565e-13	incomplete_strict_phone_support_for_nine_point_cpps_trajectory
LA_E_1083022_0000	Interior_B	True	False	-2.220446049250313e-13	1.1102230246251565e-13	incomplete_strict_phone_support_for_nine_point_cpps_trajectory
LA_E_1083022_0004	Boundary	True	True			
LA_E_1083022_0004	Interior_A	True	True	559.9999999999997	560.0000000000001	
LA_E_1083022_0004	Interior_B	True	False	-8.881784197001252e-13	1.4432899320127035e-12	incomplete_strict_phone_support_for_nine_point_cpps_trajectory
LA_E_1083022_0005	Boundary	True	True			
LA_E_1083022_0005	Interior_A	True	False	-8.881784197001252e-13	1.4432899320127035e-12	incomplete_strict_phone_support_for_nine_point_cpps_trajectory
LA_E_1083022_0005	Interior_B	True	False	-159.99999999999926	-159.99999999999957	incomplete_strict_phone_support_for_nine_point_cpps_trajectory
LA_E_1083022_0006	Boundary	True	True			
LA_E_1083022_0006	Interior_A	True	False	-159.99999999999926	-159.99999999999957	incomplete_strict_phone_support_for_nine_point_cpps_trajectory
LA_E_1083022_0006	Interior_B	True	False	-160.00000000000014	-160.00000000000136	incomplete_strict_phone_support_for_nine_point_cpps_trajectory
LA_E_1085519_0007	Boundary	True	False			official_v6_boundary_cpps_invalid_or_incomplete_support
LA_E_1085519_0007	Interior_A	True	False	-160.00000000000102	-159.9999999999987	incomplete_strict_phone_support_for_nine_point_cpps_trajectory
LA_E_1085519_0007	Interior_B	True	True	79.99999999999918	80.00000000000063	
LA_E_1085519_0008	Boundary	True	True			
LA_E_1085519_0008	Interior_A	True	True	79.99999999999918	80.00000000000063	
LA_E_1085519_0008	Interior_B	True	True	400.00000000000034	399.99999999999915	
LA_E_1085519_0009	Boundary	True	True			
LA_E_1085519_0009	Interior_A	True	True	400.00000000000034	399.99999999999915	
LA_E_1085519_0009	Interior_B	True	False	-80.00000000000007	-79.99999999999952	incomplete_strict_phone_support_for_nine_point_cpps_trajectory
LA_E_1085519_0013	Boundary	True	True			
LA_E_1085519_0013	Interior_A	True	False	-160.00000000000014	-160.00000000000136	incomplete_strict_phone_support_for_nine_point_cpps_trajectory
LA_E_1085519_0013	Interior_B	True	True	79.9999999999983	80.0000000000024	
LA_E_1085519_0014	Boundary	True	True			
LA_E_1085519_0014	Interior_A	True	True	79.9999999999983	80.0000000000024	
LA_E_1085519_0014	Interior_B	True	False	-160.00000000000014	-159.99999999999957	incomplete_strict_phone_support_for_nine_point_cpps_trajectory
LA_E_1085519_0015	Boundary	True	True			
LA_E_1085519_0015	Interior_A	True	False	-160.00000000000014	-159.99999999999957	incomplete_strict_phone_support_for_nine_point_cpps_trajectory
LA_E_1085519_0015	Interior_B	True	False	-160.0000000000037	-159.99999999999957	incomplete_strict_phone_support_for_nine_point_cpps_trajectory
LA_E_1085519_0017	Boundary	True	True			
LA_E_1085519_0017	Interior_A	True	False	-160.00000000000014	-159.99999999999957	incomplete_strict_phone_support_for_nine_point_cpps_trajectory
LA_E_1085519_0017	Interior_B	True	True	480.00000000000045	480.00000000000097	
LA_E_1085519_0018	Boundary	True	True			
LA_E_1085519_0018	Interior_A	True	True	480.00000000000045	480.00000000000097	
LA_E_1085519_0018	Interior_B	True	True	559.9999999999987	559.9999999999993	
LA_E_1087830_0001	Boundary	True	True			
LA_E_1087830_0001	Interior_A	True	True	1.1102230246251565e-13	1.1102230246251565e-13	
LA_E_1087830_0001	Interior_B	True	True	79.99999999999963	80.00000000000018	
LA_E_1087830_0004	Boundary	True	True			
LA_E_1087830_0004	Interior_A	True	True	639.9999999999997	640.0000000000002	
LA_E_1087830_0004	Interior_B	True	True	80.00000000000007	80.00000000000063	
LA_E_1087830_0017	Boundary	True	True			
LA_E_1087830_0017	Interior_A	True	False	-160.00000000000014	-159.99999999999957	incomplete_strict_phone_support_for_nine_point_cpps_trajectory
LA_E_1087830_0017	Interior_B	True	True	160.00000000000014	160.0000000000007	
LA_E_1087830_0018	Boundary	True	True			
LA_E_1087830_0018	Interior_A	True	True	160.00000000000014	160.0000000000007	
LA_E_1087830_0018	Interior_B	True	False	-160.00000000000014	-159.99999999999957	incomplete_strict_phone_support_for_nine_point_cpps_trajectory
LA_E_1087830_0019	Boundary	True	True			
LA_E_1087830_0019	Interior_A	True	False	-160.00000000000014	-159.99999999999957	incomplete_strict_phone_support_for_nine_point_cpps_trajectory
LA_E_1087830_0019	Interior_B	True	True	479.9999999999969	480.00000000000097	
LA_E_1087830_0020	Boundary	True	True			
LA_E_1087830_0020	Interior_A	True	True	479.9999999999969	480.00000000000097	
LA_E_1087830_0020	Interior_B	True	True	960.0000000000009	959.9999999999978	
LA_E_1088769_0000	Boundary	True	False			official_v6_boundary_cpps_invalid_or_incomplete_support
LA_E_1088769_0000	Interior_A	True	True	559.9999999999997	559.9999999999998	
LA_E_1088769_0000	Interior_B	True	False	-80.00000000000097	-79.99999999999862	incomplete_strict_phone_support_for_nine_point_cpps_trajectory
LA_E_1088769_0006	Boundary	True	False			official_v6_boundary_cpps_invalid_or_incomplete_support
LA_E_1088769_0006	Interior_A	True	True	160.00000000000014	160.0000000000007	
LA_E_1088769_0006	Interior_B	True	True	240.00000000000023	239.999999999999	
LA_E_1088769_0011	Boundary	True	False			official_v6_boundary_cpps_invalid_or_incomplete_support
LA_E_1088769_0011	Interior_A	True	True	159.99999999999835	160.0000000000007	
LA_E_1088769_0011	Interior_B	True	True	80.00000000000185	79.99999999999885	
LA_E_1088769_0013	Boundary	True	False			official_v6_boundary_cpps_invalid_or_incomplete_support
LA_E_1088769_0013	Interior_A	True	False	-160.0000000000037	-159.99999999999957	incomplete_strict_phone_support_for_nine_point_cpps_trajectory
LA_E_1088769_0013	Interior_B	True	False	-160.00000000000014	-159.99999999999957	incomplete_strict_phone_support_for_nine_point_cpps_trajectory
LA_E_1088769_0017	Boundary	True	False			official_v6_boundary_cpps_invalid_or_incomplete_support
LA_E_1088769_0017	Interior_A	True	False	-160.00000000000014	-160.00000000000313	incomplete_strict_phone_support_for_nine_point_cpps_trajectory
LA_E_1088769_0017	Interior_B	True	False	0.0	5.551115123125783e-13	incomplete_strict_phone_support_for_nine_point_cpps_trajectory
LA_E_1088769_0021	Boundary	True	False			official_v6_boundary_cpps_invalid_or_incomplete_support
LA_E_1088769_0021	Interior_A	True	False	0.0	5.551115123125783e-13	incomplete_strict_phone_support_for_nine_point_cpps_trajectory
LA_E_1088769_0021	Interior_B	True	False	-160.0000000000037	-159.99999999999957	incomplete_strict_phone_support_for_nine_point_cpps_trajectory
LA_E_1088769_0023	Boundary	True	False			official_v6_boundary_cpps_invalid_or_incomplete_support
LA_E_1088769_0023	Interior_A	True	True	80.00000000000185	79.99999999999885	
LA_E_1088769_0023	Interior_B	True	False	-160.00000000000014	-159.99999999999957	incomplete_strict_phone_support_for_nine_point_cpps_trajectory
LA_E_1088769_0024	Boundary	True	True			
LA_E_1088769_0024	Interior_A	True	False	-160.00000000000014	-159.99999999999957	incomplete_strict_phone_support_for_nine_point_cpps_trajectory
LA_E_1088769_0024	Interior_B	True	False	-80.00000000000185	-80.0000000000013	incomplete_strict_phone_support_for_nine_point_cpps_trajectory
LA_E_1091453_0000	Boundary	True	True			
LA_E_1091453_0000	Interior_A	True	False	-160.00000000000014	-160.00000000000003	incomplete_strict_phone_support_for_nine_point_cpps_trajectory
LA_E_1091453_0000	Interior_B	True	True	79.99999999999963	80.00000000000018	
LA_E_1091453_0001	Boundary	True	False			official_v6_boundary_cpps_invalid_or_incomplete_support
LA_E_1091453_0001	Interior_A	True	True	79.99999999999963	80.00000000000018	
LA_E_1091453_0001	Interior_B	True	True	240.00000000000023	239.9999999999999	
LA_E_1091453_0004	Boundary	True	False			official_v6_boundary_cpps_invalid_or_incomplete_support
LA_E_1091453_0004	Interior_A	True	False	-8.881784197001252e-13	1.4432899320127035e-12	incomplete_strict_phone_support_for_nine_point_cpps_trajectory
LA_E_1091453_0004	Interior_B	True	True	480.00000000000045	479.9999999999992	
LA_E_1091453_0005	Boundary	True	False			official_v6_boundary_cpps_invalid_or_incomplete_support
LA_E_1091453_0005	Interior_A	True	True	480.00000000000045	479.9999999999992	
LA_E_1091453_0005	Interior_B	True	True	479.99999999999864	480.00000000000097	
LA_E_1091453_0006	Boundary	True	True			
LA_E_1091453_0006	Interior_A	True	True	479.99999999999864	480.00000000000097	
LA_E_1091453_0006	Interior_B	True	False	-160.00000000000014	-160.00000000000136	incomplete_strict_phone_support_for_nine_point_cpps_trajectory
LA_E_1091453_0009	Boundary	True	False			official_v6_boundary_cpps_invalid_or_incomplete_support
LA_E_1091453_0009	Interior_A	True	False	-80.00000000000007	-80.0000000000013	incomplete_strict_phone_support_for_nine_point_cpps_trajectory
LA_E_1091453_0009	Interior_B	True	True	399.9999999999986	400.0000000000027	
LA_E_1091453_0010	Boundary	True	False			official_v6_boundary_cpps_invalid_or_incomplete_support
LA_E_1091453_0010	Interior_A	True	True	399.9999999999986	400.0000000000027	
LA_E_1091453_0010	Interior_B	True	False	-80.00000000000185	-80.0000000000013	incomplete_strict_phone_support_for_nine_point_cpps_trajectory
LA_E_1091453_0011	Boundary	True	True			
LA_E_1091453_0011	Interior_A	True	False	-80.00000000000185	-80.0000000000013	incomplete_strict_phone_support_for_nine_point_cpps_trajectory
LA_E_1091453_0011	Interior_B	True	False	-160.00000000000014	-159.99999999999957	incomplete_strict_phone_support_for_nine_point_cpps_trajectory
LA_E_1091453_0012	Boundary	True	False			official_v6_boundary_cpps_invalid_or_incomplete_support
LA_E_1091453_0012	Interior_A	True	False	-160.00000000000014	-159.99999999999957	incomplete_strict_phone_support_for_nine_point_cpps_trajectory
LA_E_1091453_0012	Interior_B	True	False	0.0	5.551115123125783e-13	incomplete_strict_phone_support_for_nine_point_cpps_trajectory
LA_E_1091453_0013	Boundary	True	False			official_v6_boundary_cpps_invalid_or_incomplete_support
LA_E_1091453_0013	Interior_A	True	False	0.0	5.551115123125783e-13	incomplete_strict_phone_support_for_nine_point_cpps_trajectory
LA_E_1091453_0013	Interior_B	True	False	0.0	5.551115123125783e-13	incomplete_strict_phone_support_for_nine_point_cpps_trajectory
LA_E_1091453_0014	Boundary	True	False			official_v6_boundary_cpps_invalid_or_incomplete_support
LA_E_1091453_0014	Interior_A	True	False	0.0	5.551115123125783e-13	incomplete_strict_phone_support_for_nine_point_cpps_trajectory
LA_E_1091453_0014	Interior_B	True	True	79.9999999999983	79.99999999999885	
LA_E_1091453_0015	Boundary	True	True			
LA_E_1091453_0015	Interior_A	True	True	79.9999999999983	79.99999999999885	
LA_E_1091453_0015	Interior_B	True	True	399.9999999999986	400.0000000000027	
LA_E_1092222_0001	Boundary	True	False			official_v6_boundary_cpps_invalid_or_incomplete_support
LA_E_1092222_0001	Interior_A	True	False	-80.00000000000007	-79.99999999999996	incomplete_strict_phone_support_for_nine_point_cpps_trajectory
LA_E_1092222_0001	Interior_B	True	True	159.9999999999997	160.00000000000026	
LA_E_1092222_0002	Boundary	True	False			official_v6_boundary_cpps_invalid_or_incomplete_support
LA_E_1092222_0002	Interior_A	True	True	159.9999999999997	160.00000000000026	
LA_E_1092222_0002	Interior_B	True	False	-160.00000000000014	-159.99999999999957	incomplete_strict_phone_support_for_nine_point_cpps_trajectory
LA_E_1092222_0007	Boundary	True	False			official_v6_boundary_cpps_invalid_or_incomplete_support
LA_E_1092222_0007	Interior_A	True	False	-80.00000000000007	-80.0000000000013	incomplete_strict_phone_support_for_nine_point_cpps_trajectory
LA_E_1092222_0007	Interior_B	True	False	0.0	5.551115123125783e-13	incomplete_strict_phone_support_for_nine_point_cpps_trajectory
LA_E_1092222_0012	Boundary	True	True			
LA_E_1092222_0012	Interior_A	True	True	239.99999999999844	240.00000000000256	
LA_E_1092222_0012	Interior_B	True	True	399.9999999999986	399.99999999999915	
LA_E_1092222_0013	Boundary	True	True			
LA_E_1092222_0013	Interior_A	True	True	399.9999999999986	399.99999999999915	
LA_E_1092222_0013	Interior_B	True	True	160.00000000000014	160.0000000000007	
LA_E_1092222_0019	Boundary	True	False			official_v6_boundary_cpps_invalid_or_incomplete_support
LA_E_1092222_0019	Interior_A	True	True	160.00000000000014	160.0000000000007	
LA_E_1092222_0019	Interior_B	True	True	559.9999999999987	559.9999999999993	
LA_E_1092222_0020	Boundary	True	True			
LA_E_1092222_0020	Interior_A	True	True	559.9999999999987	559.9999999999993	
LA_E_1092222_0020	Interior_B	True	False	0.0	5.551115123125783e-13	incomplete_strict_phone_support_for_nine_point_cpps_trajectory
LA_E_1092222_0023	Boundary	True	False			official_v6_boundary_cpps_invalid_or_incomplete_support
LA_E_1092222_0023	Interior_A	True	False	-160.00000000000014	-159.99999999999957	incomplete_strict_phone_support_for_nine_point_cpps_trajectory
LA_E_1092222_0023	Interior_B	True	False	0.0	5.551115123125783e-13	incomplete_strict_phone_support_for_nine_point_cpps_trajectory
LA_E_1092222_0024	Boundary	True	False			official_v6_boundary_cpps_invalid_or_incomplete_support
LA_E_1092222_0024	Interior_A	True	False	0.0	5.551115123125783e-13	incomplete_strict_phone_support_for_nine_point_cpps_trajectory
LA_E_1092222_0024	Interior_B	True	True	79.9999999999983	79.99999999999885	
LA_E_1092222_0025	Boundary	True	False			official_v6_boundary_cpps_invalid_or_incomplete_support
LA_E_1092222_0025	Interior_A	True	True	79.9999999999983	79.99999999999885	
LA_E_1092222_0025	Interior_B	True	True	320.0000000000003	320.00000000000085	
LA_E_1092222_0026	Boundary	True	False			official_v6_boundary_cpps_invalid_or_incomplete_support
LA_E_1092222_0026	Interior_A	True	True	320.0000000000003	320.00000000000085	
LA_E_1092222_0026	Interior_B	True	False	0.0	5.551115123125783e-13	incomplete_strict_phone_support_for_nine_point_cpps_trajectory
LA_E_1092222_0027	Boundary	True	False			official_v6_boundary_cpps_invalid_or_incomplete_support
LA_E_1092222_0027	Interior_A	True	False	0.0	5.551115123125783e-13	incomplete_strict_phone_support_for_nine_point_cpps_trajectory
LA_E_1092222_0027	Interior_B	True	False	-159.9999999999966	-160.00000000000313	incomplete_strict_phone_support_for_nine_point_cpps_trajectory
LA_E_1092222_0028	Boundary	True	False			official_v6_boundary_cpps_invalid_or_incomplete_support
LA_E_1092222_0028	Interior_A	True	False	-159.9999999999966	-160.00000000000313	incomplete_strict_phone_support_for_nine_point_cpps_trajectory
LA_E_1092222_0028	Interior_B	True	True	79.9999999999983	79.99999999999885	
LA_E_1092222_0034	Boundary	True	False			official_v6_boundary_cpps_invalid_or_incomplete_support
LA_E_1092222_0034	Interior_A	True	False	0.0	5.551115123125783e-13	incomplete_strict_phone_support_for_nine_point_cpps_trajectory
LA_E_1092222_0034	Interior_B	True	False	-79.9999999999983	-79.99999999999774	incomplete_strict_phone_support_for_nine_point_cpps_trajectory
LA_E_1092222_0035	Boundary	True	True			
LA_E_1092222_0035	Interior_A	True	False	-79.9999999999983	-79.99999999999774	incomplete_strict_phone_support_for_nine_point_cpps_trajectory
LA_E_1092222_0035	Interior_B	True	True	719.9999999999989	719.9999999999994	
LA_E_1092222_0036	Boundary	True	True			
LA_E_1092222_0036	Interior_A	True	True	719.9999999999989	719.9999999999994	
LA_E_1092222_0036	Interior_B	True	True	640.0000000000006	640.0000000000011	
LA_E_1092222_0040	Boundary	True	False			official_v6_boundary_cpps_invalid_or_incomplete_support
LA_E_1092222_0040	Interior_A	True	True	240.000000000002	239.99999999999545	
LA_E_1092222_0040	Interior_B	True	True	240.000000000002	240.00000000000256	
LA_E_1092222_0041	Boundary	True	False			official_v6_boundary_cpps_invalid_or_incomplete_support
LA_E_1092222_0041	Interior_A	True	True	240.000000000002	240.00000000000256	
LA_E_1092222_0041	Interior_B	True	False	-160.0000000000037	-159.99999999999602	incomplete_strict_phone_support_for_nine_point_cpps_trajectory
LA_E_1092222_0042	Boundary	True	False			official_v6_boundary_cpps_invalid_or_incomplete_support
LA_E_1092222_0042	Interior_A	True	False	-160.0000000000037	-159.99999999999602	incomplete_strict_phone_support_for_nine_point_cpps_trajectory
LA_E_1092222_0042	Interior_B	True	True	719.9999999999989	719.9999999999994	
LA_E_1093615_0001	Boundary	True	False			official_v6_boundary_cpps_invalid_or_incomplete_support
LA_E_1093615_0001	Interior_A	True	True	1.1102230246251565e-13	1.1102230246251565e-13	
LA_E_1093615_0001	Interior_B	True	True	479.99999999999955	480.0000000000005	
LA_E_1093615_0004	Boundary	True	True			
LA_E_1093615_0004	Interior_A	True	True	240.00000000000023	239.9999999999999	
LA_E_1093615_0004	Interior_B	True	True	560.0000000000005	559.9999999999993	
LA_E_1093615_0022	Boundary	True	False			official_v6_boundary_cpps_invalid_or_incomplete_support
LA_E_1093615_0022	Interior_A	True	True	160.00000000000014	160.0000000000007	
LA_E_1093615_0022	Interior_B	True	True	479.9999999999969	480.00000000000097	
LA_E_1094210_0001	Boundary	True	False			official_v6_boundary_cpps_invalid_or_incomplete_support
LA_E_1094210_0001	Interior_A	True	False	-160.00000000000003	-160.00000000000003	incomplete_strict_phone_support_for_nine_point_cpps_trajectory
LA_E_1094210_0001	Interior_B	True	False	-160.00000000000014	-160.00000000000003	incomplete_strict_phone_support_for_nine_point_cpps_trajectory
LA_E_1094210_0005	Boundary	True	False			official_v6_boundary_cpps_invalid_or_incomplete_support
LA_E_1094210_0005	Interior_A	True	False	-160.00000000000014	-159.99999999999957	incomplete_strict_phone_support_for_nine_point_cpps_trajectory
LA_E_1094210_0005	Interior_B	True	False	-160.00000000000014	-159.99999999999957	incomplete_strict_phone_support_for_nine_point_cpps_trajectory
LA_E_1094210_0010	Boundary	True	False			official_v6_boundary_cpps_invalid_or_incomplete_support
LA_E_1094210_0010	Interior_A	True	False	-1.7763568394002505e-12	5.551115123125783e-13	incomplete_strict_phone_support_for_nine_point_cpps_trajectory
LA_E_1094210_0010	Interior_B	True	False	0.0	5.551115123125783e-13	incomplete_strict_phone_support_for_nine_point_cpps_trajectory
LA_E_1094210_0011	Boundary	True	False			official_v6_boundary_cpps_invalid_or_incomplete_support
LA_E_1094210_0011	Interior_A	True	False	0.0	5.551115123125783e-13	incomplete_strict_phone_support_for_nine_point_cpps_trajectory
LA_E_1094210_0011	Interior_B	True	True	160.00000000000014	159.99999999999892	
LA_E_1094210_0023	Boundary	True	True			
LA_E_1094210_0023	Interior_A	True	True	320.0000000000003	320.00000000000085	
LA_E_1094210_0023	Interior_B	True	False	-80.00000000000185	-79.99999999999774	incomplete_strict_phone_support_for_nine_point_cpps_trajectory
LA_E_1094210_0027	Boundary	True	True			
LA_E_1094210_0027	Interior_A	True	False	-160.00000000000014	-159.99999999999957	incomplete_strict_phone_support_for_nine_point_cpps_trajectory
LA_E_1094210_0027	Interior_B	True	False	0.0	5.551115123125783e-13	incomplete_strict_phone_support_for_nine_point_cpps_trajectory
LA_E_1094210_0028	Boundary	True	True			
LA_E_1094210_0028	Interior_A	True	False	0.0	5.551115123125783e-13	incomplete_strict_phone_support_for_nine_point_cpps_trajectory
LA_E_1094210_0028	Interior_B	True	False	-80.00000000000185	-80.0000000000013	incomplete_strict_phone_support_for_nine_point_cpps_trajectory
LA_E_1094210_0029	Boundary	True	False			official_v6_boundary_cpps_invalid_or_incomplete_support
LA_E_1094210_0029	Interior_A	True	False	-80.00000000000185	-80.0000000000013	incomplete_strict_phone_support_for_nine_point_cpps_trajectory
LA_E_1094210_0029	Interior_B	True	False	0.0	5.551115123125783e-13	incomplete_strict_phone_support_for_nine_point_cpps_trajectory
LA_E_1094210_0036	Boundary	True	False			official_v6_boundary_cpps_invalid_or_incomplete_support
LA_E_1094210_0036	Interior_A	True	False	-7.105427357601002e-12	5.551115123125783e-13	incomplete_strict_phone_support_for_nine_point_cpps_trajectory
LA_E_1094210_0036	Interior_B	True	False	-79.9999999999983	-79.99999999999774	incomplete_strict_phone_support_for_nine_point_cpps_trajectory
LA_E_1094210_0041	Boundary	True	False			official_v6_boundary_cpps_invalid_or_incomplete_support
LA_E_1094210_0041	Interior_A	True	False	-159.9999999999966	-160.00000000000313	incomplete_strict_phone_support_for_nine_point_cpps_trajectory
LA_E_1094210_0041	Interior_B	True	False	0.0	5.551115123125783e-13	incomplete_strict_phone_support_for_nine_point_cpps_trajectory
LA_E_1094210_0054	Boundary	True	False			official_v6_boundary_cpps_invalid_or_incomplete_support
LA_E_1094210_0054	Interior_A	True	True	240.000000000002	239.99999999999545	
LA_E_1094210_0054	Interior_B	True	False	0.0	5.551115123125783e-13	incomplete_strict_phone_support_for_nine_point_cpps_trajectory
LA_E_1094210_0060	Boundary	True	False			official_v6_boundary_cpps_invalid_or_incomplete_support
LA_E_1094210_0060	Interior_A	True	False	0.0	5.551115123125783e-13	incomplete_strict_phone_support_for_nine_point_cpps_trajectory
LA_E_1094210_0060	Interior_B	True	False	-79.9999999999983	-79.99999999999774	incomplete_strict_phone_support_for_nine_point_cpps_trajectory
LA_E_1094210_0074	Boundary	True	True			
LA_E_1094210_0074	Interior_A	True	False	-159.9999999999966	-159.99999999999602	incomplete_strict_phone_support_for_nine_point_cpps_trajectory
LA_E_1094210_0074	Interior_B	True	True	79.9999999999983	79.99999999999885	
LA_E_1094210_0077	Boundary	True	True			
LA_E_1094210_0077	Interior_A	True	False	-79.9999999999983	-80.00000000001195	incomplete_strict_phone_support_for_nine_point_cpps_trajectory
LA_E_1094210_0077	Interior_B	True	False	-159.9999999999966	-159.99999999999602	incomplete_strict_phone_support_for_nine_point_cpps_trajectory
LA_E_1094210_0078	Boundary	True	True			
LA_E_1094210_0078	Interior_A	True	False	-159.9999999999966	-159.99999999999602	incomplete_strict_phone_support_for_nine_point_cpps_trajectory
LA_E_1094210_0078	Interior_B	True	False	-159.9999999999966	-160.00000000001023	incomplete_strict_phone_support_for_nine_point_cpps_trajectory
LA_E_1094210_0079	Boundary	True	True			
LA_E_1094210_0079	Interior_A	True	False	-159.9999999999966	-160.00000000001023	incomplete_strict_phone_support_for_nine_point_cpps_trajectory
LA_E_1094210_0079	Interior_B	True	False	-159.9999999999966	-159.99999999999602	incomplete_strict_phone_support_for_nine_point_cpps_trajectory
LA_E_1094210_0080	Boundary	True	True			
LA_E_1094210_0080	Interior_A	True	False	-159.9999999999966	-159.99999999999602	incomplete_strict_phone_support_for_nine_point_cpps_trajectory
LA_E_1094210_0080	Interior_B	True	False	-160.0000000000108	-159.99999999999602	incomplete_strict_phone_support_for_nine_point_cpps_trajectory
LA_E_1094210_0081	Boundary	True	True			
LA_E_1094210_0081	Interior_A	True	False	-160.0000000000108	-159.99999999999602	incomplete_strict_phone_support_for_nine_point_cpps_trajectory
LA_E_1094210_0081	Interior_B	True	False	-159.9999999999966	-159.99999999999602	incomplete_strict_phone_support_for_nine_point_cpps_trajectory
LA_E_1094210_0082	Boundary	True	False			official_v6_boundary_cpps_invalid_or_incomplete_support
LA_E_1094210_0082	Interior_A	True	False	-159.9999999999966	-159.99999999999602	incomplete_strict_phone_support_for_nine_point_cpps_trajectory
LA_E_1094210_0082	Interior_B	True	True	239.99999999999488	239.99999999999545	
LA_E_1094210_0083	Boundary	True	False			official_v6_boundary_cpps_invalid_or_incomplete_support
LA_E_1094210_0083	Interior_A	True	True	239.99999999999488	239.99999999999545	
LA_E_1094210_0083	Interior_B	True	False	-79.9999999999983	-79.99999999999774	incomplete_strict_phone_support_for_nine_point_cpps_trajectory
LA_E_1094210_0086	Boundary	True	False			official_v6_boundary_cpps_invalid_or_incomplete_support
LA_E_1094210_0086	Interior_A	True	True	79.9999999999983	79.99999999999885	
LA_E_1094210_0086	Interior_B	True	True	160.0000000000108	159.99999999999716	
LA_E_1096246_0001	Boundary	True	True			
LA_E_1096246_0001	Interior_A	True	False	-160.00000000000003	-160.00000000000003	incomplete_strict_phone_support_for_nine_point_cpps_trajectory
LA_E_1096246_0001	Interior_B	True	False	-80.00000000000007	-79.99999999999996	incomplete_strict_phone_support_for_nine_point_cpps_trajectory
LA_E_1096246_0002	Boundary	True	True			
LA_E_1096246_0002	Interior_A	True	False	-80.00000000000007	-79.99999999999996	incomplete_strict_phone_support_for_nine_point_cpps_trajectory
LA_E_1096246_0002	Interior_B	True	False	-160.00000000000014	-160.00000000000003	incomplete_strict_phone_support_for_nine_point_cpps_trajectory
LA_E_1096246_0003	Boundary	True	True			
LA_E_1096246_0003	Interior_A	True	False	-160.00000000000014	-160.00000000000003	incomplete_strict_phone_support_for_nine_point_cpps_trajectory
LA_E_1096246_0003	Interior_B	True	False	0.0	5.551115123125783e-13	incomplete_strict_phone_support_for_nine_point_cpps_trajectory
LA_E_1096246_0011	Boundary	True	False			official_v6_boundary_cpps_invalid_or_incomplete_support
LA_E_1096246_0011	Interior_A	True	False	-80.00000000000007	-80.0000000000013	incomplete_strict_phone_support_for_nine_point_cpps_trajectory
LA_E_1096246_0011	Interior_B	True	True	160.00000000000014	160.0000000000007	
LA_E_1096246_0012	Boundary	True	False			official_v6_boundary_cpps_invalid_or_incomplete_support
LA_E_1096246_0012	Interior_A	True	True	160.00000000000014	160.0000000000007	
LA_E_1096246_0012	Interior_B	True	False	-80.00000000000185	-79.99999999999952	incomplete_strict_phone_support_for_nine_point_cpps_trajectory
LA_E_1096246_0013	Boundary	True	True			
LA_E_1096246_0013	Interior_A	True	False	-80.00000000000185	-79.99999999999952	incomplete_strict_phone_support_for_nine_point_cpps_trajectory
LA_E_1096246_0013	Interior_B	True	False	-80.00000000000007	-80.0000000000013	incomplete_strict_phone_support_for_nine_point_cpps_trajectory
LA_E_1096246_0014	Boundary	True	False			official_v6_boundary_cpps_invalid_or_incomplete_support
LA_E_1096246_0014	Interior_A	True	False	-80.00000000000007	-80.0000000000013	incomplete_strict_phone_support_for_nine_point_cpps_trajectory
LA_E_1096246_0014	Interior_B	True	False	-160.00000000000014	-159.99999999999957	incomplete_strict_phone_support_for_nine_point_cpps_trajectory
LA_E_1096246_0015	Boundary	True	False			official_v6_boundary_cpps_invalid_or_incomplete_support
LA_E_1096246_0015	Interior_A	True	False	-160.00000000000014	-159.99999999999957	incomplete_strict_phone_support_for_nine_point_cpps_trajectory
LA_E_1096246_0015	Interior_B	True	False	-160.00000000000014	-159.99999999999957	incomplete_strict_phone_support_for_nine_point_cpps_trajectory
LA_E_1096246_0016	Boundary	True	False			official_v6_boundary_cpps_invalid_or_incomplete_support
LA_E_1096246_0016	Interior_A	True	False	-160.00000000000014	-159.99999999999957	incomplete_strict_phone_support_for_nine_point_cpps_trajectory
LA_E_1096246_0016	Interior_B	True	True	79.9999999999983	79.99999999999885	
LA_E_1096246_0020	Boundary	True	True			
LA_E_1096246_0020	Interior_A	True	False	-160.00000000000014	-159.99999999999957	incomplete_strict_phone_support_for_nine_point_cpps_trajectory
LA_E_1096246_0020	Interior_B	True	True	160.00000000000014	159.99999999999716	
LA_E_1096246_0027	Boundary	True	False			official_v6_boundary_cpps_invalid_or_incomplete_support
LA_E_1096246_0027	Interior_A	True	True	79.9999999999983	79.99999999999885	
LA_E_1096246_0027	Interior_B	True	True	320.0000000000003	320.00000000000085	
LA_E_1096246_0033	Boundary	True	True			
LA_E_1096246_0033	Interior_A	True	False	-79.9999999999983	-80.00000000000485	incomplete_strict_phone_support_for_nine_point_cpps_trajectory
LA_E_1096246_0033	Interior_B	True	True	79.9999999999983	80.00000000000595	
LA_E_1096246_0039	Boundary	True	False			official_v6_boundary_cpps_invalid_or_incomplete_support
LA_E_1096246_0039	Interior_A	True	True	240.000000000002	239.99999999999545	
LA_E_1096246_0039	Interior_B	True	False	-159.9999999999966	-160.00000000000313	incomplete_strict_phone_support_for_nine_point_cpps_trajectory
LA_E_1096246_0040	Boundary	True	True			
LA_E_1096246_0040	Interior_A	True	False	-159.9999999999966	-160.00000000000313	incomplete_strict_phone_support_for_nine_point_cpps_trajectory
LA_E_1096246_0040	Interior_B	True	True	160.0000000000037	159.99999999999716	
LA_E_1096246_0041	Boundary	True	False			official_v6_boundary_cpps_invalid_or_incomplete_support
LA_E_1096246_0041	Interior_A	True	True	160.0000000000037	159.99999999999716	
LA_E_1096246_0041	Interior_B	True	True	399.9999999999986	399.99999999999915	
LA_E_1096246_0042	Boundary	True	False			official_v6_boundary_cpps_invalid_or_incomplete_support
LA_E_1096246_0042	Interior_A	True	True	399.9999999999986	399.99999999999915	
LA_E_1096246_0042	Interior_B	True	False	0.0	5.551115123125783e-13	incomplete_strict_phone_support_for_nine_point_cpps_trajectory
LA_E_1096246_0043	Boundary	True	True			
LA_E_1096246_0043	Interior_A	True	False	0.0	5.551115123125783e-13	incomplete_strict_phone_support_for_nine_point_cpps_trajectory
LA_E_1096246_0043	Interior_B	True	False	0.0	5.551115123125783e-13	incomplete_strict_phone_support_for_nine_point_cpps_trajectory
LA_E_1096285_0001	Boundary	True	False			official_v6_boundary_cpps_invalid_or_incomplete_support
LA_E_1096285_0001	Interior_A	True	False	-159.99999999999991	-159.9999999999998	incomplete_strict_phone_support_for_nine_point_cpps_trajectory
LA_E_1096285_0001	Interior_B	True	False	-80.00000000000051	-79.99999999999996	incomplete_strict_phone_support_for_nine_point_cpps_trajectory
LA_E_1096285_0009	Boundary	True	True			
LA_E_1096285_0009	Interior_A	True	False	-80.00000000000007	-79.99999999999952	incomplete_strict_phone_support_for_nine_point_cpps_trajectory
LA_E_1096285_0009	Interior_B	True	False	-80.00000000000007	-80.0000000000013	incomplete_strict_phone_support_for_nine_point_cpps_trajectory
LA_E_1096285_0010	Boundary	True	False			official_v6_boundary_cpps_invalid_or_incomplete_support
LA_E_1096285_0010	Interior_A	True	False	-80.00000000000007	-80.0000000000013	incomplete_strict_phone_support_for_nine_point_cpps_trajectory
LA_E_1096285_0010	Interior_B	True	True	79.9999999999983	80.00000000000063	
LA_E_1096285_0017	Boundary	True	True			
LA_E_1096285_0017	Interior_A	True	True	79.9999999999983	79.99999999999885	
LA_E_1096285_0017	Interior_B	True	True	560.0000000000023	559.9999999999993	
LA_E_1098642_0001	Boundary	True	True			
LA_E_1098642_0001	Interior_A	True	False	0.0	-1.2212453270876722e-12	incomplete_strict_phone_support_for_nine_point_cpps_trajectory
LA_E_1098642_0001	Interior_B	True	True	159.99999999999835	160.0000000000007	
LA_E_1098642_0002	Boundary	True	True			
LA_E_1098642_0002	Interior_A	True	True	159.99999999999835	160.0000000000007	
LA_E_1098642_0002	Interior_B	True	False	0.0	5.551115123125783e-13	incomplete_strict_phone_support_for_nine_point_cpps_trajectory
LA_E_1098642_0005	Boundary	True	True			
LA_E_1098642_0005	Interior_A	True	False	-80.00000000000007	-79.99999999999952	incomplete_strict_phone_support_for_nine_point_cpps_trajectory
LA_E_1098642_0005	Interior_B	True	False	-1.7763568394002505e-12	5.551115123125783e-13	incomplete_strict_phone_support_for_nine_point_cpps_trajectory
LA_E_1098642_0006	Boundary	True	True			
LA_E_1098642_0006	Interior_A	True	False	-1.7763568394002505e-12	5.551115123125783e-13	incomplete_strict_phone_support_for_nine_point_cpps_trajectory
LA_E_1098642_0006	Interior_B	True	True	239.99999999999844	240.00000000000256	
LA_E_1098642_0007	Boundary	True	False			official_v6_boundary_cpps_invalid_or_incomplete_support
LA_E_1098642_0007	Interior_A	True	True	239.99999999999844	240.00000000000256	
LA_E_1098642_0007	Interior_B	True	True	239.99999999999844	239.999999999999	
LA_E_1098642_0014	Boundary	True	True			
LA_E_1098642_0014	Interior_A	True	False	-80.00000000000185	-79.99999999999774	incomplete_strict_phone_support_for_nine_point_cpps_trajectory
LA_E_1098642_0014	Interior_B	True	False	-80.00000000000185	-80.0000000000013	incomplete_strict_phone_support_for_nine_point_cpps_trajectory
LA_E_1098642_0015	Boundary	True	True			
LA_E_1098642_0015	Interior_A	True	False	-80.00000000000185	-80.0000000000013	incomplete_strict_phone_support_for_nine_point_cpps_trajectory
LA_E_1098642_0015	Interior_B	True	False	-79.9999999999983	-80.0000000000013	incomplete_strict_phone_support_for_nine_point_cpps_trajectory
LA_E_1098642_0016	Boundary	True	False			official_v6_boundary_cpps_invalid_or_incomplete_support
LA_E_1098642_0016	Interior_A	True	False	-79.9999999999983	-80.0000000000013	incomplete_strict_phone_support_for_nine_point_cpps_trajectory
LA_E_1098642_0016	Interior_B	True	True	160.00000000000014	160.0000000000007	
LA_E_1098642_0017	Boundary	True	False			official_v6_boundary_cpps_invalid_or_incomplete_support
LA_E_1098642_0017	Interior_A	True	True	160.00000000000014	160.0000000000007	
LA_E_1098642_0017	Interior_B	True	False	-3.552713678800501e-12	5.551115123125783e-13	incomplete_strict_phone_support_for_nine_point_cpps_trajectory
LA_E_1098642_0018	Boundary	True	True			
LA_E_1098642_0018	Interior_A	True	False	-3.552713678800501e-12	5.551115123125783e-13	incomplete_strict_phone_support_for_nine_point_cpps_trajectory
LA_E_1098642_0018	Interior_B	True	False	-160.00000000000014	-159.99999999999957	incomplete_strict_phone_support_for_nine_point_cpps_trajectory
LA_E_1098642_0024	Boundary	True	False			official_v6_boundary_cpps_invalid_or_incomplete_support
LA_E_1098642_0024	Interior_A	True	False	-159.9999999999966	-160.00000000000313	incomplete_strict_phone_support_for_nine_point_cpps_trajectory
LA_E_1098642_0024	Interior_B	True	False	-79.9999999999983	-80.00000000000485	incomplete_strict_phone_support_for_nine_point_cpps_trajectory
LA_E_1098642_0030	Boundary	True	True			
LA_E_1098642_0030	Interior_A	True	False	-160.0000000000037	-159.99999999999602	incomplete_strict_phone_support_for_nine_point_cpps_trajectory
LA_E_1098642_0030	Interior_B	True	False	-159.9999999999966	-160.00000000000313	incomplete_strict_phone_support_for_nine_point_cpps_trajectory
LA_E_1098642_0037	Boundary	True	False			official_v6_boundary_cpps_invalid_or_incomplete_support
LA_E_1098642_0037	Interior_A	True	True	240.000000000002	240.00000000000256	
LA_E_1098642_0037	Interior_B	True	True	240.000000000002	239.99999999999545	
LA_E_1098642_0041	Boundary	True	True			
LA_E_1098642_0041	Interior_A	True	False	0.0	-6.5503158452884236e-12	incomplete_strict_phone_support_for_nine_point_cpps_trajectory
LA_E_1098642_0041	Interior_B	True	False	0.0	5.551115123125783e-13	incomplete_strict_phone_support_for_nine_point_cpps_trajectory
LA_E_1098642_0044	Boundary	True	True			
LA_E_1098642_0044	Interior_A	True	False	-160.0000000000037	-159.99999999999602	incomplete_strict_phone_support_for_nine_point_cpps_trajectory
LA_E_1098642_0044	Interior_B	True	False	-80.0000000000054	-79.99999999999774	incomplete_strict_phone_support_for_nine_point_cpps_trajectory
LA_E_1098642_0047	Boundary	True	False			official_v6_boundary_cpps_invalid_or_incomplete_support
LA_E_1098642_0047	Interior_A	True	False	-159.9999999999966	-160.00000000000313	incomplete_strict_phone_support_for_nine_point_cpps_trajectory
LA_E_1098642_0047	Interior_B	True	False	0.0	5.551115123125783e-13	incomplete_strict_phone_support_for_nine_point_cpps_trajectory
LA_E_1098642_0048	Boundary	True	False			official_v6_boundary_cpps_invalid_or_incomplete_support
LA_E_1098642_0048	Interior_A	True	False	0.0	5.551115123125783e-13	incomplete_strict_phone_support_for_nine_point_cpps_trajectory
LA_E_1098642_0048	Interior_B	True	False	-159.9999999999966	-160.00000000001023	incomplete_strict_phone_support_for_nine_point_cpps_trajectory
LA_E_1098642_0049	Boundary	True	False			official_v6_boundary_cpps_invalid_or_incomplete_support
LA_E_1098642_0049	Interior_A	True	False	-159.9999999999966	-160.00000000001023	incomplete_strict_phone_support_for_nine_point_cpps_trajectory
LA_E_1098642_0049	Interior_B	True	False	-79.9999999999983	-79.99999999999774	incomplete_strict_phone_support_for_nine_point_cpps_trajectory
LA_E_1098642_0050	Boundary	True	False			official_v6_boundary_cpps_invalid_or_incomplete_support
LA_E_1098642_0050	Interior_A	True	False	-79.9999999999983	-79.99999999999774	incomplete_strict_phone_support_for_nine_point_cpps_trajectory
LA_E_1098642_0050	Interior_B	True	False	-79.9999999999983	-79.99999999999774	incomplete_strict_phone_support_for_nine_point_cpps_trajectory
LA_E_1098642_0053	Boundary	True	True			
LA_E_1098642_0053	Interior_A	True	False	-80.0000000000125	-79.99999999999774	incomplete_strict_phone_support_for_nine_point_cpps_trajectory
LA_E_1098642_0053	Interior_B	True	False	-79.9999999999983	-79.99999999999774	incomplete_strict_phone_support_for_nine_point_cpps_trajectory
LA_E_1098642_0054	Boundary	True	True			
LA_E_1098642_0054	Interior_A	True	False	-79.9999999999983	-79.99999999999774	incomplete_strict_phone_support_for_nine_point_cpps_trajectory
LA_E_1098642_0054	Interior_B	True	False	-79.9999999999983	-79.99999999999774	incomplete_strict_phone_support_for_nine_point_cpps_trajectory
LA_E_1100354_0009	Boundary	True	False			official_v6_boundary_cpps_invalid_or_incomplete_support
LA_E_1100354_0009	Interior_A	True	True	239.99999999999932	240.00000000000165	
LA_E_1100354_0009	Interior_B	True	False	-160.00000000000014	-160.00000000000136	incomplete_strict_phone_support_for_nine_point_cpps_trajectory
LA_E_1103940_0001	Boundary	True	True			
LA_E_1103940_0001	Interior_A	True	False	-160.00000000000014	-160.00000000000003	incomplete_strict_phone_support_for_nine_point_cpps_trajectory
LA_E_1103940_0001	Interior_B	True	True	80.00000000000007	79.99999999999974	
LA_E_1103940_0003	Boundary	True	True			
LA_E_1103940_0003	Interior_A	True	False	-1.7763568394002505e-12	5.551115123125783e-13	incomplete_strict_phone_support_for_nine_point_cpps_trajectory
LA_E_1103940_0003	Interior_B	True	True	160.00000000000014	159.99999999999892	
LA_E_1103940_0006	Boundary	True	True			
LA_E_1103940_0006	Interior_A	True	False	-80.00000000000007	-80.0000000000013	incomplete_strict_phone_support_for_nine_point_cpps_trajectory
LA_E_1103940_0006	Interior_B	True	False	0.0	5.551115123125783e-13	incomplete_strict_phone_support_for_nine_point_cpps_trajectory
LA_E_1103940_0011	Boundary	True	False			official_v6_boundary_cpps_invalid_or_incomplete_support
LA_E_1103940_0011	Interior_A	True	False	-80.00000000000185	-79.99999999999774	incomplete_strict_phone_support_for_nine_point_cpps_trajectory
LA_E_1103940_0011	Interior_B	True	True	79.9999999999983	80.0000000000024	
LA_E_1103940_0019	Boundary	True	False			official_v6_boundary_cpps_invalid_or_incomplete_support
LA_E_1103940_0019	Interior_A	True	False	-79.9999999999983	-80.0000000000013	incomplete_strict_phone_support_for_nine_point_cpps_trajectory
LA_E_1103940_0019	Interior_B	True	True	239.99999999999844	240.00000000000256	
LA_E_1103940_0020	Boundary	True	False			official_v6_boundary_cpps_invalid_or_incomplete_support
LA_E_1103940_0020	Interior_A	True	True	239.99999999999844	240.00000000000256	
LA_E_1103940_0020	Interior_B	True	True	719.9999999999989	719.9999999999994	
LA_E_1103940_0023	Boundary	True	True			
LA_E_1103940_0023	Interior_A	True	False	-79.9999999999983	-80.00000000000485	incomplete_strict_phone_support_for_nine_point_cpps_trajectory
LA_E_1103940_0023	Interior_B	True	False	0.0	5.551115123125783e-13	incomplete_strict_phone_support_for_nine_point_cpps_trajectory
LA_E_1103940_0024	Boundary	True	True			
LA_E_1103940_0024	Interior_A	True	False	0.0	5.551115123125783e-13	incomplete_strict_phone_support_for_nine_point_cpps_trajectory
LA_E_1103940_0024	Interior_B	True	False	-160.0000000000037	-159.99999999999602	incomplete_strict_phone_support_for_nine_point_cpps_trajectory
LA_E_1103940_0029	Boundary	True	False			official_v6_boundary_cpps_invalid_or_incomplete_support
LA_E_1103940_0029	Interior_A	True	False	0.0	5.551115123125783e-13	incomplete_strict_phone_support_for_nine_point_cpps_trajectory
LA_E_1103940_0029	Interior_B	True	False	0.0	5.551115123125783e-13	incomplete_strict_phone_support_for_nine_point_cpps_trajectory
LA_E_1103940_0037	Boundary	True	False			official_v6_boundary_cpps_invalid_or_incomplete_support
LA_E_1103940_0037	Interior_A	True	True	320.0000000000003	320.00000000000085	
LA_E_1103940_0037	Interior_B	True	True	319.9999999999932	320.00000000000085	
LA_E_1105669_0005	Boundary	True	True			
LA_E_1105669_0005	Interior_A	True	True	240.00000000000023	239.9999999999999	
LA_E_1105669_0005	Interior_B	True	False	-80.00000000000007	-79.99999999999952	incomplete_strict_phone_support_for_nine_point_cpps_trajectory
LA_E_1105669_0006	Boundary	True	True			
LA_E_1105669_0006	Interior_A	True	False	-80.00000000000007	-79.99999999999952	incomplete_strict_phone_support_for_nine_point_cpps_trajectory
LA_E_1105669_0006	Interior_B	True	False	0.0	-1.2212453270876722e-12	incomplete_strict_phone_support_for_nine_point_cpps_trajectory
LA_E_1105669_0007	Boundary	True	True			
LA_E_1105669_0007	Interior_A	True	False	0.0	-1.2212453270876722e-12	incomplete_strict_phone_support_for_nine_point_cpps_trajectory
LA_E_1105669_0007	Interior_B	True	False	0.0	5.551115123125783e-13	incomplete_strict_phone_support_for_nine_point_cpps_trajectory
LA_E_1105669_0008	Boundary	True	True			
LA_E_1105669_0008	Interior_A	True	False	0.0	5.551115123125783e-13	incomplete_strict_phone_support_for_nine_point_cpps_trajectory
LA_E_1105669_0008	Interior_B	True	False	-1.7763568394002505e-12	5.551115123125783e-13	incomplete_strict_phone_support_for_nine_point_cpps_trajectory
LA_E_1105669_0013	Boundary	True	True			
LA_E_1105669_0013	Interior_A	True	False	-160.00000000000193	-159.99999999999957	incomplete_strict_phone_support_for_nine_point_cpps_trajectory
LA_E_1105669_0013	Interior_B	True	False	-80.00000000000185	-79.99999999999774	incomplete_strict_phone_support_for_nine_point_cpps_trajectory
LA_E_1105669_0021	Boundary	True	False			official_v6_boundary_cpps_invalid_or_incomplete_support
LA_E_1105669_0021	Interior_A	True	False	-160.00000000000014	-159.99999999999957	incomplete_strict_phone_support_for_nine_point_cpps_trajectory
LA_E_1105669_0021	Interior_B	True	True	399.9999999999986	400.0000000000027	
LA_E_1105669_0022	Boundary	True	False			official_v6_boundary_cpps_invalid_or_incomplete_support
LA_E_1105669_0022	Interior_A	True	True	399.9999999999986	400.0000000000027	
LA_E_1105669_0022	Interior_B	True	False	-80.00000000000185	-80.0000000000013	incomplete_strict_phone_support_for_nine_point_cpps_trajectory
LA_E_1105669_0023	Boundary	True	False			official_v6_boundary_cpps_invalid_or_incomplete_support
LA_E_1105669_0023	Interior_A	True	False	-80.00000000000185	-80.0000000000013	incomplete_strict_phone_support_for_nine_point_cpps_trajectory
LA_E_1105669_0023	Interior_B	True	True	320.0000000000003	320.00000000000085	
LA_E_1105669_0033	Boundary	True	False			official_v6_boundary_cpps_invalid_or_incomplete_support
LA_E_1105669_0033	Interior_A	True	True	80.0000000000054	79.99999999999885	
LA_E_1105669_0033	Interior_B	True	False	0.0	5.551115123125783e-13	incomplete_strict_phone_support_for_nine_point_cpps_trajectory
LA_E_1105669_0034	Boundary	True	True			
LA_E_1105669_0034	Interior_A	True	False	0.0	5.551115123125783e-13	incomplete_strict_phone_support_for_nine_point_cpps_trajectory
LA_E_1105669_0034	Interior_B	True	True	79.9999999999983	79.99999999999885	
LA_E_1105669_0035	Boundary	True	False			official_v6_boundary_cpps_invalid_or_incomplete_support
LA_E_1105669_0035	Interior_A	True	True	79.9999999999983	79.99999999999885	
LA_E_1105669_0035	Interior_B	True	True	79.9999999999983	79.99999999999885	
LA_E_1105669_0036	Boundary	True	False			official_v6_boundary_cpps_invalid_or_incomplete_support
LA_E_1105669_0036	Interior_A	True	True	79.9999999999983	79.99999999999885	
LA_E_1105669_0036	Interior_B	True	False	-159.9999999999966	-160.00000000000313	incomplete_strict_phone_support_for_nine_point_cpps_trajectory
LA_E_1105669_0037	Boundary	True	False			official_v6_boundary_cpps_invalid_or_incomplete_support
LA_E_1105669_0037	Interior_A	True	False	-159.9999999999966	-160.00000000000313	incomplete_strict_phone_support_for_nine_point_cpps_trajectory
LA_E_1105669_0037	Interior_B	True	False	-160.0000000000037	-159.99999999999602	incomplete_strict_phone_support_for_nine_point_cpps_trajectory
LA_E_1105669_0038	Boundary	True	True			
LA_E_1105669_0038	Interior_A	True	False	-160.0000000000037	-159.99999999999602	incomplete_strict_phone_support_for_nine_point_cpps_trajectory
LA_E_1105669_0038	Interior_B	True	False	-79.9999999999983	-80.00000000000485	incomplete_strict_phone_support_for_nine_point_cpps_trajectory
LA_E_1107470_0001	Boundary	True	True			
LA_E_1107470_0001	Interior_A	True	True	400.00000000000034	400.0	
LA_E_1107470_0001	Interior_B	True	False	-80.00000000000097	-79.99999999999862	incomplete_strict_phone_support_for_nine_point_cpps_trajectory
LA_E_1107470_0009	Boundary	True	False			official_v6_boundary_cpps_invalid_or_incomplete_support
LA_E_1107470_0009	Interior_A	True	True	240.00000000000023	240.00000000000077	
LA_E_1107470_0009	Interior_B	True	True	319.9999999999985	320.00000000000085	
LA_E_1107470_0013	Boundary	True	True			
LA_E_1107470_0013	Interior_A	True	False	-160.00000000000014	-159.99999999999957	incomplete_strict_phone_support_for_nine_point_cpps_trajectory
LA_E_1107470_0013	Interior_B	True	False	-160.00000000000014	-159.99999999999957	incomplete_strict_phone_support_for_nine_point_cpps_trajectory
LA_E_1107470_0014	Boundary	True	True			
LA_E_1107470_0014	Interior_A	True	False	-160.00000000000014	-159.99999999999957	incomplete_strict_phone_support_for_nine_point_cpps_trajectory
LA_E_1107470_0014	Interior_B	True	False	0.0	5.551115123125783e-13	incomplete_strict_phone_support_for_nine_point_cpps_trajectory
LA_E_1107470_0017	Boundary	True	False			official_v6_boundary_cpps_invalid_or_incomplete_support
LA_E_1107470_0017	Interior_A	True	True	79.9999999999983	80.0000000000024	
LA_E_1107470_0017	Interior_B	True	False	-160.00000000000014	-159.99999999999957	incomplete_strict_phone_support_for_nine_point_cpps_trajectory
LA_E_1107470_0018	Boundary	True	False			official_v6_boundary_cpps_invalid_or_incomplete_support
LA_E_1107470_0018	Interior_A	True	False	-160.00000000000014	-159.99999999999957	incomplete_strict_phone_support_for_nine_point_cpps_trajectory
LA_E_1107470_0018	Interior_B	True	True	80.00000000000185	79.99999999999885	
LA_E_1107470_0019	Boundary	True	False			official_v6_boundary_cpps_invalid_or_incomplete_support
LA_E_1107470_0019	Interior_A	True	True	80.00000000000185	79.99999999999885	
LA_E_1107470_0019	Interior_B	True	True	239.99999999999844	239.999999999999	
LA_E_1107470_0023	Boundary	True	True			
LA_E_1107470_0023	Interior_A	True	False	0.0	-2.9976021664879227e-12	incomplete_strict_phone_support_for_nine_point_cpps_trajectory
LA_E_1107470_0023	Interior_B	True	False	-160.00000000000014	-159.99999999999957	incomplete_strict_phone_support_for_nine_point_cpps_trajectory
LA_E_1107470_0027	Boundary	True	False			official_v6_boundary_cpps_invalid_or_incomplete_support
LA_E_1107470_0027	Interior_A	True	False	-160.0000000000037	-159.99999999999602	incomplete_strict_phone_support_for_nine_point_cpps_trajectory
LA_E_1107470_0027	Interior_B	True	False	-79.9999999999983	-80.00000000000485	incomplete_strict_phone_support_for_nine_point_cpps_trajectory
LA_E_1107470_0028	Boundary	True	True			
LA_E_1107470_0028	Interior_A	True	False	-79.9999999999983	-80.00000000000485	incomplete_strict_phone_support_for_nine_point_cpps_trajectory
LA_E_1107470_0028	Interior_B	True	False	-159.9999999999966	-160.00000000000313	incomplete_strict_phone_support_for_nine_point_cpps_trajectory
LA_E_1107470_0029	Boundary	True	True			
LA_E_1107470_0029	Interior_A	True	False	-159.9999999999966	-160.00000000000313	incomplete_strict_phone_support_for_nine_point_cpps_trajectory
LA_E_1107470_0029	Interior_B	True	False	0.0	5.551115123125783e-13	incomplete_strict_phone_support_for_nine_point_cpps_trajectory
LA_E_1107470_0030	Boundary	True	True			
LA_E_1107470_0030	Interior_A	True	False	0.0	5.551115123125783e-13	incomplete_strict_phone_support_for_nine_point_cpps_trajectory
LA_E_1107470_0030	Interior_B	True	True	320.0000000000003	320.00000000000085	
LA_E_1107470_0033	Boundary	True	False			official_v6_boundary_cpps_invalid_or_incomplete_support
LA_E_1107470_0033	Interior_A	True	True	160.0000000000037	159.99999999999716	
LA_E_1107470_0033	Interior_B	True	False	-79.9999999999983	-80.00000000000485	incomplete_strict_phone_support_for_nine_point_cpps_trajectory
LA_E_1107470_0034	Boundary	True	False			official_v6_boundary_cpps_invalid_or_incomplete_support
LA_E_1107470_0034	Interior_A	True	False	-79.9999999999983	-80.00000000000485	incomplete_strict_phone_support_for_nine_point_cpps_trajectory
LA_E_1107470_0034	Interior_B	True	True	79.9999999999983	80.00000000000595	
LA_E_1107470_0037	Boundary	True	True			
LA_E_1107470_0037	Interior_A	True	False	-79.9999999999983	-80.00000000000485	incomplete_strict_phone_support_for_nine_point_cpps_trajectory
LA_E_1107470_0037	Interior_B	True	False	-79.9999999999983	-79.99999999999774	incomplete_strict_phone_support_for_nine_point_cpps_trajectory
LA_E_1108553_0000	Boundary	True	True			
LA_E_1108553_0000	Interior_A	True	True	79.99999999999996	79.99999999999996	
LA_E_1108553_0000	Interior_B	True	False	-80.00000000000007	-79.99999999999996	incomplete_strict_phone_support_for_nine_point_cpps_trajectory
LA_E_1108553_0001	Boundary	True	True			
LA_E_1108553_0001	Interior_A	True	False	-80.00000000000007	-79.99999999999996	incomplete_strict_phone_support_for_nine_point_cpps_trajectory
LA_E_1108553_0001	Interior_B	True	False	-160.00000000000014	-160.00000000000003	incomplete_strict_phone_support_for_nine_point_cpps_trajectory
LA_E_1108553_0002	Boundary	True	True			
LA_E_1108553_0002	Interior_A	True	False	-160.00000000000014	-160.00000000000003	incomplete_strict_phone_support_for_nine_point_cpps_trajectory
LA_E_1108553_0002	Interior_B	True	False	-159.9999999999997	-160.00000000000048	incomplete_strict_phone_support_for_nine_point_cpps_trajectory
LA_E_1108553_0004	Boundary	True	True			
LA_E_1108553_0004	Interior_A	True	False	0.0	5.551115123125783e-13	incomplete_strict_phone_support_for_nine_point_cpps_trajectory
LA_E_1108553_0004	Interior_B	True	True	240.00000000000023	239.9999999999999	
LA_E_1108553_0005	Boundary	True	True			
LA_E_1108553_0005	Interior_A	True	True	240.00000000000023	239.9999999999999	
LA_E_1108553_0005	Interior_B	True	True	239.99999999999844	240.00000000000077	
LA_E_1108553_0006	Boundary	True	True			
LA_E_1108553_0006	Interior_A	True	True	239.99999999999844	240.00000000000077	
LA_E_1108553_0006	Interior_B	True	False	-80.00000000000007	-79.99999999999952	incomplete_strict_phone_support_for_nine_point_cpps_trajectory
LA_E_1108553_0009	Boundary	True	False			official_v6_boundary_cpps_invalid_or_incomplete_support
LA_E_1108553_0009	Interior_A	True	False	0.0	5.551115123125783e-13	incomplete_strict_phone_support_for_nine_point_cpps_trajectory
LA_E_1108553_0009	Interior_B	True	False	0.0	-1.2212453270876722e-12	incomplete_strict_phone_support_for_nine_point_cpps_trajectory
LA_E_1108553_0010	Boundary	True	False			official_v6_boundary_cpps_invalid_or_incomplete_support
LA_E_1108553_0010	Interior_A	True	False	0.0	-1.2212453270876722e-12	incomplete_strict_phone_support_for_nine_point_cpps_trajectory
LA_E_1108553_0010	Interior_B	True	True	479.99999999999864	480.00000000000097	
LA_E_1108553_0011	Boundary	True	True			
LA_E_1108553_0011	Interior_A	True	True	479.99999999999864	480.00000000000097	
LA_E_1108553_0011	Interior_B	True	False	0.0	5.551115123125783e-13	incomplete_strict_phone_support_for_nine_point_cpps_trajectory
LA_E_1108553_0012	Boundary	True	False			official_v6_boundary_cpps_invalid_or_incomplete_support
LA_E_1108553_0012	Interior_A	True	False	0.0	5.551115123125783e-13	incomplete_strict_phone_support_for_nine_point_cpps_trajectory
LA_E_1108553_0012	Interior_B	True	False	-160.0000000000037	-159.99999999999957	incomplete_strict_phone_support_for_nine_point_cpps_trajectory
LA_E_1108553_0014	Boundary	True	True			
LA_E_1108553_0014	Interior_A	True	False	-79.9999999999983	-80.0000000000013	incomplete_strict_phone_support_for_nine_point_cpps_trajectory
LA_E_1108553_0014	Interior_B	True	False	0.0	5.551115123125783e-13	incomplete_strict_phone_support_for_nine_point_cpps_trajectory
LA_E_1108553_0015	Boundary	True	True			
LA_E_1108553_0015	Interior_A	True	False	0.0	5.551115123125783e-13	incomplete_strict_phone_support_for_nine_point_cpps_trajectory
LA_E_1108553_0015	Interior_B	True	True	959.9999999999973	960.0000000000014	
LA_E_1109945_0002	Boundary	True	True			
LA_E_1109945_0002	Interior_A	True	True	8.881784197001252e-13	5.551115123125783e-13	
LA_E_1109945_0002	Interior_B	True	True	239.99999999999844	240.00000000000077	
LA_E_1109945_0003	Boundary	True	True			
LA_E_1109945_0003	Interior_A	True	True	239.99999999999844	240.00000000000077	
LA_E_1109945_0003	Interior_B	True	True	159.99999999999835	160.0000000000007	
LA_E_1109945_0004	Boundary	True	False			official_v6_boundary_cpps_invalid_or_incomplete_support
LA_E_1109945_0004	Interior_A	True	True	159.99999999999835	160.0000000000007	
LA_E_1109945_0004	Interior_B	True	False	0.0	-1.2212453270876722e-12	incomplete_strict_phone_support_for_nine_point_cpps_trajectory
LA_E_1109945_0007	Boundary	True	True			
LA_E_1109945_0007	Interior_A	True	False	-80.00000000000007	-80.0000000000013	incomplete_strict_phone_support_for_nine_point_cpps_trajectory
LA_E_1109945_0007	Interior_B	True	False	-80.00000000000007	-79.99999999999952	incomplete_strict_phone_support_for_nine_point_cpps_trajectory
LA_E_1109945_0008	Boundary	True	False			official_v6_boundary_cpps_invalid_or_incomplete_support
LA_E_1109945_0008	Interior_A	True	False	-80.00000000000007	-79.99999999999952	incomplete_strict_phone_support_for_nine_point_cpps_trajectory
LA_E_1109945_0008	Interior_B	True	False	0.0	5.551115123125783e-13	incomplete_strict_phone_support_for_nine_point_cpps_trajectory
LA_E_1109945_0011	Boundary	True	True			
LA_E_1109945_0011	Interior_A	True	True	160.00000000000014	160.0000000000007	
LA_E_1109945_0011	Interior_B	True	False	-160.00000000000014	-159.99999999999957	incomplete_strict_phone_support_for_nine_point_cpps_trajectory
LA_E_1109945_0012	Boundary	True	False			official_v6_boundary_cpps_invalid_or_incomplete_support
LA_E_1109945_0012	Interior_A	True	False	-160.00000000000014	-159.99999999999957	incomplete_strict_phone_support_for_nine_point_cpps_trajectory
LA_E_1109945_0012	Interior_B	True	False	0.0	-2.9976021664879227e-12	incomplete_strict_phone_support_for_nine_point_cpps_trajectory
LA_E_1109945_0013	Boundary	True	False			official_v6_boundary_cpps_invalid_or_incomplete_support
LA_E_1109945_0013	Interior_A	True	False	0.0	-2.9976021664879227e-12	incomplete_strict_phone_support_for_nine_point_cpps_trajectory
LA_E_1109945_0013	Interior_B	True	True	320.0000000000003	320.00000000000085	
LA_E_1109945_0014	Boundary	True	False			official_v6_boundary_cpps_invalid_or_incomplete_support
LA_E_1109945_0014	Interior_A	True	True	320.0000000000003	320.00000000000085	
LA_E_1109945_0014	Interior_B	True	True	559.9999999999987	559.9999999999993	
LA_E_1109945_0015	Boundary	True	False			official_v6_boundary_cpps_invalid_or_incomplete_support
LA_E_1109945_0015	Interior_A	True	True	559.9999999999987	559.9999999999993	
LA_E_1109945_0015	Interior_B	True	False	0.0	5.551115123125783e-13	incomplete_strict_phone_support_for_nine_point_cpps_trajectory
LA_E_1109945_0016	Boundary	True	False			official_v6_boundary_cpps_invalid_or_incomplete_support
LA_E_1109945_0016	Interior_A	True	False	0.0	5.551115123125783e-13	incomplete_strict_phone_support_for_nine_point_cpps_trajectory
LA_E_1109945_0016	Interior_B	True	False	-160.00000000000014	-159.99999999999957	incomplete_strict_phone_support_for_nine_point_cpps_trajectory
LA_E_1109945_0019	Boundary	True	True			
LA_E_1109945_0019	Interior_A	True	False	-80.00000000000185	-80.0000000000013	incomplete_strict_phone_support_for_nine_point_cpps_trajectory
LA_E_1109945_0019	Interior_B	True	False	0.0	5.551115123125783e-13	incomplete_strict_phone_support_for_nine_point_cpps_trajectory
LA_E_1109945_0022	Boundary	True	False			official_v6_boundary_cpps_invalid_or_incomplete_support
LA_E_1109945_0022	Interior_A	True	True	320.0000000000003	320.00000000000085	
LA_E_1109945_0022	Interior_B	True	False	-79.9999999999983	-79.99999999999774	incomplete_strict_phone_support_for_nine_point_cpps_trajectory
LA_E_1109945_0023	Boundary	True	False			official_v6_boundary_cpps_invalid_or_incomplete_support
LA_E_1109945_0023	Interior_A	True	False	-79.9999999999983	-79.99999999999774	incomplete_strict_phone_support_for_nine_point_cpps_trajectory
LA_E_1109945_0023	Interior_B	True	True	159.9999999999966	159.99999999999716	
LA_E_1109945_0034	Boundary	True	True			
LA_E_1109945_0034	Interior_A	True	False	-79.9999999999983	-80.00000000000485	incomplete_strict_phone_support_for_nine_point_cpps_trajectory
LA_E_1109945_0034	Interior_B	True	True	160.0000000000037	159.99999999999716	
LA_E_1109945_0035	Boundary	True	True			
LA_E_1109945_0035	Interior_A	True	True	160.0000000000037	159.99999999999716	
LA_E_1109945_0035	Interior_B	True	True	79.9999999999983	79.99999999999885	
LA_E_1109945_0036	Boundary	True	True			
LA_E_1109945_0036	Interior_A	True	True	79.9999999999983	79.99999999999885	
LA_E_1109945_0036	Interior_B	True	True	400.0000000000057	399.99999999999915	
LA_E_1109945_0041	Boundary	True	False			official_v6_boundary_cpps_invalid_or_incomplete_support
LA_E_1109945_0041	Interior_A	True	True	159.9999999999966	160.00000000000426	
LA_E_1109945_0041	Interior_B	True	False	-160.0000000000037	-159.99999999999602	incomplete_strict_phone_support_for_nine_point_cpps_trajectory
LA_E_1109945_0042	Boundary	True	False			official_v6_boundary_cpps_invalid_or_incomplete_support
LA_E_1109945_0042	Interior_A	True	False	-160.0000000000037	-159.99999999999602	incomplete_strict_phone_support_for_nine_point_cpps_trajectory
LA_E_1109945_0042	Interior_B	True	True	79.9999999999983	79.99999999999885	
LA_E_1109945_0052	Boundary	True	False			official_v6_boundary_cpps_invalid_or_incomplete_support
LA_E_1109945_0052	Interior_A	True	False	-160.0000000000037	-159.99999999999602	incomplete_strict_phone_support_for_nine_point_cpps_trajectory
LA_E_1109945_0052	Interior_B	True	True	159.9999999999966	160.00000000000426	
LA_E_1109945_0053	Boundary	True	False			official_v6_boundary_cpps_invalid_or_incomplete_support
LA_E_1109945_0053	Interior_A	True	True	159.9999999999966	160.00000000000426	
LA_E_1109945_0053	Interior_B	True	True	79.9999999999983	79.99999999999885	
LA_E_1109945_0054	Boundary	True	True			
LA_E_1109945_0054	Interior_A	True	True	79.9999999999983	79.99999999999885	
LA_E_1109945_0054	Interior_B	True	True	240.0000000000091	239.99999999999545	
LA_E_1109945_0055	Boundary	True	True			
LA_E_1109945_0055	Interior_A	True	True	240.0000000000091	239.99999999999545	
LA_E_1109945_0055	Interior_B	True	False	-160.0000000000108	-159.99999999999602	incomplete_strict_phone_support_for_nine_point_cpps_trajectory
LA_E_1110256_0002	Boundary	True	True			
LA_E_1110256_0002	Interior_A	True	False	-80.00000000000097	-79.99999999999952	incomplete_strict_phone_support_for_nine_point_cpps_trajectory
LA_E_1110256_0002	Interior_B	True	False	-160.00000000000014	-159.99999999999957	incomplete_strict_phone_support_for_nine_point_cpps_trajectory
LA_E_1110256_0009	Boundary	True	False			official_v6_boundary_cpps_invalid_or_incomplete_support
LA_E_1110256_0009	Interior_A	True	True	159.99999999999835	160.0000000000007	
LA_E_1110256_0009	Interior_B	True	False	0.0	5.551115123125783e-13	incomplete_strict_phone_support_for_nine_point_cpps_trajectory
LA_E_1110256_0015	Boundary	True	False			official_v6_boundary_cpps_invalid_or_incomplete_support
LA_E_1110256_0015	Interior_A	True	False	0.0	5.551115123125783e-13	incomplete_strict_phone_support_for_nine_point_cpps_trajectory
LA_E_1110256_0015	Interior_B	True	True	79.9999999999983	79.99999999999885	
LA_E_1110256_0020	Boundary	True	True			
LA_E_1110256_0020	Interior_A	True	False	-160.0000000000037	-159.99999999999957	incomplete_strict_phone_support_for_nine_point_cpps_trajectory
LA_E_1110256_0020	Interior_B	True	False	0.0	5.551115123125783e-13	incomplete_strict_phone_support_for_nine_point_cpps_trajectory
LA_E_1110256_0021	Boundary	True	False			official_v6_boundary_cpps_invalid_or_incomplete_support
LA_E_1110256_0021	Interior_A	True	False	0.0	5.551115123125783e-13	incomplete_strict_phone_support_for_nine_point_cpps_trajectory
LA_E_1110256_0021	Interior_B	True	False	-160.00000000000014	-159.99999999999957	incomplete_strict_phone_support_for_nine_point_cpps_trajectory
LA_E_1110256_0025	Boundary	True	False			official_v6_boundary_cpps_invalid_or_incomplete_support
LA_E_1110256_0025	Interior_A	True	False	-160.00000000000014	-159.99999999999957	incomplete_strict_phone_support_for_nine_point_cpps_trajectory
LA_E_1110256_0025	Interior_B	True	True	80.00000000000185	79.99999999999885	
LA_E_1110256_0026	Boundary	True	False			official_v6_boundary_cpps_invalid_or_incomplete_support
LA_E_1110256_0026	Interior_A	True	True	80.00000000000185	79.99999999999885	
LA_E_1110256_0026	Interior_B	True	True	320.0000000000003	320.00000000000085	
LA_E_1110256_0027	Boundary	True	True			
LA_E_1110256_0027	Interior_A	True	True	320.0000000000003	320.00000000000085	
LA_E_1110256_0027	Interior_B	True	False	-79.9999999999983	-80.00000000000485	incomplete_strict_phone_support_for_nine_point_cpps_trajectory
LA_E_1110256_0028	Boundary	True	True			
LA_E_1110256_0028	Interior_A	True	False	-79.9999999999983	-80.00000000000485	incomplete_strict_phone_support_for_nine_point_cpps_trajectory
LA_E_1110256_0028	Interior_B	True	False	-160.0000000000037	-159.99999999999602	incomplete_strict_phone_support_for_nine_point_cpps_trajectory
LA_E_1110256_0029	Boundary	True	True			
LA_E_1110256_0029	Interior_A	True	False	-160.0000000000037	-159.99999999999602	incomplete_strict_phone_support_for_nine_point_cpps_trajectory
LA_E_1110256_0029	Interior_B	True	False	-159.9999999999966	-160.00000000000313	incomplete_strict_phone_support_for_nine_point_cpps_trajectory
LA_E_1110256_0032	Boundary	True	True			
LA_E_1110256_0032	Interior_A	True	True	320.0000000000003	319.99999999999375	
LA_E_1110256_0032	Interior_B	True	True	400.0000000000057	399.99999999999915	
LA_E_1110256_0033	Boundary	True	True			
LA_E_1110256_0033	Interior_A	True	True	400.0000000000057	399.99999999999915	
LA_E_1110256_0033	Interior_B	True	False	-160.0000000000037	-159.99999999999602	incomplete_strict_phone_support_for_nine_point_cpps_trajectory
LA_E_1110256_0034	Boundary	True	True			
LA_E_1110256_0034	Interior_A	True	False	-160.0000000000037	-159.99999999999602	incomplete_strict_phone_support_for_nine_point_cpps_trajectory
LA_E_1110256_0034	Interior_B	True	False	-160.0000000000037	-160.00000000000313	incomplete_strict_phone_support_for_nine_point_cpps_trajectory
LA_E_1110256_0037	Boundary	True	True			
LA_E_1110256_0037	Interior_A	True	False	-79.9999999999983	-79.99999999999774	incomplete_strict_phone_support_for_nine_point_cpps_trajectory
LA_E_1110256_0037	Interior_B	True	False	0.0	5.551115123125783e-13	incomplete_strict_phone_support_for_nine_point_cpps_trajectory
LA_E_1110256_0038	Boundary	True	False			official_v6_boundary_cpps_invalid_or_incomplete_support
LA_E_1110256_0038	Interior_A	True	False	0.0	5.551115123125783e-13	incomplete_strict_phone_support_for_nine_point_cpps_trajectory
LA_E_1110256_0038	Interior_B	True	False	-79.9999999999983	-80.00000000000485	incomplete_strict_phone_support_for_nine_point_cpps_trajectory
LA_E_1110256_0039	Boundary	True	False			official_v6_boundary_cpps_invalid_or_incomplete_support
LA_E_1110256_0039	Interior_A	True	False	-79.9999999999983	-80.00000000000485	incomplete_strict_phone_support_for_nine_point_cpps_trajectory
LA_E_1110256_0039	Interior_B	True	False	-160.0000000000037	-159.99999999999602	incomplete_strict_phone_support_for_nine_point_cpps_trajectory
LA_E_1110256_0040	Boundary	True	False			official_v6_boundary_cpps_invalid_or_incomplete_support
LA_E_1110256_0040	Interior_A	True	False	-160.0000000000037	-159.99999999999602	incomplete_strict_phone_support_for_nine_point_cpps_trajectory
LA_E_1110256_0040	Interior_B	True	False	-79.9999999999983	-80.00000000000485	incomplete_strict_phone_support_for_nine_point_cpps_trajectory
LA_E_1110256_0041	Boundary	True	False			official_v6_boundary_cpps_invalid_or_incomplete_support
LA_E_1110256_0041	Interior_A	True	False	-79.9999999999983	-80.00000000000485	incomplete_strict_phone_support_for_nine_point_cpps_trajectory
LA_E_1110256_0041	Interior_B	True	True	160.0000000000037	159.99999999999716	
LA_E_1110256_0042	Boundary	True	False			official_v6_boundary_cpps_invalid_or_incomplete_support
LA_E_1110256_0042	Interior_A	True	True	160.0000000000037	159.99999999999716	
LA_E_1110256_0042	Interior_B	True	False	-160.0000000000037	-159.99999999999602	incomplete_strict_phone_support_for_nine_point_cpps_trajectory
LA_E_1110256_0043	Boundary	True	False			official_v6_boundary_cpps_invalid_or_incomplete_support
LA_E_1110256_0043	Interior_A	True	False	-160.0000000000037	-159.99999999999602	incomplete_strict_phone_support_for_nine_point_cpps_trajectory
LA_E_1110256_0043	Interior_B	True	True	79.9999999999983	79.99999999999885	
LA_E_1110256_0046	Boundary	True	True			
LA_E_1110256_0046	Interior_A	True	False	-79.9999999999983	-80.00000000000485	incomplete_strict_phone_support_for_nine_point_cpps_trajectory
LA_E_1110256_0046	Interior_B	True	False	-79.9999999999983	-80.00000000000485	incomplete_strict_phone_support_for_nine_point_cpps_trajectory
LA_E_1110256_0049	Boundary	True	False			official_v6_boundary_cpps_invalid_or_incomplete_support
LA_E_1110256_0049	Interior_A	True	False	0.0	5.551115123125783e-13	incomplete_strict_phone_support_for_nine_point_cpps_trajectory
LA_E_1110256_0049	Interior_B	True	True	239.99999999999488	240.00000000000256	
LA_E_1110256_0053	Boundary	True	False			official_v6_boundary_cpps_invalid_or_incomplete_support
LA_E_1110256_0053	Interior_A	True	True	79.9999999999983	79.99999999999885	
LA_E_1110256_0053	Interior_B	True	True	239.99999999999488	240.00000000000966	
LA_E_1110256_0056	Boundary	True	False			official_v6_boundary_cpps_invalid_or_incomplete_support
LA_E_1110256_0056	Interior_A	True	False	-159.9999999999966	-159.99999999999602	incomplete_strict_phone_support_for_nine_point_cpps_trajectory
LA_E_1110256_0056	Interior_B	True	True	79.9999999999983	79.99999999999885	
LA_E_1110256_0077	Boundary	True	False			official_v6_boundary_cpps_invalid_or_incomplete_support
LA_E_1110256_0077	Interior_A	True	False	-79.9999999999983	-79.99999999999774	incomplete_strict_phone_support_for_nine_point_cpps_trajectory
LA_E_1110256_0077	Interior_B	True	False	-159.9999999999966	-159.99999999999602	incomplete_strict_phone_support_for_nine_point_cpps_trajectory
LA_E_1110256_0088	Boundary	True	False			official_v6_boundary_cpps_invalid_or_incomplete_support
LA_E_1110256_0088	Interior_A	True	False	-79.9999999999983	-79.99999999999774	incomplete_strict_phone_support_for_nine_point_cpps_trajectory
LA_E_1110256_0088	Interior_B	True	False	-159.9999999999966	-160.00000000001023	incomplete_strict_phone_support_for_nine_point_cpps_trajectory
LA_E_1110256_0089	Boundary	True	False			official_v6_boundary_cpps_invalid_or_incomplete_support
LA_E_1110256_0089	Interior_A	True	False	-159.9999999999966	-160.00000000001023	incomplete_strict_phone_support_for_nine_point_cpps_trajectory
LA_E_1110256_0089	Interior_B	True	False	-159.9999999999966	-159.99999999999602	incomplete_strict_phone_support_for_nine_point_cpps_trajectory
LA_E_1110256_0090	Boundary	True	False			official_v6_boundary_cpps_invalid_or_incomplete_support
LA_E_1110256_0090	Interior_A	True	False	-159.9999999999966	-159.99999999999602	incomplete_strict_phone_support_for_nine_point_cpps_trajectory
LA_E_1110256_0090	Interior_B	True	False	0.0	5.551115123125783e-13	incomplete_strict_phone_support_for_nine_point_cpps_trajectory
LA_E_1110874_0005	Boundary	True	True			
LA_E_1110874_0005	Interior_A	True	False	-80.00000000000007	-80.0000000000004	incomplete_strict_phone_support_for_nine_point_cpps_trajectory
LA_E_1110874_0005	Interior_B	True	False	-80.00000000000097	-79.99999999999862	incomplete_strict_phone_support_for_nine_point_cpps_trajectory
LA_E_1110874_0006	Boundary	True	True			
LA_E_1110874_0006	Interior_A	True	False	-80.00000000000097	-79.99999999999862	incomplete_strict_phone_support_for_nine_point_cpps_trajectory
LA_E_1110874_0006	Interior_B	True	True	240.00000000000023	239.9999999999999	
LA_E_1110874_0014	Boundary	True	False			official_v6_boundary_cpps_invalid_or_incomplete_support
LA_E_1110874_0014	Interior_A	True	False	0.0	-1.2212453270876722e-12	incomplete_strict_phone_support_for_nine_point_cpps_trajectory
LA_E_1110874_0014	Interior_B	True	False	-80.00000000000007	-79.99999999999952	incomplete_strict_phone_support_for_nine_point_cpps_trajectory
LA_E_1110874_0019	Boundary	True	True			
LA_E_1110874_0019	Interior_A	True	False	-79.9999999999983	-80.0000000000013	incomplete_strict_phone_support_for_nine_point_cpps_trajectory
LA_E_1110874_0019	Interior_B	True	False	-160.00000000000014	-160.00000000000313	incomplete_strict_phone_support_for_nine_point_cpps_trajectory
LA_E_1110874_0021	Boundary	True	False			official_v6_boundary_cpps_invalid_or_incomplete_support
LA_E_1110874_0021	Interior_A	True	False	-160.00000000000014	-159.99999999999957	incomplete_strict_phone_support_for_nine_point_cpps_trajectory
LA_E_1110874_0021	Interior_B	True	False	0.0	5.551115123125783e-13	incomplete_strict_phone_support_for_nine_point_cpps_trajectory
LA_E_1110874_0027	Boundary	True	True			
LA_E_1110874_0027	Interior_A	True	False	-79.9999999999983	-80.0000000000013	incomplete_strict_phone_support_for_nine_point_cpps_trajectory
LA_E_1110874_0027	Interior_B	True	False	-80.00000000000185	-79.99999999999774	incomplete_strict_phone_support_for_nine_point_cpps_trajectory
LA_E_1110874_0028	Boundary	True	True			
LA_E_1110874_0028	Interior_A	True	False	-80.00000000000185	-79.99999999999774	incomplete_strict_phone_support_for_nine_point_cpps_trajectory
LA_E_1110874_0028	Interior_B	True	False	-80.00000000000185	-80.0000000000013	incomplete_strict_phone_support_for_nine_point_cpps_trajectory
LA_E_1110874_0029	Boundary	True	False			official_v6_boundary_cpps_invalid_or_incomplete_support
LA_E_1110874_0029	Interior_A	True	False	-80.00000000000185	-80.0000000000013	incomplete_strict_phone_support_for_nine_point_cpps_trajectory
LA_E_1110874_0029	Interior_B	True	True	79.9999999999983	80.0000000000024	
LA_E_1110874_0035	Boundary	True	True			
LA_E_1110874_0035	Interior_A	True	False	-160.00000000000014	-159.99999999999957	incomplete_strict_phone_support_for_nine_point_cpps_trajectory
LA_E_1110874_0035	Interior_B	True	False	-160.00000000000014	-160.00000000000313	incomplete_strict_phone_support_for_nine_point_cpps_trajectory
LA_E_1110874_0039	Boundary	True	False			official_v6_boundary_cpps_invalid_or_incomplete_support
LA_E_1110874_0039	Interior_A	True	False	-159.9999999999966	-160.00000000000313	incomplete_strict_phone_support_for_nine_point_cpps_trajectory
LA_E_1110874_0039	Interior_B	True	True	160.0000000000037	159.99999999999716	
LA_E_1110874_0040	Boundary	True	False			official_v6_boundary_cpps_invalid_or_incomplete_support
LA_E_1110874_0040	Interior_A	True	True	160.0000000000037	159.99999999999716	
LA_E_1110874_0040	Interior_B	True	True	320.0000000000003	320.00000000000085	
LA_E_1110874_0041	Boundary	True	True			
LA_E_1110874_0041	Interior_A	True	True	320.0000000000003	320.00000000000085	
LA_E_1110874_0041	Interior_B	True	False	0.0	5.551115123125783e-13	incomplete_strict_phone_support_for_nine_point_cpps_trajectory
LA_E_1110874_0050	Boundary	True	True			
LA_E_1110874_0050	Interior_A	True	False	-79.9999999999983	-79.99999999999774	incomplete_strict_phone_support_for_nine_point_cpps_trajectory
LA_E_1110874_0050	Interior_B	True	False	-160.0000000000037	-159.99999999999602	incomplete_strict_phone_support_for_nine_point_cpps_trajectory
LA_E_1110874_0053	Boundary	True	True			
LA_E_1110874_0053	Interior_A	True	False	-79.9999999999983	-80.00000000000485	incomplete_strict_phone_support_for_nine_point_cpps_trajectory
LA_E_1110874_0053	Interior_B	True	False	-159.9999999999966	-160.00000000000313	incomplete_strict_phone_support_for_nine_point_cpps_trajectory
LA_E_1110874_0054	Boundary	True	True			
LA_E_1110874_0054	Interior_A	True	False	-159.9999999999966	-160.00000000000313	incomplete_strict_phone_support_for_nine_point_cpps_trajectory
LA_E_1110874_0054	Interior_B	True	False	-79.9999999999983	-79.99999999999774	incomplete_strict_phone_support_for_nine_point_cpps_trajectory
LA_E_1110874_0055	Boundary	True	False			official_v6_boundary_cpps_invalid_or_incomplete_support
LA_E_1110874_0055	Interior_A	True	False	-79.9999999999983	-79.99999999999774	incomplete_strict_phone_support_for_nine_point_cpps_trajectory
LA_E_1110874_0055	Interior_B	True	False	-79.9999999999983	-80.00000000000485	incomplete_strict_phone_support_for_nine_point_cpps_trajectory
LA_E_1110874_0058	Boundary	True	True			
LA_E_1110874_0058	Interior_A	True	True	80.0000000000054	79.99999999999885	
LA_E_1110874_0058	Interior_B	True	True	159.9999999999966	159.99999999999716	
LA_E_1110874_0059	Boundary	True	True			
LA_E_1110874_0059	Interior_A	True	True	159.9999999999966	159.99999999999716	
LA_E_1110874_0059	Interior_B	True	True	160.0000000000037	159.99999999999716	
LA_E_1110874_0060	Boundary	True	False			official_v6_boundary_cpps_invalid_or_incomplete_support
LA_E_1110874_0060	Interior_A	True	True	160.0000000000037	159.99999999999716	
LA_E_1110874_0060	Interior_B	True	True	640.0000000000006	640.0000000000011	
LA_E_1111007_0003	Boundary	True	True			
LA_E_1111007_0003	Interior_A	True	False	-80.00000000000007	-79.99999999999996	incomplete_strict_phone_support_for_nine_point_cpps_trajectory
LA_E_1111007_0003	Interior_B	True	True	80.00000000000007	79.99999999999974	
LA_E_1111007_0008	Boundary	True	False			official_v6_boundary_cpps_invalid_or_incomplete_support
LA_E_1111007_0008	Interior_A	True	True	160.00000000000014	160.0000000000007	
LA_E_1111007_0008	Interior_B	True	False	-160.00000000000014	-160.00000000000136	incomplete_strict_phone_support_for_nine_point_cpps_trajectory
LA_E_1111007_0012	Boundary	True	True			
LA_E_1111007_0012	Interior_A	True	False	-160.00000000000014	-159.99999999999957	incomplete_strict_phone_support_for_nine_point_cpps_trajectory
LA_E_1111007_0012	Interior_B	True	False	0.0	-1.2212453270876722e-12	incomplete_strict_phone_support_for_nine_point_cpps_trajectory
LA_E_1111007_0013	Boundary	True	True			
LA_E_1111007_0013	Interior_A	True	False	0.0	-1.2212453270876722e-12	incomplete_strict_phone_support_for_nine_point_cpps_trajectory
LA_E_1111007_0013	Interior_B	True	True	400.00000000000034	399.99999999999915	
LA_E_1111007_0014	Boundary	True	False			official_v6_boundary_cpps_invalid_or_incomplete_support
LA_E_1111007_0014	Interior_A	True	True	400.00000000000034	399.99999999999915	
LA_E_1111007_0014	Interior_B	True	True	640.0000000000006	639.9999999999976	
LA_E_1112202_0000	Boundary	True	True			
LA_E_1112202_0000	Interior_A	True	False	-160.00000000000003	-160.00000000000003	incomplete_strict_phone_support_for_nine_point_cpps_trajectory
LA_E_1112202_0000	Interior_B	True	False	-160.00000000000014	-160.00000000000003	incomplete_strict_phone_support_for_nine_point_cpps_trajectory
LA_E_1112202_0005	Boundary	True	True			
LA_E_1112202_0005	Interior_A	True	False	0.0	-3.3306690738754696e-13	incomplete_strict_phone_support_for_nine_point_cpps_trajectory
LA_E_1112202_0005	Interior_B	True	True	80.00000000000097	79.99999999999974	
LA_E_1112202_0012	Boundary	True	False			official_v6_boundary_cpps_invalid_or_incomplete_support
LA_E_1112202_0012	Interior_A	True	True	159.99999999999835	160.0000000000007	
LA_E_1112202_0012	Interior_B	True	False	-80.00000000000185	-79.99999999999952	incomplete_strict_phone_support_for_nine_point_cpps_trajectory
LA_E_1112202_0015	Boundary	True	False			official_v6_boundary_cpps_invalid_or_incomplete_support
LA_E_1112202_0015	Interior_A	True	True	239.99999999999844	240.00000000000077	
LA_E_1112202_0015	Interior_B	True	False	0.0	5.551115123125783e-13	incomplete_strict_phone_support_for_nine_point_cpps_trajectory
LA_E_1112202_0018	Boundary	True	False			official_v6_boundary_cpps_invalid_or_incomplete_support
LA_E_1112202_0018	Interior_A	True	False	-160.0000000000037	-159.99999999999957	incomplete_strict_phone_support_for_nine_point_cpps_trajectory
LA_E_1112202_0018	Interior_B	True	False	-79.9999999999983	-80.0000000000013	incomplete_strict_phone_support_for_nine_point_cpps_trajectory
LA_E_1112202_0024	Boundary	True	True			
LA_E_1112202_0024	Interior_A	True	False	-79.9999999999983	-80.0000000000013	incomplete_strict_phone_support_for_nine_point_cpps_trajectory
LA_E_1112202_0024	Interior_B	True	False	-160.00000000000014	-159.99999999999957	incomplete_strict_phone_support_for_nine_point_cpps_trajectory
LA_E_1112202_0025	Boundary	True	True			
LA_E_1112202_0025	Interior_A	True	False	-160.00000000000014	-159.99999999999957	incomplete_strict_phone_support_for_nine_point_cpps_trajectory
LA_E_1112202_0025	Interior_B	True	False	-160.00000000000014	-159.99999999999957	incomplete_strict_phone_support_for_nine_point_cpps_trajectory
LA_E_1112202_0031	Boundary	True	True			
LA_E_1112202_0031	Interior_A	True	False	0.0	-2.9976021664879227e-12	incomplete_strict_phone_support_for_nine_point_cpps_trajectory
LA_E_1112202_0031	Interior_B	True	True	959.9999999999973	960.0000000000014	
LA_E_1112227_0001	Boundary	True	True			
LA_E_1112227_0001	Interior_A	True	False	-160.00000000000003	-160.00000000000003	incomplete_strict_phone_support_for_nine_point_cpps_trajectory
LA_E_1112227_0001	Interior_B	True	True	159.99999999999991	159.9999999999998	
LA_E_1112227_0002	Boundary	True	True			
LA_E_1112227_0002	Interior_A	True	True	159.9999999999997	160.0000000000016	
LA_E_1112227_0002	Interior_B	True	False	-160.00000000000014	-159.99999999999957	incomplete_strict_phone_support_for_nine_point_cpps_trajectory
LA_E_1112227_0009	Boundary	True	True			
LA_E_1112227_0009	Interior_A	True	False	0.0	-1.2212453270876722e-12	incomplete_strict_phone_support_for_nine_point_cpps_trajectory
LA_E_1112227_0009	Interior_B	True	False	-80.00000000000007	-80.0000000000013	incomplete_strict_phone_support_for_nine_point_cpps_trajectory
LA_E_1112227_0010	Boundary	True	False			official_v6_boundary_cpps_invalid_or_incomplete_support
LA_E_1112227_0010	Interior_A	True	False	-80.00000000000007	-80.0000000000013	incomplete_strict_phone_support_for_nine_point_cpps_trajectory
LA_E_1112227_0010	Interior_B	True	True	239.99999999999844	240.00000000000077	
LA_E_1112227_0016	Boundary	True	True			
LA_E_1112227_0016	Interior_A	True	False	-160.00000000000014	-159.99999999999957	incomplete_strict_phone_support_for_nine_point_cpps_trajectory
LA_E_1112227_0016	Interior_B	True	False	-79.9999999999983	-80.0000000000013	incomplete_strict_phone_support_for_nine_point_cpps_trajectory
LA_E_1112227_0017	Boundary	True	True			
LA_E_1112227_0017	Interior_A	True	False	-79.9999999999983	-80.0000000000013	incomplete_strict_phone_support_for_nine_point_cpps_trajectory
LA_E_1112227_0017	Interior_B	True	False	-160.00000000000014	-160.00000000000313	incomplete_strict_phone_support_for_nine_point_cpps_trajectory
LA_E_1112227_0021	Boundary	True	False			official_v6_boundary_cpps_invalid_or_incomplete_support
LA_E_1112227_0021	Interior_A	True	False	-160.00000000000014	-159.99999999999957	incomplete_strict_phone_support_for_nine_point_cpps_trajectory
LA_E_1112227_0021	Interior_B	True	False	-3.552713678800501e-12	5.551115123125783e-13	incomplete_strict_phone_support_for_nine_point_cpps_trajectory
LA_E_1112227_0025	Boundary	True	False			official_v6_boundary_cpps_invalid_or_incomplete_support
LA_E_1112227_0025	Interior_A	True	False	-160.0000000000037	-159.99999999999957	incomplete_strict_phone_support_for_nine_point_cpps_trajectory
LA_E_1112227_0025	Interior_B	True	False	0.0	5.551115123125783e-13	incomplete_strict_phone_support_for_nine_point_cpps_trajectory
LA_E_1112227_0035	Boundary	True	True			
LA_E_1112227_0035	Interior_A	True	False	0.0	5.551115123125783e-13	incomplete_strict_phone_support_for_nine_point_cpps_trajectory
LA_E_1112227_0035	Interior_B	True	True	80.0000000000054	79.99999999999885	
LA_E_1112227_0036	Boundary	True	True			
LA_E_1112227_0036	Interior_A	True	True	80.0000000000054	79.99999999999885	
LA_E_1112227_0036	Interior_B	True	False	-79.9999999999983	-80.00000000000485	incomplete_strict_phone_support_for_nine_point_cpps_trajectory
LA_E_1112227_0044	Boundary	True	True			
LA_E_1112227_0044	Interior_A	True	True	399.9999999999986	399.99999999999915	
LA_E_1112227_0044	Interior_B	True	True	320.0000000000003	320.00000000000085	
LA_E_1112339_0005	Boundary	True	False			official_v6_boundary_cpps_invalid_or_incomplete_support
LA_E_1112339_0005	Interior_A	True	False	-160.00000000000014	-159.99999999999957	incomplete_strict_phone_support_for_nine_point_cpps_trajectory
LA_E_1112339_0005	Interior_B	True	True	480.00000000000045	480.0000000000001	
LA_E_1112339_0006	Boundary	True	False			official_v6_boundary_cpps_invalid_or_incomplete_support
LA_E_1112339_0006	Interior_A	True	True	480.00000000000045	480.0000000000001	
LA_E_1112339_0006	Interior_B	True	False	-160.00000000000014	-160.00000000000136	incomplete_strict_phone_support_for_nine_point_cpps_trajectory
LA_E_1112339_0009	Boundary	True	True			
LA_E_1112339_0009	Interior_A	True	False	-160.00000000000193	-159.99999999999957	incomplete_strict_phone_support_for_nine_point_cpps_trajectory
LA_E_1112339_0009	Interior_B	True	False	-80.00000000000007	-79.99999999999952	incomplete_strict_phone_support_for_nine_point_cpps_trajectory
LA_E_1112339_0010	Boundary	True	True			
LA_E_1112339_0010	Interior_A	True	False	-80.00000000000007	-79.99999999999952	incomplete_strict_phone_support_for_nine_point_cpps_trajectory
LA_E_1112339_0010	Interior_B	True	False	-80.00000000000185	-79.99999999999952	incomplete_strict_phone_support_for_nine_point_cpps_trajectory
LA_E_1112339_0013	Boundary	True	False			official_v6_boundary_cpps_invalid_or_incomplete_support
LA_E_1112339_0013	Interior_A	True	False	-160.00000000000014	-160.00000000000136	incomplete_strict_phone_support_for_nine_point_cpps_trajectory
LA_E_1112339_0013	Interior_B	True	False	-160.00000000000014	-159.99999999999957	incomplete_strict_phone_support_for_nine_point_cpps_trajectory
LA_E_1112339_0016	Boundary	True	True			
LA_E_1112339_0016	Interior_A	True	False	0.0	-2.9976021664879227e-12	incomplete_strict_phone_support_for_nine_point_cpps_trajectory
LA_E_1112339_0016	Interior_B	True	False	-80.00000000000185	-79.99999999999774	incomplete_strict_phone_support_for_nine_point_cpps_trajectory
LA_E_1112339_0017	Boundary	True	True			
LA_E_1112339_0017	Interior_A	True	False	-80.00000000000185	-79.99999999999774	incomplete_strict_phone_support_for_nine_point_cpps_trajectory
LA_E_1112339_0017	Interior_B	True	True	480.00000000000045	480.00000000000097	
LA_E_1112339_0018	Boundary	True	True			
LA_E_1112339_0018	Interior_A	True	True	480.00000000000045	480.00000000000097	
LA_E_1112339_0018	Interior_B	True	True	479.9999999999969	480.00000000000097	
LA_E_1112827_0000	Boundary	True	True			
LA_E_1112827_0000	Interior_A	True	False	-79.99999999999996	-79.99999999999996	incomplete_strict_phone_support_for_nine_point_cpps_trajectory
LA_E_1112827_0000	Interior_B	True	True	239.99999999999977	239.9999999999999	
LA_E_1112827_0001	Boundary	True	False			official_v6_boundary_cpps_invalid_or_incomplete_support
LA_E_1112827_0001	Interior_A	True	True	240.00000000000153	239.9999999999999	
LA_E_1112827_0001	Interior_B	True	False	-160.00000000000014	-160.00000000000003	incomplete_strict_phone_support_for_nine_point_cpps_trajectory
LA_E_1112827_0005	Boundary	True	False			official_v6_boundary_cpps_invalid_or_incomplete_support
LA_E_1112827_0005	Interior_A	True	True	160.00000000000014	160.0000000000007	
LA_E_1112827_0005	Interior_B	True	True	239.99999999999844	239.999999999999	
LA_E_1112827_0006	Boundary	True	False			official_v6_boundary_cpps_invalid_or_incomplete_support
LA_E_1112827_0006	Interior_A	True	True	239.99999999999844	239.999999999999	
LA_E_1112827_0006	Interior_B	True	True	160.00000000000014	160.0000000000007	
LA_E_1112827_0012	Boundary	True	False			official_v6_boundary_cpps_invalid_or_incomplete_support
LA_E_1112827_0012	Interior_A	True	False	-160.00000000000014	-159.99999999999957	incomplete_strict_phone_support_for_nine_point_cpps_trajectory
LA_E_1112827_0012	Interior_B	True	True	160.00000000000014	160.0000000000007	
LA_E_1112827_0015	Boundary	True	True			
LA_E_1112827_0015	Interior_A	True	False	-80.00000000000185	-79.99999999999774	incomplete_strict_phone_support_for_nine_point_cpps_trajectory
LA_E_1112827_0015	Interior_B	True	True	799.9999999999972	800.0000000000013	
LA_E_1112827_0016	Boundary	True	True			
LA_E_1112827_0016	Interior_A	True	True	799.9999999999972	800.0000000000013	
LA_E_1112827_0016	Interior_B	True	False	-79.9999999999983	-80.0000000000013	incomplete_strict_phone_support_for_nine_point_cpps_trajectory
LA_E_1112827_0017	Boundary	True	True			
LA_E_1112827_0017	Interior_A	True	False	-79.9999999999983	-80.0000000000013	incomplete_strict_phone_support_for_nine_point_cpps_trajectory
LA_E_1112827_0017	Interior_B	True	True	79.9999999999983	79.99999999999885	
LA_E_1112827_0018	Boundary	True	True			
LA_E_1112827_0018	Interior_A	True	True	79.9999999999983	79.99999999999885	
LA_E_1112827_0018	Interior_B	True	False	-159.9999999999966	-160.00000000000313	incomplete_strict_phone_support_for_nine_point_cpps_trajectory
LA_E_1112827_0022	Boundary	True	False			official_v6_boundary_cpps_invalid_or_incomplete_support
LA_E_1112827_0022	Interior_A	True	True	79.9999999999983	79.99999999999885	
LA_E_1112827_0022	Interior_B	True	False	-159.9999999999966	-160.00000000000313	incomplete_strict_phone_support_for_nine_point_cpps_trajectory
LA_E_1112827_0023	Boundary	True	False			official_v6_boundary_cpps_invalid_or_incomplete_support
LA_E_1112827_0023	Interior_A	True	False	-159.9999999999966	-160.00000000000313	incomplete_strict_phone_support_for_nine_point_cpps_trajectory
LA_E_1112827_0023	Interior_B	True	False	-79.9999999999983	-79.99999999999774	incomplete_strict_phone_support_for_nine_point_cpps_trajectory
LA_E_1112827_0029	Boundary	True	False			official_v6_boundary_cpps_invalid_or_incomplete_support
LA_E_1112827_0029	Interior_A	True	False	-159.9999999999966	-160.00000000000313	incomplete_strict_phone_support_for_nine_point_cpps_trajectory
LA_E_1112827_0029	Interior_B	True	True	240.000000000002	239.99999999999545	
LA_E_1112827_0040	Boundary	True	False			official_v6_boundary_cpps_invalid_or_incomplete_support
LA_E_1112827_0040	Interior_A	True	True	240.000000000002	239.99999999999545	
LA_E_1112827_0040	Interior_B	True	False	0.0	5.551115123125783e-13	incomplete_strict_phone_support_for_nine_point_cpps_trajectory
LA_E_1112827_0041	Boundary	True	False			official_v6_boundary_cpps_invalid_or_incomplete_support
LA_E_1112827_0041	Interior_A	True	False	0.0	5.551115123125783e-13	incomplete_strict_phone_support_for_nine_point_cpps_trajectory
LA_E_1112827_0041	Interior_B	True	True	320.0000000000003	320.00000000000085	
LA_E_1112827_0044	Boundary	True	True			
LA_E_1112827_0044	Interior_A	True	False	-159.9999999999966	-160.00000000000313	incomplete_strict_phone_support_for_nine_point_cpps_trajectory
LA_E_1112827_0044	Interior_B	True	False	0.0	5.551115123125783e-13	incomplete_strict_phone_support_for_nine_point_cpps_trajectory
LA_E_1112827_0045	Boundary	True	False			official_v6_boundary_cpps_invalid_or_incomplete_support
LA_E_1112827_0045	Interior_A	True	False	0.0	5.551115123125783e-13	incomplete_strict_phone_support_for_nine_point_cpps_trajectory
LA_E_1112827_0045	Interior_B	True	True	399.9999999999986	399.99999999999915	
LA_E_1112827_0057	Boundary	True	True			
LA_E_1112827_0057	Interior_A	True	False	-159.9999999999966	-160.00000000001023	incomplete_strict_phone_support_for_nine_point_cpps_trajectory
LA_E_1112827_0057	Interior_B	True	True	239.99999999999488	240.00000000000966	
LA_E_1112827_0058	Boundary	True	False			official_v6_boundary_cpps_invalid_or_incomplete_support
LA_E_1112827_0058	Interior_A	True	True	239.99999999999488	240.00000000000966	
LA_E_1112827_0058	Interior_B	True	True	159.9999999999966	160.00000000001137	
LA_E_1112827_0059	Boundary	True	False			official_v6_boundary_cpps_invalid_or_incomplete_support
LA_E_1112827_0059	Interior_A	True	True	159.9999999999966	160.00000000001137	
LA_E_1112827_0059	Interior_B	True	False	-79.9999999999983	-80.00000000001195	incomplete_strict_phone_support_for_nine_point_cpps_trajectory
LA_E_1112827_0060	Boundary	True	True			
LA_E_1112827_0060	Interior_A	True	False	-79.9999999999983	-80.00000000001195	incomplete_strict_phone_support_for_nine_point_cpps_trajectory
LA_E_1112827_0060	Interior_B	True	False	0.0	5.551115123125783e-13	incomplete_strict_phone_support_for_nine_point_cpps_trajectory
LA_E_1112827_0063	Boundary	True	True			
LA_E_1112827_0063	Interior_A	True	False	-79.9999999999983	-79.99999999999774	incomplete_strict_phone_support_for_nine_point_cpps_trajectory
LA_E_1112827_0063	Interior_B	True	False	-160.0000000000108	-159.99999999999602	incomplete_strict_phone_support_for_nine_point_cpps_trajectory
LA_E_1112827_0064	Boundary	True	True			
LA_E_1112827_0064	Interior_A	True	False	-160.0000000000108	-159.99999999999602	incomplete_strict_phone_support_for_nine_point_cpps_trajectory
LA_E_1112827_0064	Interior_B	True	False	-79.9999999999983	-79.99999999999774	incomplete_strict_phone_support_for_nine_point_cpps_trajectory
LA_E_1112827_0065	Boundary	True	True			
LA_E_1112827_0065	Interior_A	True	False	-79.9999999999983	-79.99999999999774	incomplete_strict_phone_support_for_nine_point_cpps_trajectory
LA_E_1112827_0065	Interior_B	True	False	-159.9999999999966	-160.00000000001023	incomplete_strict_phone_support_for_nine_point_cpps_trajectory
LA_E_1112827_0066	Boundary	True	True			
LA_E_1112827_0066	Interior_A	True	False	-159.9999999999966	-160.00000000001023	incomplete_strict_phone_support_for_nine_point_cpps_trajectory
LA_E_1112827_0066	Interior_B	True	False	-79.9999999999983	-79.99999999999774	incomplete_strict_phone_support_for_nine_point_cpps_trajectory
LA_E_1112827_0067	Boundary	True	True			
LA_E_1112827_0067	Interior_A	True	False	-79.9999999999983	-79.99999999999774	incomplete_strict_phone_support_for_nine_point_cpps_trajectory
LA_E_1112827_0067	Interior_B	True	False	-79.9999999999983	-79.99999999999774	incomplete_strict_phone_support_for_nine_point_cpps_trajectory
LA_E_1112827_0068	Boundary	True	False			official_v6_boundary_cpps_invalid_or_incomplete_support
LA_E_1112827_0068	Interior_A	True	False	-79.9999999999983	-79.99999999999774	incomplete_strict_phone_support_for_nine_point_cpps_trajectory
LA_E_1112827_0068	Interior_B	True	True	159.9999999999966	159.99999999999716	
LA_E_1112827_0071	Boundary	True	False			official_v6_boundary_cpps_invalid_or_incomplete_support
LA_E_1112827_0071	Interior_A	True	False	-159.9999999999966	-160.00000000001023	incomplete_strict_phone_support_for_nine_point_cpps_trajectory
LA_E_1112827_0071	Interior_B	True	False	-79.9999999999983	-79.99999999999774	incomplete_strict_phone_support_for_nine_point_cpps_trajectory
LA_E_1112827_0072	Boundary	True	False			official_v6_boundary_cpps_invalid_or_incomplete_support
LA_E_1112827_0072	Interior_A	True	False	-79.9999999999983	-79.99999999999774	incomplete_strict_phone_support_for_nine_point_cpps_trajectory
LA_E_1112827_0072	Interior_B	True	True	239.99999999999488	240.00000000000966	
LA_E_1112827_0073	Boundary	True	False			official_v6_boundary_cpps_invalid_or_incomplete_support
LA_E_1112827_0073	Interior_A	True	True	239.99999999999488	240.00000000000966	
LA_E_1112827_0073	Interior_B	True	True	239.99999999999488	239.99999999999545	
LA_E_1112827_0077	Boundary	True	True			
LA_E_1112827_0077	Interior_A	True	False	-79.9999999999983	-79.99999999999774	incomplete_strict_phone_support_for_nine_point_cpps_trajectory
LA_E_1112827_0077	Interior_B	True	True	240.0000000000091	239.99999999999545	
LA_E_1112827_0078	Boundary	True	True			
LA_E_1112827_0078	Interior_A	True	True	240.0000000000091	239.99999999999545	
LA_E_1112827_0078	Interior_B	True	True	79.9999999999983	79.99999999999885	
LA_E_1112827_0088	Boundary	True	True			
LA_E_1112827_0088	Interior_A	True	False	-80.0000000000125	-79.99999999999774	incomplete_strict_phone_support_for_nine_point_cpps_trajectory
LA_E_1112827_0088	Interior_B	True	False	-79.9999999999983	-79.99999999999774	incomplete_strict_phone_support_for_nine_point_cpps_trajectory
LA_E_1112827_0089	Boundary	True	False			official_v6_boundary_cpps_invalid_or_incomplete_support
LA_E_1112827_0089	Interior_A	True	False	-79.9999999999983	-79.99999999999774	incomplete_strict_phone_support_for_nine_point_cpps_trajectory
LA_E_1112827_0089	Interior_B	True	False	0.0	5.551115123125783e-13	incomplete_strict_phone_support_for_nine_point_cpps_trajectory
LA_E_1112827_0090	Boundary	True	False			official_v6_boundary_cpps_invalid_or_incomplete_support
LA_E_1112827_0090	Interior_A	True	False	0.0	5.551115123125783e-13	incomplete_strict_phone_support_for_nine_point_cpps_trajectory
LA_E_1112827_0090	Interior_B	True	False	-79.9999999999983	-79.99999999999774	incomplete_strict_phone_support_for_nine_point_cpps_trajectory
LA_E_1112827_0091	Boundary	True	False			official_v6_boundary_cpps_invalid_or_incomplete_support
LA_E_1112827_0091	Interior_A	True	False	-79.9999999999983	-79.99999999999774	incomplete_strict_phone_support_for_nine_point_cpps_trajectory
LA_E_1112827_0091	Interior_B	True	True	480.000000000004	479.99999999999034	
LA_E_1112827_0092	Boundary	True	False			official_v6_boundary_cpps_invalid_or_incomplete_support
LA_E_1112827_0092	Interior_A	True	True	480.000000000004	479.99999999999034	
LA_E_1112827_0092	Interior_B	True	True	400.0000000000057	399.99999999999204	
LA_E_1112827_0093	Boundary	True	False			official_v6_boundary_cpps_invalid_or_incomplete_support
LA_E_1112827_0093	Interior_A	True	True	400.0000000000057	399.99999999999204	
LA_E_1112827_0093	Interior_B	True	False	0.0	5.551115123125783e-13	incomplete_strict_phone_support_for_nine_point_cpps_trajectory
LA_E_1113763_0007	Boundary	True	True			
LA_E_1113763_0007	Interior_A	True	False	-80.00000000000097	-79.99999999999862	incomplete_strict_phone_support_for_nine_point_cpps_trajectory
LA_E_1113763_0007	Interior_B	True	True	79.9999999999983	80.00000000000063	
LA_E_1113763_0008	Boundary	True	True			
LA_E_1113763_0008	Interior_A	True	True	79.9999999999983	80.00000000000063	
LA_E_1113763_0008	Interior_B	True	True	639.9999999999987	640.0000000000011	
LA_E_1113763_0009	Boundary	True	True			
LA_E_1113763_0009	Interior_A	True	True	639.9999999999987	640.0000000000011	
LA_E_1113763_0009	Interior_B	True	True	239.99999999999844	240.00000000000077	
LA_E_1113763_0016	Boundary	True	False			official_v6_boundary_cpps_invalid_or_incomplete_support
LA_E_1113763_0016	Interior_A	True	True	240.000000000002	239.999999999999	
LA_E_1113763_0016	Interior_B	True	True	480.00000000000045	479.99999999999744	
LA_E_1113763_0017	Boundary	True	True			
LA_E_1113763_0017	Interior_A	True	True	480.00000000000045	479.99999999999744	
LA_E_1113763_0017	Interior_B	True	False	0.0	5.551115123125783e-13	incomplete_strict_phone_support_for_nine_point_cpps_trajectory
LA_E_1113763_0021	Boundary	True	True			
LA_E_1113763_0021	Interior_A	True	False	0.0	-2.9976021664879227e-12	incomplete_strict_phone_support_for_nine_point_cpps_trajectory
LA_E_1113763_0021	Interior_B	True	False	-80.00000000000185	-79.99999999999774	incomplete_strict_phone_support_for_nine_point_cpps_trajectory
LA_E_1113763_0022	Boundary	True	True			
LA_E_1113763_0022	Interior_A	True	False	-80.00000000000185	-79.99999999999774	incomplete_strict_phone_support_for_nine_point_cpps_trajectory
LA_E_1113763_0022	Interior_B	True	False	-80.00000000000185	-79.99999999999774	incomplete_strict_phone_support_for_nine_point_cpps_trajectory
LA_E_1113763_0023	Boundary	True	False			official_v6_boundary_cpps_invalid_or_incomplete_support
LA_E_1113763_0023	Interior_A	True	False	-80.00000000000185	-79.99999999999774	incomplete_strict_phone_support_for_nine_point_cpps_trajectory
LA_E_1113763_0023	Interior_B	True	True	239.99999999999844	239.999999999999	
LA_E_1116161_0001	Boundary	True	False			official_v6_boundary_cpps_invalid_or_incomplete_support
LA_E_1116161_0001	Interior_A	True	False	-160.00000000000003	-160.00000000000003	incomplete_strict_phone_support_for_nine_point_cpps_trajectory
LA_E_1116161_0001	Interior_B	True	False	0.0	1.1102230246251565e-13	incomplete_strict_phone_support_for_nine_point_cpps_trajectory
LA_E_1116161_0015	Boundary	True	False			official_v6_boundary_cpps_invalid_or_incomplete_support
LA_E_1116161_0015	Interior_A	True	False	-80.00000000000185	-79.99999999999952	incomplete_strict_phone_support_for_nine_point_cpps_trajectory
LA_E_1116161_0015	Interior_B	True	True	80.00000000000007	79.99999999999885	
LA_E_1116161_0016	Boundary	True	False			official_v6_boundary_cpps_invalid_or_incomplete_support
LA_E_1116161_0016	Interior_A	True	True	80.00000000000007	79.99999999999885	
LA_E_1116161_0016	Interior_B	True	True	480.00000000000045	480.00000000000097	
LA_E_1116161_0019	Boundary	True	True			
LA_E_1116161_0019	Interior_A	True	False	-79.9999999999983	-80.0000000000013	incomplete_strict_phone_support_for_nine_point_cpps_trajectory
LA_E_1116161_0019	Interior_B	True	True	160.00000000000014	160.0000000000007	
LA_E_1116161_0024	Boundary	True	False			official_v6_boundary_cpps_invalid_or_incomplete_support
LA_E_1116161_0024	Interior_A	True	True	160.00000000000014	160.0000000000007	
LA_E_1116161_0024	Interior_B	True	False	-80.00000000000185	-80.0000000000013	incomplete_strict_phone_support_for_nine_point_cpps_trajectory
LA_E_1116161_0025	Boundary	True	False			official_v6_boundary_cpps_invalid_or_incomplete_support
LA_E_1116161_0025	Interior_A	True	False	-80.00000000000185	-80.0000000000013	incomplete_strict_phone_support_for_nine_point_cpps_trajectory
LA_E_1116161_0025	Interior_B	True	False	-160.00000000000014	-159.99999999999957	incomplete_strict_phone_support_for_nine_point_cpps_trajectory
LA_E_1116161_0026	Boundary	True	False			official_v6_boundary_cpps_invalid_or_incomplete_support
LA_E_1116161_0026	Interior_A	True	False	-160.00000000000014	-159.99999999999957	incomplete_strict_phone_support_for_nine_point_cpps_trajectory
LA_E_1116161_0026	Interior_B	True	True	80.00000000000185	79.99999999999885	
LA_E_1116161_0027	Boundary	True	True			
LA_E_1116161_0027	Interior_A	True	True	80.00000000000185	79.99999999999885	
LA_E_1116161_0027	Interior_B	True	True	239.99999999999844	239.999999999999	
LA_E_1116902_0005	Boundary	True	False			official_v6_boundary_cpps_invalid_or_incomplete_support
LA_E_1116902_0005	Interior_A	True	True	400.00000000000034	400.0	
LA_E_1116902_0005	Interior_B	True	True	160.00000000000014	159.9999999999998	
LA_E_1116902_0017	Boundary	True	True			
LA_E_1116902_0017	Interior_A	True	False	-160.00000000000014	-159.99999999999957	incomplete_strict_phone_support_for_nine_point_cpps_trajectory
LA_E_1116902_0017	Interior_B	True	False	-160.0000000000037	-159.99999999999957	incomplete_strict_phone_support_for_nine_point_cpps_trajectory
LA_E_1116902_0027	Boundary	True	True			
LA_E_1116902_0027	Interior_A	True	True	239.99999999999844	239.999999999999	
LA_E_1116902_0027	Interior_B	True	False	0.0	5.551115123125783e-13	incomplete_strict_phone_support_for_nine_point_cpps_trajectory
LA_E_1116902_0034	Boundary	True	False			official_v6_boundary_cpps_invalid_or_incomplete_support
LA_E_1116902_0034	Interior_A	True	True	79.9999999999983	79.99999999999885	
LA_E_1116902_0034	Interior_B	True	True	320.0000000000003	320.00000000000085	
LA_E_1116902_0035	Boundary	True	False			official_v6_boundary_cpps_invalid_or_incomplete_support
LA_E_1116902_0035	Interior_A	True	True	320.0000000000003	320.00000000000085	
LA_E_1116902_0035	Interior_B	True	True	320.0000000000003	320.00000000000085	
LA_E_1116902_0036	Boundary	True	True			
LA_E_1116902_0036	Interior_A	True	True	320.0000000000003	320.00000000000085	
LA_E_1116902_0036	Interior_B	True	True	159.9999999999966	160.00000000000426	
LA_E_1117672_0002	Boundary	True	True			
LA_E_1117672_0002	Interior_A	True	False	-80.00000000000007	-79.99999999999974	incomplete_strict_phone_support_for_nine_point_cpps_trajectory
LA_E_1117672_0002	Interior_B	True	False	-4.440892098500626e-13	1.1102230246251565e-13	incomplete_strict_phone_support_for_nine_point_cpps_trajectory
LA_E_1117672_0003	Boundary	True	True			
LA_E_1117672_0003	Interior_A	True	False	-4.440892098500626e-13	1.1102230246251565e-13	incomplete_strict_phone_support_for_nine_point_cpps_trajectory
LA_E_1117672_0003	Interior_B	True	True	320.0000000000003	319.99999999999994	
LA_E_1117672_0004	Boundary	True	True			
LA_E_1117672_0004	Interior_A	True	True	320.00000000000205	319.99999999999994	
LA_E_1117672_0004	Interior_B	True	False	0.0	-3.3306690738754696e-13	incomplete_strict_phone_support_for_nine_point_cpps_trajectory
LA_E_1117672_0008	Boundary	True	False			official_v6_boundary_cpps_invalid_or_incomplete_support
LA_E_1117672_0008	Interior_A	True	False	0.0	-1.2212453270876722e-12	incomplete_strict_phone_support_for_nine_point_cpps_trajectory
LA_E_1117672_0008	Interior_B	True	True	479.99999999999864	480.00000000000097	
LA_E_1117672_0009	Boundary	True	True			
LA_E_1117672_0009	Interior_A	True	True	479.99999999999864	480.00000000000097	
LA_E_1117672_0009	Interior_B	True	False	-160.00000000000014	-159.99999999999957	incomplete_strict_phone_support_for_nine_point_cpps_trajectory
LA_E_1117672_0010	Boundary	True	True			
LA_E_1117672_0010	Interior_A	True	False	-160.00000000000014	-159.99999999999957	incomplete_strict_phone_support_for_nine_point_cpps_trajectory
LA_E_1117672_0010	Interior_B	True	True	79.9999999999983	80.00000000000063	
LA_E_1117672_0011	Boundary	True	True			
LA_E_1117672_0011	Interior_A	True	True	79.9999999999983	80.00000000000063	
LA_E_1117672_0011	Interior_B	True	True	160.00000000000014	159.99999999999892	
LA_E_1117672_0012	Boundary	True	True			
LA_E_1117672_0012	Interior_A	True	True	160.00000000000014	159.99999999999892	
LA_E_1117672_0012	Interior_B	True	True	79.9999999999983	80.0000000000024	
LA_E_1117672_0018	Boundary	True	False			official_v6_boundary_cpps_invalid_or_incomplete_support
LA_E_1117672_0018	Interior_A	True	True	239.99999999999844	240.00000000000256	
LA_E_1117672_0018	Interior_B	True	False	-160.00000000000014	-160.00000000000313	incomplete_strict_phone_support_for_nine_point_cpps_trajectory
LA_E_1117672_0021	Boundary	True	True			
LA_E_1117672_0021	Interior_A	True	True	160.00000000000014	160.0000000000007	
LA_E_1117672_0021	Interior_B	True	False	-79.9999999999983	-80.0000000000013	incomplete_strict_phone_support_for_nine_point_cpps_trajectory
LA_E_1117672_0029	Boundary	True	True			
LA_E_1117672_0029	Interior_A	True	False	-160.00000000000014	-159.99999999999957	incomplete_strict_phone_support_for_nine_point_cpps_trajectory
LA_E_1117672_0029	Interior_B	True	False	-160.00000000000014	-159.99999999999957	incomplete_strict_phone_support_for_nine_point_cpps_trajectory
LA_E_1117672_0030	Boundary	True	True			
LA_E_1117672_0030	Interior_A	True	False	-160.00000000000014	-159.99999999999957	incomplete_strict_phone_support_for_nine_point_cpps_trajectory
LA_E_1117672_0030	Interior_B	True	True	640.0000000000006	640.0000000000011	
LA_E_1120045_0001	Boundary	True	False			official_v6_boundary_cpps_invalid_or_incomplete_support
LA_E_1120045_0001	Interior_A	True	False	-80.00000000000007	-79.99999999999974	incomplete_strict_phone_support_for_nine_point_cpps_trajectory
LA_E_1120045_0001	Interior_B	True	True	159.9999999999997	159.9999999999998	
LA_E_1120045_0007	Boundary	True	True			
LA_E_1120045_0007	Interior_A	True	False	-80.00000000000007	-80.0000000000004	incomplete_strict_phone_support_for_nine_point_cpps_trajectory
LA_E_1120045_0007	Interior_B	True	False	-159.99999999999926	-159.99999999999957	incomplete_strict_phone_support_for_nine_point_cpps_trajectory
LA_E_1120045_0008	Boundary	True	False			official_v6_boundary_cpps_invalid_or_incomplete_support
LA_E_1120045_0008	Interior_A	True	False	-159.99999999999926	-159.99999999999957	incomplete_strict_phone_support_for_nine_point_cpps_trajectory
LA_E_1120045_0008	Interior_B	True	False	0.0	-1.2212453270876722e-12	incomplete_strict_phone_support_for_nine_point_cpps_trajectory
LA_E_1120045_0012	Boundary	True	False			official_v6_boundary_cpps_invalid_or_incomplete_support
LA_E_1120045_0012	Interior_A	True	True	80.00000000000007	80.00000000000063	
LA_E_1120045_0012	Interior_B	True	True	79.9999999999983	80.00000000000063	
LA_E_1120045_0013	Boundary	True	True			
LA_E_1120045_0013	Interior_A	True	True	79.9999999999983	80.00000000000063	
LA_E_1120045_0013	Interior_B	True	False	-80.00000000000007	-80.0000000000013	incomplete_strict_phone_support_for_nine_point_cpps_trajectory
LA_E_1120045_0014	Boundary	True	False			official_v6_boundary_cpps_invalid_or_incomplete_support
LA_E_1120045_0014	Interior_A	True	False	-80.00000000000007	-80.0000000000013	incomplete_strict_phone_support_for_nine_point_cpps_trajectory
LA_E_1120045_0014	Interior_B	True	True	80.00000000000007	80.00000000000063	
LA_E_1120045_0018	Boundary	True	True			
LA_E_1120045_0018	Interior_A	True	True	79.9999999999983	79.99999999999885	
LA_E_1120045_0018	Interior_B	True	True	240.000000000002	239.999999999999	
LA_E_1120045_0019	Boundary	True	False			official_v6_boundary_cpps_invalid_or_incomplete_support
LA_E_1120045_0019	Interior_A	True	True	240.000000000002	239.999999999999	
LA_E_1120045_0019	Interior_B	True	False	0.0	-2.9976021664879227e-12	incomplete_strict_phone_support_for_nine_point_cpps_trajectory
LA_E_1120670_0000	Boundary	True	True			
LA_E_1120670_0000	Interior_A	True	False	-79.99999999999996	-80.00000000000018	incomplete_strict_phone_support_for_nine_point_cpps_trajectory
LA_E_1120670_0000	Interior_B	True	False	0.0	1.1102230246251565e-13	incomplete_strict_phone_support_for_nine_point_cpps_trajectory
LA_E_1120670_0001	Boundary	True	False			official_v6_boundary_cpps_invalid_or_incomplete_support
LA_E_1120670_0001	Interior_A	True	False	0.0	1.1102230246251565e-13	incomplete_strict_phone_support_for_nine_point_cpps_trajectory
LA_E_1120670_0001	Interior_B	True	False	-80.00000000000051	-79.99999999999952	incomplete_strict_phone_support_for_nine_point_cpps_trajectory
LA_E_1120670_0005	Boundary	True	True			
LA_E_1120670_0005	Interior_A	True	False	-79.99999999999918	-80.0000000000004	incomplete_strict_phone_support_for_nine_point_cpps_trajectory
LA_E_1120670_0005	Interior_B	True	True	79.99999999999918	80.00000000000152	
LA_E_1120670_0009	Boundary	True	True			
LA_E_1120670_0009	Interior_A	True	True	80.00000000000007	79.99999999999885	
LA_E_1120670_0009	Interior_B	True	False	-80.00000000000007	-79.99999999999952	incomplete_strict_phone_support_for_nine_point_cpps_trajectory
LA_E_1120670_0010	Boundary	True	True			
LA_E_1120670_0010	Interior_A	True	False	-80.00000000000007	-79.99999999999952	incomplete_strict_phone_support_for_nine_point_cpps_trajectory
LA_E_1120670_0010	Interior_B	True	True	79.9999999999983	80.00000000000063	
LA_E_1120670_0011	Boundary	True	True			
LA_E_1120670_0011	Interior_A	True	True	79.9999999999983	80.00000000000063	
LA_E_1120670_0011	Interior_B	True	True	160.00000000000014	159.99999999999892	
LA_E_1120670_0017	Boundary	True	True			
LA_E_1120670_0017	Interior_A	True	False	-160.00000000000014	-159.99999999999957	incomplete_strict_phone_support_for_nine_point_cpps_trajectory
LA_E_1120670_0017	Interior_B	True	False	0.0	5.551115123125783e-13	incomplete_strict_phone_support_for_nine_point_cpps_trajectory
LA_E_1120670_0020	Boundary	True	True			
LA_E_1120670_0020	Interior_A	True	False	-80.00000000000185	-80.0000000000013	incomplete_strict_phone_support_for_nine_point_cpps_trajectory
LA_E_1120670_0020	Interior_B	True	False	-160.00000000000014	-159.99999999999957	incomplete_strict_phone_support_for_nine_point_cpps_trajectory
LA_E_1120670_0021	Boundary	True	True			
LA_E_1120670_0021	Interior_A	True	False	-160.00000000000014	-159.99999999999957	incomplete_strict_phone_support_for_nine_point_cpps_trajectory
LA_E_1120670_0021	Interior_B	True	True	79.9999999999983	80.0000000000024	
LA_E_1120670_0028	Boundary	True	False			official_v6_boundary_cpps_invalid_or_incomplete_support
LA_E_1120670_0028	Interior_A	True	True	239.99999999999844	239.999999999999	
LA_E_1120670_0028	Interior_B	True	True	240.000000000002	239.999999999999	
LA_E_1120670_0029	Boundary	True	False			official_v6_boundary_cpps_invalid_or_incomplete_support
LA_E_1120670_0029	Interior_A	True	True	240.000000000002	239.999999999999	
LA_E_1120670_0029	Interior_B	True	False	0.0	5.551115123125783e-13	incomplete_strict_phone_support_for_nine_point_cpps_trajectory
LA_E_1120670_0030	Boundary	True	False			official_v6_boundary_cpps_invalid_or_incomplete_support
LA_E_1120670_0030	Interior_A	True	False	0.0	5.551115123125783e-13	incomplete_strict_phone_support_for_nine_point_cpps_trajectory
LA_E_1120670_0030	Interior_B	True	False	0.0	5.551115123125783e-13	incomplete_strict_phone_support_for_nine_point_cpps_trajectory
LA_E_1120670_0037	Boundary	True	False			official_v6_boundary_cpps_invalid_or_incomplete_support
LA_E_1120670_0037	Interior_A	True	False	0.0	5.551115123125783e-13	incomplete_strict_phone_support_for_nine_point_cpps_trajectory
LA_E_1120670_0037	Interior_B	True	False	-159.9999999999966	-160.00000000000313	incomplete_strict_phone_support_for_nine_point_cpps_trajectory
LA_E_1120670_0038	Boundary	True	True			
LA_E_1120670_0038	Interior_A	True	False	-159.9999999999966	-160.00000000000313	incomplete_strict_phone_support_for_nine_point_cpps_trajectory
LA_E_1120670_0038	Interior_B	True	False	-79.9999999999983	-80.00000000000485	incomplete_strict_phone_support_for_nine_point_cpps_trajectory
LA_E_1120670_0039	Boundary	True	False			official_v6_boundary_cpps_invalid_or_incomplete_support
LA_E_1120670_0039	Interior_A	True	False	-79.9999999999983	-80.00000000000485	incomplete_strict_phone_support_for_nine_point_cpps_trajectory
LA_E_1120670_0039	Interior_B	True	True	160.0000000000037	159.99999999999716	
LA_E_1120670_0046	Boundary	True	False			official_v6_boundary_cpps_invalid_or_incomplete_support
LA_E_1120670_0046	Interior_A	True	False	0.0	5.551115123125783e-13	incomplete_strict_phone_support_for_nine_point_cpps_trajectory
LA_E_1120670_0046	Interior_B	True	True	320.0000000000003	320.00000000000085	
LA_E_1120670_0047	Boundary	True	False			official_v6_boundary_cpps_invalid_or_incomplete_support
LA_E_1120670_0047	Interior_A	True	True	320.0000000000003	320.00000000000085	
LA_E_1120670_0047	Interior_B	True	False	-160.0000000000037	-159.99999999999602	incomplete_strict_phone_support_for_nine_point_cpps_trajectory
LA_E_1120670_0048	Boundary	True	False			official_v6_boundary_cpps_invalid_or_incomplete_support
LA_E_1120670_0048	Interior_A	True	False	-160.0000000000037	-159.99999999999602	incomplete_strict_phone_support_for_nine_point_cpps_trajectory
LA_E_1120670_0048	Interior_B	True	False	-79.9999999999983	-80.00000000000485	incomplete_strict_phone_support_for_nine_point_cpps_trajectory
LA_E_1120670_0049	Boundary	True	True			
LA_E_1120670_0049	Interior_A	True	False	-79.9999999999983	-80.00000000000485	incomplete_strict_phone_support_for_nine_point_cpps_trajectory
LA_E_1120670_0049	Interior_B	True	True	640.0000000000006	640.0000000000011	
LA_E_1121761_0001	Boundary	True	True			
LA_E_1121761_0001	Interior_A	True	False	-80.00000000000007	-80.0000000000013	incomplete_strict_phone_support_for_nine_point_cpps_trajectory
LA_E_1121761_0001	Interior_B	True	True	160.00000000000014	159.99999999999892	
LA_E_1121761_0004	Boundary	True	True			
LA_E_1121761_0004	Interior_A	True	True	80.00000000000007	79.99999999999885	
LA_E_1121761_0004	Interior_B	True	False	0.0	5.551115123125783e-13	incomplete_strict_phone_support_for_nine_point_cpps_trajectory
LA_E_1121761_0007	Boundary	True	True			
LA_E_1121761_0007	Interior_A	True	False	-80.00000000000185	-80.0000000000013	incomplete_strict_phone_support_for_nine_point_cpps_trajectory
LA_E_1121761_0007	Interior_B	True	False	-79.9999999999983	-80.0000000000013	incomplete_strict_phone_support_for_nine_point_cpps_trajectory
LA_E_1121761_0008	Boundary	True	True			
LA_E_1121761_0008	Interior_A	True	False	-79.9999999999983	-80.0000000000013	incomplete_strict_phone_support_for_nine_point_cpps_trajectory
LA_E_1121761_0008	Interior_B	True	True	79.9999999999983	80.0000000000024	
LA_E_1121761_0009	Boundary	True	True			
LA_E_1121761_0009	Interior_A	True	True	79.9999999999983	80.0000000000024	
LA_E_1121761_0009	Interior_B	True	False	-160.00000000000014	-159.99999999999957	incomplete_strict_phone_support_for_nine_point_cpps_trajectory
LA_E_1121761_0011	Boundary	True	False			official_v6_boundary_cpps_invalid_or_incomplete_support
LA_E_1121761_0011	Interior_A	True	False	-160.0000000000037	-159.99999999999957	incomplete_strict_phone_support_for_nine_point_cpps_trajectory
LA_E_1121761_0011	Interior_B	True	True	240.000000000002	239.999999999999	
LA_E_1121761_0012	Boundary	True	False			official_v6_boundary_cpps_invalid_or_incomplete_support
LA_E_1121761_0012	Interior_A	True	True	240.000000000002	239.999999999999	
LA_E_1121761_0012	Interior_B	True	False	-79.9999999999983	-80.0000000000013	incomplete_strict_phone_support_for_nine_point_cpps_trajectory
LA_E_1121761_0013	Boundary	True	True			
LA_E_1121761_0013	Interior_A	True	False	-79.9999999999983	-80.0000000000013	incomplete_strict_phone_support_for_nine_point_cpps_trajectory
LA_E_1121761_0013	Interior_B	True	False	-3.552713678800501e-12	5.551115123125783e-13	incomplete_strict_phone_support_for_nine_point_cpps_trajectory
LA_E_1121761_0014	Boundary	True	True			
LA_E_1121761_0014	Interior_A	True	False	-3.552713678800501e-12	5.551115123125783e-13	incomplete_strict_phone_support_for_nine_point_cpps_trajectory
LA_E_1121761_0014	Interior_B	True	False	-160.00000000000014	-159.99999999999957	incomplete_strict_phone_support_for_nine_point_cpps_trajectory
LA_E_1121761_0015	Boundary	True	False			official_v6_boundary_cpps_invalid_or_incomplete_support
LA_E_1121761_0015	Interior_A	True	False	-160.00000000000014	-159.99999999999957	incomplete_strict_phone_support_for_nine_point_cpps_trajectory
LA_E_1121761_0015	Interior_B	True	True	79.9999999999983	80.0000000000024	
LA_E_1121761_0022	Boundary	True	False			official_v6_boundary_cpps_invalid_or_incomplete_support
LA_E_1121761_0022	Interior_A	True	True	240.000000000002	239.99999999999545	
LA_E_1121761_0022	Interior_B	True	True	240.000000000002	240.00000000000256	
LA_E_1121761_0025	Boundary	True	True			
LA_E_1121761_0025	Interior_A	True	False	-79.9999999999983	-80.00000000000485	incomplete_strict_phone_support_for_nine_point_cpps_trajectory
LA_E_1121761_0025	Interior_B	True	False	-159.9999999999966	-160.00000000000313	incomplete_strict_phone_support_for_nine_point_cpps_trajectory
LA_E_1121761_0026	Boundary	True	True			
LA_E_1121761_0026	Interior_A	True	False	-159.9999999999966	-160.00000000000313	incomplete_strict_phone_support_for_nine_point_cpps_trajectory
LA_E_1121761_0026	Interior_B	True	False	-79.9999999999983	-79.99999999999774	incomplete_strict_phone_support_for_nine_point_cpps_trajectory
LA_E_1121761_0027	Boundary	True	True			
LA_E_1121761_0027	Interior_A	True	False	-79.9999999999983	-79.99999999999774	incomplete_strict_phone_support_for_nine_point_cpps_trajectory
LA_E_1121761_0027	Interior_B	True	False	-79.9999999999983	-80.00000000000485	incomplete_strict_phone_support_for_nine_point_cpps_trajectory
LA_E_1121761_0028	Boundary	True	True			
LA_E_1121761_0028	Interior_A	True	False	-79.9999999999983	-80.00000000000485	incomplete_strict_phone_support_for_nine_point_cpps_trajectory
LA_E_1121761_0028	Interior_B	True	False	-160.0000000000037	-159.99999999999602	incomplete_strict_phone_support_for_nine_point_cpps_trajectory
LA_E_1121761_0031	Boundary	True	False			official_v6_boundary_cpps_invalid_or_incomplete_support
LA_E_1121761_0031	Interior_A	True	True	239.99999999999488	240.00000000000256	
LA_E_1121761_0031	Interior_B	True	True	640.0000000000006	640.0000000000011	
LA_E_1121761_0032	Boundary	True	True			
LA_E_1121761_0032	Interior_A	True	True	640.0000000000006	640.0000000000011	
LA_E_1121761_0032	Interior_B	True	True	239.99999999999488	240.00000000000256	
LA_E_1122506_0001	Boundary	True	True			
LA_E_1122506_0001	Interior_A	True	False	-2.220446049250313e-13	1.1102230246251565e-13	incomplete_strict_phone_support_for_nine_point_cpps_trajectory
LA_E_1122506_0001	Interior_B	True	False	0.0	-3.3306690738754696e-13	incomplete_strict_phone_support_for_nine_point_cpps_trajectory
LA_E_1122506_0002	Boundary	True	True			
LA_E_1122506_0002	Interior_A	True	False	0.0	-3.3306690738754696e-13	incomplete_strict_phone_support_for_nine_point_cpps_trajectory
LA_E_1122506_0002	Interior_B	True	False	4.440892098500626e-13	-3.3306690738754696e-13	incomplete_strict_phone_support_for_nine_point_cpps_trajectory
LA_E_1122506_0003	Boundary	True	True			
LA_E_1122506_0003	Interior_A	True	False	4.440892098500626e-13	-3.3306690738754696e-13	incomplete_strict_phone_support_for_nine_point_cpps_trajectory
LA_E_1122506_0003	Interior_B	True	False	-80.00000000000007	-79.99999999999952	incomplete_strict_phone_support_for_nine_point_cpps_trajectory
LA_E_1122506_0004	Boundary	True	True			
LA_E_1122506_0004	Interior_A	True	False	-80.00000000000007	-79.99999999999952	incomplete_strict_phone_support_for_nine_point_cpps_trajectory
LA_E_1122506_0004	Interior_B	True	False	-80.00000000000007	-79.99999999999952	incomplete_strict_phone_support_for_nine_point_cpps_trajectory
LA_E_1122506_0012	Boundary	True	True			
LA_E_1122506_0012	Interior_A	True	False	0.0	-1.2212453270876722e-12	incomplete_strict_phone_support_for_nine_point_cpps_trajectory
LA_E_1122506_0012	Interior_B	True	False	-1.7763568394002505e-12	5.551115123125783e-13	incomplete_strict_phone_support_for_nine_point_cpps_trajectory
LA_E_1122506_0013	Boundary	True	True			
LA_E_1122506_0013	Interior_A	True	False	-1.7763568394002505e-12	5.551115123125783e-13	incomplete_strict_phone_support_for_nine_point_cpps_trajectory
LA_E_1122506_0013	Interior_B	True	False	-80.00000000000007	-79.99999999999952	incomplete_strict_phone_support_for_nine_point_cpps_trajectory
LA_E_1122506_0020	Boundary	True	True			
LA_E_1122506_0020	Interior_A	True	True	239.99999999999844	240.00000000000256	
LA_E_1122506_0020	Interior_B	True	False	-3.552713678800501e-12	5.551115123125783e-13	incomplete_strict_phone_support_for_nine_point_cpps_trajectory
LA_E_1122506_0021	Boundary	True	True			
LA_E_1122506_0021	Interior_A	True	False	-3.552713678800501e-12	5.551115123125783e-13	incomplete_strict_phone_support_for_nine_point_cpps_trajectory
LA_E_1122506_0021	Interior_B	True	False	-79.9999999999983	-80.0000000000013	incomplete_strict_phone_support_for_nine_point_cpps_trajectory
LA_E_1122506_0026	Boundary	True	False			official_v6_boundary_cpps_invalid_or_incomplete_support
LA_E_1122506_0026	Interior_A	True	False	0.0	5.551115123125783e-13	incomplete_strict_phone_support_for_nine_point_cpps_trajectory
LA_E_1122506_0026	Interior_B	True	True	160.00000000000014	160.0000000000007	
LA_E_1122506_0027	Boundary	True	True			
LA_E_1122506_0027	Interior_A	True	True	160.00000000000014	160.0000000000007	
LA_E_1122506_0027	Interior_B	True	True	879.999999999999	879.9999999999995	
LA_E_1122506_0028	Boundary	True	True			
LA_E_1122506_0028	Interior_A	True	True	879.999999999999	879.9999999999995	
LA_E_1122506_0028	Interior_B	True	False	-79.9999999999983	-80.00000000000485	incomplete_strict_phone_support_for_nine_point_cpps_trajectory
LA_E_1122506_0029	Boundary	True	True			
LA_E_1122506_0029	Interior_A	True	False	-79.9999999999983	-80.00000000000485	incomplete_strict_phone_support_for_nine_point_cpps_trajectory
LA_E_1122506_0029	Interior_B	True	True	160.0000000000037	159.99999999999716	
LA_E_1122506_0030	Boundary	True	True			
LA_E_1122506_0030	Interior_A	True	True	160.0000000000037	159.99999999999716	
LA_E_1122506_0030	Interior_B	True	True	159.9999999999966	160.00000000000426	
LA_E_1122506_0031	Boundary	True	True			
LA_E_1122506_0031	Interior_A	True	True	159.9999999999966	160.00000000000426	
LA_E_1122506_0031	Interior_B	True	True	79.9999999999983	79.99999999999885	
LA_E_1122506_0037	Boundary	True	False			official_v6_boundary_cpps_invalid_or_incomplete_support
LA_E_1122506_0037	Interior_A	True	True	79.9999999999983	80.00000000000595	
LA_E_1122506_0037	Interior_B	True	False	-7.105427357601002e-12	5.551115123125783e-13	incomplete_strict_phone_support_for_nine_point_cpps_trajectory
LA_E_1122506_0042	Boundary	True	False			official_v6_boundary_cpps_invalid_or_incomplete_support
LA_E_1122506_0042	Interior_A	True	False	-79.9999999999983	-80.00000000000485	incomplete_strict_phone_support_for_nine_point_cpps_trajectory
LA_E_1122506_0042	Interior_B	True	False	0.0	5.551115123125783e-13	incomplete_strict_phone_support_for_nine_point_cpps_trajectory
LA_E_1122506_0045	Boundary	True	True			
LA_E_1122506_0045	Interior_A	True	True	879.9999999999955	880.0000000000031	
LA_E_1122506_0045	Interior_B	True	False	-80.0000000000054	-79.99999999999774	incomplete_strict_phone_support_for_nine_point_cpps_trajectory
LA_E_1122506_0046	Boundary	True	True			
LA_E_1122506_0046	Interior_A	True	False	-80.0000000000054	-79.99999999999774	incomplete_strict_phone_support_for_nine_point_cpps_trajectory
LA_E_1122506_0046	Interior_B	True	False	0.0	5.551115123125783e-13	incomplete_strict_phone_support_for_nine_point_cpps_trajectory
LA_E_1122876_0011	Boundary	True	True			
LA_E_1122876_0011	Interior_A	True	False	-160.00000000000014	-160.00000000000136	incomplete_strict_phone_support_for_nine_point_cpps_trajectory
LA_E_1122876_0011	Interior_B	True	False	-160.00000000000014	-159.99999999999957	incomplete_strict_phone_support_for_nine_point_cpps_trajectory
LA_E_1122876_0012	Boundary	True	False			official_v6_boundary_cpps_invalid_or_incomplete_support
LA_E_1122876_0012	Interior_A	True	False	-160.00000000000014	-159.99999999999957	incomplete_strict_phone_support_for_nine_point_cpps_trajectory
LA_E_1122876_0012	Interior_B	True	False	-160.00000000000014	-159.99999999999957	incomplete_strict_phone_support_for_nine_point_cpps_trajectory
LA_E_1122876_0017	Boundary	True	False			official_v6_boundary_cpps_invalid_or_incomplete_support
LA_E_1122876_0017	Interior_A	True	True	160.00000000000014	160.0000000000007	
LA_E_1122876_0017	Interior_B	True	True	160.00000000000014	159.99999999999716	
LA_E_1122876_0018	Boundary	True	False			official_v6_boundary_cpps_invalid_or_incomplete_support
LA_E_1122876_0018	Interior_A	True	True	160.00000000000014	159.99999999999716	
LA_E_1122876_0018	Interior_B	True	True	80.00000000000185	79.99999999999885	
LA_E_1122876_0019	Boundary	True	False			official_v6_boundary_cpps_invalid_or_incomplete_support
LA_E_1122876_0019	Interior_A	True	True	80.00000000000185	79.99999999999885	
LA_E_1122876_0019	Interior_B	True	False	0.0	5.551115123125783e-13	incomplete_strict_phone_support_for_nine_point_cpps_trajectory
LA_E_1122876_0026	Boundary	True	False			official_v6_boundary_cpps_invalid_or_incomplete_support
LA_E_1122876_0026	Interior_A	True	True	79.9999999999983	79.99999999999885	
LA_E_1122876_0026	Interior_B	True	False	-160.00000000000014	-159.99999999999957	incomplete_strict_phone_support_for_nine_point_cpps_trajectory
LA_E_1122876_0032	Boundary	True	False			official_v6_boundary_cpps_invalid_or_incomplete_support
LA_E_1122876_0032	Interior_A	True	False	-79.9999999999983	-80.00000000000485	incomplete_strict_phone_support_for_nine_point_cpps_trajectory
LA_E_1122876_0032	Interior_B	True	True	160.0000000000037	159.99999999999716	
LA_E_1124490_0003	Boundary	True	True			
LA_E_1124490_0003	Interior_A	True	False	-80.00000000000007	-80.0000000000013	incomplete_strict_phone_support_for_nine_point_cpps_trajectory
LA_E_1124490_0003	Interior_B	True	False	-160.00000000000014	-159.99999999999957	incomplete_strict_phone_support_for_nine_point_cpps_trajectory
LA_E_1124490_0006	Boundary	True	True			
LA_E_1124490_0006	Interior_A	True	False	-160.00000000000014	-159.99999999999957	incomplete_strict_phone_support_for_nine_point_cpps_trajectory
LA_E_1124490_0006	Interior_B	True	True	160.00000000000014	159.99999999999892	
LA_E_1124490_0009	Boundary	True	True			
LA_E_1124490_0009	Interior_A	True	True	320.0000000000003	319.99999999999727	
LA_E_1124490_0009	Interior_B	True	False	-80.00000000000185	-79.99999999999774	incomplete_strict_phone_support_for_nine_point_cpps_trajectory
LA_E_1124490_0012	Boundary	True	False			official_v6_boundary_cpps_invalid_or_incomplete_support
LA_E_1124490_0012	Interior_A	True	True	79.9999999999983	80.0000000000024	
LA_E_1124490_0012	Interior_B	True	False	-80.00000000000185	-80.0000000000013	incomplete_strict_phone_support_for_nine_point_cpps_trajectory
LA_E_1124490_0013	Boundary	True	False			official_v6_boundary_cpps_invalid_or_incomplete_support
LA_E_1124490_0013	Interior_A	True	False	-80.00000000000185	-80.0000000000013	incomplete_strict_phone_support_for_nine_point_cpps_trajectory
LA_E_1124490_0013	Interior_B	True	False	-80.00000000000185	-79.99999999999774	incomplete_strict_phone_support_for_nine_point_cpps_trajectory
LA_E_1124490_0014	Boundary	True	True			
LA_E_1124490_0014	Interior_A	True	False	-80.00000000000185	-79.99999999999774	incomplete_strict_phone_support_for_nine_point_cpps_trajectory
LA_E_1124490_0014	Interior_B	True	True	480.00000000000045	480.00000000000097	
LA_E_1124490_0015	Boundary	True	False			official_v6_boundary_cpps_invalid_or_incomplete_support
LA_E_1124490_0015	Interior_A	True	True	480.00000000000045	480.00000000000097	
LA_E_1124490_0015	Interior_B	True	False	-3.552713678800501e-12	5.551115123125783e-13	incomplete_strict_phone_support_for_nine_point_cpps_trajectory
LA_E_1124490_0019	Boundary	True	False			official_v6_boundary_cpps_invalid_or_incomplete_support
LA_E_1124490_0019	Interior_A	True	True	239.99999999999844	239.999999999999	
LA_E_1124490_0019	Interior_B	True	False	-160.00000000000014	-159.99999999999957	incomplete_strict_phone_support_for_nine_point_cpps_trajectory
LA_E_1124490_0020	Boundary	True	True			
LA_E_1124490_0020	Interior_A	True	False	-160.00000000000014	-159.99999999999957	incomplete_strict_phone_support_for_nine_point_cpps_trajectory
LA_E_1124490_0020	Interior_B	True	False	-160.00000000000014	-159.99999999999957	incomplete_strict_phone_support_for_nine_point_cpps_trajectory
LA_E_1124490_0021	Boundary	True	False			official_v6_boundary_cpps_invalid_or_incomplete_support
LA_E_1124490_0021	Interior_A	True	False	-160.00000000000014	-159.99999999999957	incomplete_strict_phone_support_for_nine_point_cpps_trajectory
LA_E_1124490_0021	Interior_B	True	True	159.9999999999966	160.00000000000426	
LA_E_1124490_0022	Boundary	True	False			official_v6_boundary_cpps_invalid_or_incomplete_support
LA_E_1124490_0022	Interior_A	True	True	159.9999999999966	160.00000000000426	
LA_E_1124490_0022	Interior_B	True	True	479.9999999999969	480.00000000000455	
LA_E_1124490_0023	Boundary	True	True			
LA_E_1124490_0023	Interior_A	True	True	479.9999999999969	480.00000000000455	
LA_E_1124490_0023	Interior_B	True	True	159.9999999999966	159.99999999999716	
LA_E_1124490_0027	Boundary	True	False			official_v6_boundary_cpps_invalid_or_incomplete_support
LA_E_1124490_0027	Interior_A	True	True	479.9999999999969	480.00000000000455	
LA_E_1124490_0027	Interior_B	True	False	0.0	5.551115123125783e-13	incomplete_strict_phone_support_for_nine_point_cpps_trajectory
LA_E_1124490_0028	Boundary	True	True			
LA_E_1124490_0028	Interior_A	True	False	0.0	5.551115123125783e-13	incomplete_strict_phone_support_for_nine_point_cpps_trajectory
LA_E_1124490_0028	Interior_B	True	False	-159.9999999999966	-160.00000000000313	incomplete_strict_phone_support_for_nine_point_cpps_trajectory
LA_E_1124490_0029	Boundary	True	False			official_v6_boundary_cpps_invalid_or_incomplete_support
LA_E_1124490_0029	Interior_A	True	False	-159.9999999999966	-160.00000000000313	incomplete_strict_phone_support_for_nine_point_cpps_trajectory
LA_E_1124490_0029	Interior_B	True	True	159.9999999999966	159.99999999999716	
LA_E_1124490_0032	Boundary	True	False			official_v6_boundary_cpps_invalid_or_incomplete_support
LA_E_1124490_0032	Interior_A	True	False	-80.0000000000054	-79.99999999999774	incomplete_strict_phone_support_for_nine_point_cpps_trajectory
LA_E_1124490_0032	Interior_B	True	False	-79.9999999999983	-80.00000000000485	incomplete_strict_phone_support_for_nine_point_cpps_trajectory
LA_E_1124490_0033	Boundary	True	False			official_v6_boundary_cpps_invalid_or_incomplete_support
LA_E_1124490_0033	Interior_A	True	False	-79.9999999999983	-80.00000000000485	incomplete_strict_phone_support_for_nine_point_cpps_trajectory
LA_E_1124490_0033	Interior_B	True	True	320.0000000000003	320.00000000000085	
LA_E_1124490_0034	Boundary	True	False			official_v6_boundary_cpps_invalid_or_incomplete_support
LA_E_1124490_0034	Interior_A	True	True	320.0000000000003	320.00000000000085	
LA_E_1124490_0034	Interior_B	True	False	-159.9999999999966	-160.00000000000313	incomplete_strict_phone_support_for_nine_point_cpps_trajectory
LA_E_1124490_0040	Boundary	True	False			official_v6_boundary_cpps_invalid_or_incomplete_support
LA_E_1124490_0040	Interior_A	True	False	0.0	5.551115123125783e-13	incomplete_strict_phone_support_for_nine_point_cpps_trajectory
LA_E_1124490_0040	Interior_B	True	False	-79.9999999999983	-80.00000000000485	incomplete_strict_phone_support_for_nine_point_cpps_trajectory
LA_E_1124748_0000	Boundary	True	True			
LA_E_1124748_0000	Interior_A	True	False	-80.00000000000007	-80.0000000000004	incomplete_strict_phone_support_for_nine_point_cpps_trajectory
LA_E_1124748_0000	Interior_B	True	True	160.00000000000014	160.0000000000007	
LA_E_1124748_0006	Boundary	True	True			
LA_E_1124748_0006	Interior_A	True	False	-160.00000000000193	-159.99999999999957	incomplete_strict_phone_support_for_nine_point_cpps_trajectory
LA_E_1124748_0006	Interior_B	True	False	0.0	5.551115123125783e-13	incomplete_strict_phone_support_for_nine_point_cpps_trajectory
LA_E_1124748_0007	Boundary	True	True			
LA_E_1124748_0007	Interior_A	True	False	0.0	5.551115123125783e-13	incomplete_strict_phone_support_for_nine_point_cpps_trajectory
LA_E_1124748_0007	Interior_B	True	True	480.00000000000045	479.9999999999992	
LA_E_1124748_0011	Boundary	True	True			
LA_E_1124748_0011	Interior_A	True	False	-160.00000000000014	-159.99999999999957	incomplete_strict_phone_support_for_nine_point_cpps_trajectory
LA_E_1124748_0011	Interior_B	True	False	-80.00000000000185	-80.0000000000013	incomplete_strict_phone_support_for_nine_point_cpps_trajectory
LA_E_1124748_0012	Boundary	True	False			official_v6_boundary_cpps_invalid_or_incomplete_support
LA_E_1124748_0012	Interior_A	True	False	-80.00000000000185	-80.0000000000013	incomplete_strict_phone_support_for_nine_point_cpps_trajectory
LA_E_1124748_0012	Interior_B	True	True	160.00000000000014	160.0000000000007	
LA_E_1124748_0015	Boundary	True	False			official_v6_boundary_cpps_invalid_or_incomplete_support
LA_E_1124748_0015	Interior_A	True	False	-160.00000000000014	-159.99999999999957	incomplete_strict_phone_support_for_nine_point_cpps_trajectory
LA_E_1124748_0015	Interior_B	True	True	239.99999999999844	239.999999999999	
LA_E_1124748_0016	Boundary	True	False			official_v6_boundary_cpps_invalid_or_incomplete_support
LA_E_1124748_0016	Interior_A	True	True	239.99999999999844	239.999999999999	
LA_E_1124748_0016	Interior_B	True	True	799.9999999999972	800.0000000000013	
LA_E_1124748_0017	Boundary	True	True			
LA_E_1124748_0017	Interior_A	True	True	799.9999999999972	800.0000000000013	
LA_E_1124748_0017	Interior_B	True	True	80.00000000000185	79.99999999999885	
LA_E_1124748_0018	Boundary	True	True			
LA_E_1124748_0018	Interior_A	True	True	80.00000000000185	79.99999999999885	
LA_E_1124748_0018	Interior_B	True	True	79.9999999999983	80.0000000000024	
LA_E_1124748_0020	Boundary	True	True			
LA_E_1124748_0020	Interior_A	True	False	-160.00000000000014	-159.99999999999957	incomplete_strict_phone_support_for_nine_point_cpps_trajectory
LA_E_1124748_0020	Interior_B	True	False	-79.9999999999983	-80.00000000000485	incomplete_strict_phone_support_for_nine_point_cpps_trajectory
LA_E_1124748_0021	Boundary	True	False			official_v6_boundary_cpps_invalid_or_incomplete_support
LA_E_1124748_0021	Interior_A	True	False	-79.9999999999983	-80.00000000000485	incomplete_strict_phone_support_for_nine_point_cpps_trajectory
LA_E_1124748_0021	Interior_B	True	True	160.0000000000037	159.99999999999716	
LA_E_1124748_0022	Boundary	True	False			official_v6_boundary_cpps_invalid_or_incomplete_support
LA_E_1124748_0022	Interior_A	True	True	160.0000000000037	159.99999999999716	
LA_E_1124748_0022	Interior_B	True	False	0.0	5.551115123125783e-13	incomplete_strict_phone_support_for_nine_point_cpps_trajectory
LA_E_1124748_0023	Boundary	True	True			
LA_E_1124748_0023	Interior_A	True	False	0.0	5.551115123125783e-13	incomplete_strict_phone_support_for_nine_point_cpps_trajectory
LA_E_1124748_0023	Interior_B	True	True	240.000000000002	239.99999999999545	
LA_E_1124748_0026	Boundary	True	True			
LA_E_1124748_0026	Interior_A	True	True	79.9999999999983	80.00000000000595	
LA_E_1124748_0026	Interior_B	True	False	-80.0000000000054	-79.99999999999774	incomplete_strict_phone_support_for_nine_point_cpps_trajectory
LA_E_1124748_0027	Boundary	True	True			
LA_E_1124748_0027	Interior_A	True	False	-80.0000000000054	-79.99999999999774	incomplete_strict_phone_support_for_nine_point_cpps_trajectory
LA_E_1124748_0027	Interior_B	True	False	-79.9999999999983	-80.00000000000485	incomplete_strict_phone_support_for_nine_point_cpps_trajectory
LA_E_1124748_0028	Boundary	True	True			
LA_E_1124748_0028	Interior_A	True	False	-79.9999999999983	-80.00000000000485	incomplete_strict_phone_support_for_nine_point_cpps_trajectory
LA_E_1124748_0028	Interior_B	True	True	160.0000000000037	159.99999999999716	
LA_E_1124748_0029	Boundary	True	False			official_v6_boundary_cpps_invalid_or_incomplete_support
LA_E_1124748_0029	Interior_A	True	True	160.0000000000037	159.99999999999716	
LA_E_1124748_0029	Interior_B	True	True	320.0000000000003	320.00000000000085	
LA_E_1124748_0030	Boundary	True	False			official_v6_boundary_cpps_invalid_or_incomplete_support
LA_E_1124748_0030	Interior_A	True	True	320.0000000000003	320.00000000000085	
LA_E_1124748_0030	Interior_B	True	False	-159.9999999999966	-160.00000000000313	incomplete_strict_phone_support_for_nine_point_cpps_trajectory
LA_E_1124748_0031	Boundary	True	False			official_v6_boundary_cpps_invalid_or_incomplete_support
LA_E_1124748_0031	Interior_A	True	False	-159.9999999999966	-160.00000000000313	incomplete_strict_phone_support_for_nine_point_cpps_trajectory
LA_E_1124748_0031	Interior_B	True	False	-80.0000000000054	-79.99999999999774	incomplete_strict_phone_support_for_nine_point_cpps_trajectory
LA_E_1124748_0034	Boundary	True	True			
LA_E_1124748_0034	Interior_A	True	False	-160.0000000000037	-160.00000000000313	incomplete_strict_phone_support_for_nine_point_cpps_trajectory
LA_E_1124748_0034	Interior_B	True	False	-159.9999999999966	-160.00000000000313	incomplete_strict_phone_support_for_nine_point_cpps_trajectory
LA_E_1124748_0037	Boundary	True	True			
LA_E_1124748_0037	Interior_A	True	False	0.0	5.551115123125783e-13	incomplete_strict_phone_support_for_nine_point_cpps_trajectory
LA_E_1124748_0037	Interior_B	True	True	560.0000000000023	559.9999999999957	
LA_E_1124748_0038	Boundary	True	True			
LA_E_1124748_0038	Interior_A	True	True	560.0000000000023	559.9999999999957	
LA_E_1124748_0038	Interior_B	True	True	160.0000000000037	159.99999999999716	
LA_E_1125262_0004	Boundary	True	False			official_v6_boundary_cpps_invalid_or_incomplete_support
LA_E_1125262_0004	Interior_A	True	True	80.00000000000007	79.99999999999974	
LA_E_1125262_0004	Interior_B	True	False	-79.99999999999918	-79.99999999999952	incomplete_strict_phone_support_for_nine_point_cpps_trajectory
LA_E_1125262_0008	Boundary	True	True			
LA_E_1125262_0008	Interior_A	True	False	-160.00000000000193	-159.99999999999957	incomplete_strict_phone_support_for_nine_point_cpps_trajectory
LA_E_1125262_0008	Interior_B	True	False	0.0	5.551115123125783e-13	incomplete_strict_phone_support_for_nine_point_cpps_trajectory
LA_E_1125262_0009	Boundary	True	True			
LA_E_1125262_0009	Interior_A	True	False	0.0	5.551115123125783e-13	incomplete_strict_phone_support_for_nine_point_cpps_trajectory
LA_E_1125262_0009	Interior_B	True	True	480.00000000000045	479.9999999999992	
LA_E_1125262_0023	Boundary	True	True			
LA_E_1125262_0023	Interior_A	True	True	320.0000000000003	319.99999999999727	
LA_E_1125262_0023	Interior_B	True	False	0.0	5.551115123125783e-13	incomplete_strict_phone_support_for_nine_point_cpps_trajectory
LA_E_1125262_0024	Boundary	True	True			
LA_E_1125262_0024	Interior_A	True	False	0.0	5.551115123125783e-13	incomplete_strict_phone_support_for_nine_point_cpps_trajectory
LA_E_1125262_0024	Interior_B	True	True	79.9999999999983	80.0000000000024	
LA_E_1125262_0025	Boundary	True	True			
LA_E_1125262_0025	Interior_A	True	True	79.9999999999983	80.0000000000024	
LA_E_1125262_0025	Interior_B	True	True	239.99999999999844	239.999999999999	
LA_E_1126538_0002	Boundary	True	True			
LA_E_1126538_0002	Interior_A	True	False	-80.00000000000051	-79.99999999999996	incomplete_strict_phone_support_for_nine_point_cpps_trajectory
LA_E_1126538_0002	Interior_B	True	False	-160.00000000000014	-159.99999999999957	incomplete_strict_phone_support_for_nine_point_cpps_trajectory
LA_E_1126538_0003	Boundary	True	True			
LA_E_1126538_0003	Interior_A	True	False	-160.00000000000014	-159.99999999999957	incomplete_strict_phone_support_for_nine_point_cpps_trajectory
LA_E_1126538_0003	Interior_B	True	False	-160.00000000000014	-159.99999999999957	incomplete_strict_phone_support_for_nine_point_cpps_trajectory
LA_E_1126538_0006	Boundary	True	False			official_v6_boundary_cpps_invalid_or_incomplete_support
LA_E_1126538_0006	Interior_A	True	True	160.00000000000014	159.9999999999998	
LA_E_1126538_0006	Interior_B	True	True	8.881784197001252e-13	5.551115123125783e-13	
LA_E_1126538_0012	Boundary	True	True			
LA_E_1126538_0012	Interior_A	True	False	-160.00000000000014	-159.99999999999957	incomplete_strict_phone_support_for_nine_point_cpps_trajectory
LA_E_1126538_0012	Interior_B	True	False	-160.00000000000014	-160.00000000000136	incomplete_strict_phone_support_for_nine_point_cpps_trajectory
LA_E_1126538_0016	Boundary	True	False			official_v6_boundary_cpps_invalid_or_incomplete_support
LA_E_1126538_0016	Interior_A	True	False	-160.00000000000014	-159.99999999999957	incomplete_strict_phone_support_for_nine_point_cpps_trajectory
LA_E_1126538_0016	Interior_B	True	True	159.9999999999966	160.0000000000007	
LA_E_1126538_0017	Boundary	True	False			official_v6_boundary_cpps_invalid_or_incomplete_support
LA_E_1126538_0017	Interior_A	True	True	159.9999999999966	160.0000000000007	
LA_E_1126538_0017	Interior_B	True	False	-79.9999999999983	-80.0000000000013	incomplete_strict_phone_support_for_nine_point_cpps_trajectory
LA_E_1126538_0018	Boundary	True	True			
LA_E_1126538_0018	Interior_A	True	False	-79.9999999999983	-80.0000000000013	incomplete_strict_phone_support_for_nine_point_cpps_trajectory
LA_E_1126538_0018	Interior_B	True	False	-80.00000000000185	-79.99999999999774	incomplete_strict_phone_support_for_nine_point_cpps_trajectory
LA_E_1126538_0019	Boundary	True	True			
LA_E_1126538_0019	Interior_A	True	False	-80.00000000000185	-79.99999999999774	incomplete_strict_phone_support_for_nine_point_cpps_trajectory
LA_E_1126538_0019	Interior_B	True	False	-160.00000000000014	-160.00000000000313	incomplete_strict_phone_support_for_nine_point_cpps_trajectory
LA_E_1126538_0023	Boundary	True	True			
LA_E_1126538_0023	Interior_A	True	True	320.0000000000003	319.99999999999727	
LA_E_1126538_0023	Interior_B	True	True	240.000000000002	239.999999999999	
LA_E_1127928_0002	Boundary	True	False			official_v6_boundary_cpps_invalid_or_incomplete_support
LA_E_1127928_0002	Interior_A	True	True	159.9999999999997	160.00000000000026	
LA_E_1127928_0002	Interior_B	True	False	-80.00000000000007	-80.0000000000004	incomplete_strict_phone_support_for_nine_point_cpps_trajectory
LA_E_1127928_0003	Boundary	True	True			
LA_E_1127928_0003	Interior_A	True	False	-80.00000000000007	-80.0000000000004	incomplete_strict_phone_support_for_nine_point_cpps_trajectory
LA_E_1127928_0003	Interior_B	True	False	-8.881784197001252e-13	1.4432899320127035e-12	incomplete_strict_phone_support_for_nine_point_cpps_trajectory
LA_E_1127928_0006	Boundary	True	False			official_v6_boundary_cpps_invalid_or_incomplete_support
LA_E_1127928_0006	Interior_A	True	False	-160.00000000000102	-159.9999999999987	incomplete_strict_phone_support_for_nine_point_cpps_trajectory
LA_E_1127928_0006	Interior_B	True	True	79.99999999999918	80.00000000000063	
LA_E_1127928_0007	Boundary	True	False			official_v6_boundary_cpps_invalid_or_incomplete_support
LA_E_1127928_0007	Interior_A	True	True	79.99999999999918	80.00000000000063	
LA_E_1127928_0007	Interior_B	True	True	160.00000000000014	160.0000000000007	
LA_E_1127928_0008	Boundary	True	True			
LA_E_1127928_0008	Interior_A	True	True	160.00000000000014	160.0000000000007	
LA_E_1127928_0008	Interior_B	True	False	-1.7763568394002505e-12	5.551115123125783e-13	incomplete_strict_phone_support_for_nine_point_cpps_trajectory
LA_E_1127928_0011	Boundary	True	True			
LA_E_1127928_0011	Interior_A	True	False	0.0	-1.2212453270876722e-12	incomplete_strict_phone_support_for_nine_point_cpps_trajectory
LA_E_1127928_0011	Interior_B	True	True	80.00000000000007	79.99999999999885	
LA_E_1127928_0012	Boundary	True	True			
LA_E_1127928_0012	Interior_A	True	True	80.00000000000007	79.99999999999885	
LA_E_1127928_0012	Interior_B	True	False	-160.00000000000014	-159.99999999999957	incomplete_strict_phone_support_for_nine_point_cpps_trajectory
LA_E_1127928_0013	Boundary	True	False			official_v6_boundary_cpps_invalid_or_incomplete_support
LA_E_1127928_0013	Interior_A	True	False	-160.00000000000014	-159.99999999999957	incomplete_strict_phone_support_for_nine_point_cpps_trajectory
LA_E_1127928_0013	Interior_B	True	True	79.9999999999983	80.0000000000024	
LA_E_1127928_0014	Boundary	True	False			official_v6_boundary_cpps_invalid_or_incomplete_support
LA_E_1127928_0014	Interior_A	True	True	79.9999999999983	80.0000000000024	
LA_E_1127928_0014	Interior_B	True	False	-160.0000000000037	-159.99999999999957	incomplete_strict_phone_support_for_nine_point_cpps_trajectory
LA_E_1127928_0018	Boundary	True	True			
LA_E_1127928_0018	Interior_A	True	False	-79.9999999999983	-80.0000000000013	incomplete_strict_phone_support_for_nine_point_cpps_trajectory
LA_E_1127928_0018	Interior_B	True	False	-80.00000000000185	-80.0000000000013	incomplete_strict_phone_support_for_nine_point_cpps_trajectory
LA_E_1127928_0019	Boundary	True	False			official_v6_boundary_cpps_invalid_or_incomplete_support
LA_E_1127928_0019	Interior_A	True	False	-80.00000000000185	-80.0000000000013	incomplete_strict_phone_support_for_nine_point_cpps_trajectory
LA_E_1127928_0019	Interior_B	True	True	80.00000000000185	79.99999999999885	
LA_E_1127928_0020	Boundary	True	False			official_v6_boundary_cpps_invalid_or_incomplete_support
LA_E_1127928_0020	Interior_A	True	True	80.00000000000185	79.99999999999885	
LA_E_1127928_0020	Interior_B	True	True	160.00000000000014	160.0000000000007	
LA_E_1127928_0021	Boundary	True	True			
LA_E_1127928_0021	Interior_A	True	True	160.00000000000014	160.0000000000007	
LA_E_1127928_0021	Interior_B	True	False	-3.552713678800501e-12	5.551115123125783e-13	incomplete_strict_phone_support_for_nine_point_cpps_trajectory
LA_E_1127928_0022	Boundary	True	False			official_v6_boundary_cpps_invalid_or_incomplete_support
LA_E_1127928_0022	Interior_A	True	False	-3.552713678800501e-12	5.551115123125783e-13	incomplete_strict_phone_support_for_nine_point_cpps_trajectory
LA_E_1127928_0022	Interior_B	True	False	-79.9999999999983	-80.0000000000013	incomplete_strict_phone_support_for_nine_point_cpps_trajectory
LA_E_1127928_0030	Boundary	True	False			official_v6_boundary_cpps_invalid_or_incomplete_support
LA_E_1127928_0030	Interior_A	True	True	160.0000000000037	159.99999999999716	
LA_E_1127928_0030	Interior_B	True	False	0.0	5.551115123125783e-13	incomplete_strict_phone_support_for_nine_point_cpps_trajectory
LA_E_1127928_0031	Boundary	True	True			
LA_E_1127928_0031	Interior_A	True	False	0.0	5.551115123125783e-13	incomplete_strict_phone_support_for_nine_point_cpps_trajectory
LA_E_1127928_0031	Interior_B	True	False	-159.9999999999966	-160.00000000000313	incomplete_strict_phone_support_for_nine_point_cpps_trajectory
LA_E_1127928_0034	Boundary	True	False			official_v6_boundary_cpps_invalid_or_incomplete_support
LA_E_1127928_0034	Interior_A	True	False	-160.0000000000037	-159.99999999999602	incomplete_strict_phone_support_for_nine_point_cpps_trajectory
LA_E_1127928_0034	Interior_B	True	True	79.9999999999983	79.99999999999885	
LA_E_1127928_0035	Boundary	True	False			official_v6_boundary_cpps_invalid_or_incomplete_support
LA_E_1127928_0035	Interior_A	True	True	79.9999999999983	79.99999999999885	
LA_E_1127928_0035	Interior_B	True	False	-159.9999999999966	-160.00000000000313	incomplete_strict_phone_support_for_nine_point_cpps_trajectory
LA_E_1127928_0036	Boundary	True	False			official_v6_boundary_cpps_invalid_or_incomplete_support
LA_E_1127928_0036	Interior_A	True	False	-159.9999999999966	-160.00000000000313	incomplete_strict_phone_support_for_nine_point_cpps_trajectory
LA_E_1127928_0036	Interior_B	True	True	240.000000000002	239.99999999999545	
LA_E_1127928_0039	Boundary	True	True			
LA_E_1127928_0039	Interior_A	True	False	-160.0000000000037	-159.99999999999602	incomplete_strict_phone_support_for_nine_point_cpps_trajectory
LA_E_1127928_0039	Interior_B	True	False	-160.0000000000037	-160.00000000000313	incomplete_strict_phone_support_for_nine_point_cpps_trajectory
LA_E_1127928_0040	Boundary	True	False			official_v6_boundary_cpps_invalid_or_incomplete_support
LA_E_1127928_0040	Interior_A	True	False	-160.0000000000037	-160.00000000000313	incomplete_strict_phone_support_for_nine_point_cpps_trajectory
LA_E_1127928_0040	Interior_B	True	True	80.0000000000054	79.99999999999885	
LA_E_1127928_0041	Boundary	True	False			official_v6_boundary_cpps_invalid_or_incomplete_support
LA_E_1127928_0041	Interior_A	True	True	80.0000000000054	79.99999999999885	
LA_E_1127928_0041	Interior_B	True	False	-80.0000000000054	-79.99999999999774	incomplete_strict_phone_support_for_nine_point_cpps_trajectory
LA_E_1127928_0046	Boundary	True	False			official_v6_boundary_cpps_invalid_or_incomplete_support
LA_E_1127928_0046	Interior_A	True	False	-159.9999999999966	-160.00000000000313	incomplete_strict_phone_support_for_nine_point_cpps_trajectory
LA_E_1127928_0046	Interior_B	True	True	560.0000000000023	559.9999999999957	
LA_E_1127928_0047	Boundary	True	True			
LA_E_1127928_0047	Interior_A	True	True	560.0000000000023	559.9999999999957	
LA_E_1127928_0047	Interior_B	True	False	-79.9999999999983	-79.99999999999774	incomplete_strict_phone_support_for_nine_point_cpps_trajectory
LA_E_1127928_0051	Boundary	True	True			
LA_E_1127928_0051	Interior_A	True	False	-80.0000000000054	-79.99999999999774	incomplete_strict_phone_support_for_nine_point_cpps_trajectory
LA_E_1127928_0051	Interior_B	True	True	79.9999999999983	79.99999999999885	
LA_E_1127928_0052	Boundary	True	False			official_v6_boundary_cpps_invalid_or_incomplete_support
LA_E_1127928_0052	Interior_A	True	True	79.9999999999983	79.99999999999885	
LA_E_1127928_0052	Interior_B	True	True	79.9999999999983	79.99999999999885	
LA_E_1127928_0063	Boundary	True	True			
LA_E_1127928_0063	Interior_A	True	False	-159.9999999999966	-160.00000000001023	incomplete_strict_phone_support_for_nine_point_cpps_trajectory
LA_E_1127928_0063	Interior_B	True	False	-159.9999999999966	-159.99999999999602	incomplete_strict_phone_support_for_nine_point_cpps_trajectory
LA_E_1127928_0064	Boundary	True	False			official_v6_boundary_cpps_invalid_or_incomplete_support
LA_E_1127928_0064	Interior_A	True	False	-159.9999999999966	-159.99999999999602	incomplete_strict_phone_support_for_nine_point_cpps_trajectory
LA_E_1127928_0064	Interior_B	True	True	159.9999999999966	159.99999999999716	
LA_E_1127928_0068	Boundary	True	True			
LA_E_1127928_0068	Interior_A	True	False	0.0	5.551115123125783e-13	incomplete_strict_phone_support_for_nine_point_cpps_trajectory
LA_E_1127928_0068	Interior_B	True	False	0.0	5.551115123125783e-13	incomplete_strict_phone_support_for_nine_point_cpps_trajectory
LA_E_1127928_0069	Boundary	True	True			
LA_E_1127928_0069	Interior_A	True	False	0.0	5.551115123125783e-13	incomplete_strict_phone_support_for_nine_point_cpps_trajectory
LA_E_1127928_0069	Interior_B	True	True	320.0000000000074	319.99999999999375	
LA_E_1127928_0070	Boundary	True	True			
LA_E_1127928_0070	Interior_A	True	True	320.0000000000074	319.99999999999375	
LA_E_1127928_0070	Interior_B	True	False	-80.0000000000125	-79.99999999999774	incomplete_strict_phone_support_for_nine_point_cpps_trajectory
LA_E_1127928_0071	Boundary	True	True			
LA_E_1127928_0071	Interior_A	True	False	-80.0000000000125	-79.99999999999774	incomplete_strict_phone_support_for_nine_point_cpps_trajectory
LA_E_1127928_0071	Interior_B	True	True	720.0000000000131	719.9999999999994	
LA_E_1127928_0083	Boundary	True	True			
LA_E_1127928_0083	Interior_A	True	False	-159.9999999999966	-159.99999999999602	incomplete_strict_phone_support_for_nine_point_cpps_trajectory
LA_E_1127928_0083	Interior_B	True	False	0.0	5.551115123125783e-13	incomplete_strict_phone_support_for_nine_point_cpps_trajectory
LA_E_1127928_0084	Boundary	True	True			
LA_E_1127928_0084	Interior_A	True	False	0.0	5.551115123125783e-13	incomplete_strict_phone_support_for_nine_point_cpps_trajectory
LA_E_1127928_0084	Interior_B	True	False	-79.9999999999983	-80.00000000001195	incomplete_strict_phone_support_for_nine_point_cpps_trajectory
LA_E_1127928_0085	Boundary	True	True			
LA_E_1127928_0085	Interior_A	True	False	-79.9999999999983	-80.00000000001195	incomplete_strict_phone_support_for_nine_point_cpps_trajectory
LA_E_1127928_0085	Interior_B	True	True	560.0000000000023	560.0000000000028	
LA_E_1127928_0086	Boundary	True	True			
LA_E_1127928_0086	Interior_A	True	True	560.0000000000023	560.0000000000028	
LA_E_1127928_0086	Interior_B	True	False	-79.9999999999983	-79.99999999999774	incomplete_strict_phone_support_for_nine_point_cpps_trajectory
LA_E_1130596_0003	Boundary	True	True			
LA_E_1130596_0003	Interior_A	True	False	-160.00000000000102	-159.9999999999987	incomplete_strict_phone_support_for_nine_point_cpps_trajectory
LA_E_1130596_0003	Interior_B	True	False	-159.99999999999926	-160.00000000000048	incomplete_strict_phone_support_for_nine_point_cpps_trajectory
LA_E_1130596_0005	Boundary	True	True			
LA_E_1130596_0005	Interior_A	True	False	-80.00000000000097	-79.99999999999862	incomplete_strict_phone_support_for_nine_point_cpps_trajectory
LA_E_1130596_0005	Interior_B	True	False	-79.99999999999918	-79.99999999999952	incomplete_strict_phone_support_for_nine_point_cpps_trajectory
LA_E_1130596_0006	Boundary	True	True			
LA_E_1130596_0006	Interior_A	True	False	-79.99999999999918	-79.99999999999952	incomplete_strict_phone_support_for_nine_point_cpps_trajectory
LA_E_1130596_0006	Interior_B	True	True	239.99999999999844	240.00000000000077	
LA_E_1130596_0007	Boundary	True	True			
LA_E_1130596_0007	Interior_A	True	True	239.99999999999844	240.00000000000077	
LA_E_1130596_0007	Interior_B	True	True	880.0000000000008	879.9999999999995	
LA_E_1130596_0012	Boundary	True	True			
LA_E_1130596_0012	Interior_A	True	False	-80.00000000000185	-80.0000000000013	incomplete_strict_phone_support_for_nine_point_cpps_trajectory
LA_E_1130596_0012	Interior_B	True	False	0.0	5.551115123125783e-13	incomplete_strict_phone_support_for_nine_point_cpps_trajectory
LA_E_1130596_0016	Boundary	True	False			official_v6_boundary_cpps_invalid_or_incomplete_support
LA_E_1130596_0016	Interior_A	True	True	479.9999999999969	480.00000000000097	
LA_E_1130596_0016	Interior_B	True	False	-80.00000000000185	-79.99999999999774	incomplete_strict_phone_support_for_nine_point_cpps_trajectory
LA_E_1130596_0017	Boundary	True	True			
LA_E_1130596_0017	Interior_A	True	False	-80.00000000000185	-79.99999999999774	incomplete_strict_phone_support_for_nine_point_cpps_trajectory
LA_E_1130596_0017	Interior_B	True	False	-160.00000000000014	-159.99999999999957	incomplete_strict_phone_support_for_nine_point_cpps_trajectory
LA_E_1130596_0022	Boundary	True	True			
LA_E_1130596_0022	Interior_A	True	False	-160.00000000000014	-159.99999999999957	incomplete_strict_phone_support_for_nine_point_cpps_trajectory
LA_E_1130596_0022	Interior_B	True	False	-160.00000000000014	-159.99999999999957	incomplete_strict_phone_support_for_nine_point_cpps_trajectory
LA_E_1130596_0025	Boundary	True	False			official_v6_boundary_cpps_invalid_or_incomplete_support
LA_E_1130596_0025	Interior_A	True	True	320.0000000000003	320.00000000000085	
LA_E_1130596_0025	Interior_B	True	True	320.0000000000003	320.00000000000085	
LA_E_1130596_0026	Boundary	True	False			official_v6_boundary_cpps_invalid_or_incomplete_support
LA_E_1130596_0026	Interior_A	True	True	320.0000000000003	320.00000000000085	
LA_E_1130596_0026	Interior_B	True	True	160.0000000000037	159.99999999999716	
LA_E_1130596_0027	Boundary	True	False			official_v6_boundary_cpps_invalid_or_incomplete_support
LA_E_1130596_0027	Interior_A	True	True	160.0000000000037	159.99999999999716	
LA_E_1130596_0027	Interior_B	True	True	159.9999999999966	159.99999999999716	
LA_E_1130596_0031	Boundary	True	False			official_v6_boundary_cpps_invalid_or_incomplete_support
LA_E_1130596_0031	Interior_A	True	True	79.9999999999983	79.99999999999885	
LA_E_1130596_0031	Interior_B	True	False	-79.9999999999983	-80.00000000000485	incomplete_strict_phone_support_for_nine_point_cpps_trajectory
LA_E_1130596_0032	Boundary	True	False			official_v6_boundary_cpps_invalid_or_incomplete_support
LA_E_1130596_0032	Interior_A	True	False	-79.9999999999983	-80.00000000000485	incomplete_strict_phone_support_for_nine_point_cpps_trajectory
LA_E_1130596_0032	Interior_B	True	False	-79.9999999999983	-79.99999999999774	incomplete_strict_phone_support_for_nine_point_cpps_trajectory
LA_E_1130596_0033	Boundary	True	False			official_v6_boundary_cpps_invalid_or_incomplete_support
LA_E_1130596_0033	Interior_A	True	False	-79.9999999999983	-79.99999999999774	incomplete_strict_phone_support_for_nine_point_cpps_trajectory
LA_E_1130596_0033	Interior_B	True	True	240.000000000002	239.99999999999545	
LA_E_1130596_0036	Boundary	True	False			official_v6_boundary_cpps_invalid_or_incomplete_support
LA_E_1130596_0036	Interior_A	True	True	79.9999999999983	79.99999999999885	
LA_E_1130596_0036	Interior_B	True	True	160.0000000000037	159.99999999999716	
LA_E_1130596_0039	Boundary	True	False			official_v6_boundary_cpps_invalid_or_incomplete_support
LA_E_1130596_0039	Interior_A	True	False	-79.9999999999983	-79.99999999999774	incomplete_strict_phone_support_for_nine_point_cpps_trajectory
LA_E_1130596_0039	Interior_B	True	False	-159.9999999999966	-160.00000000000313	incomplete_strict_phone_support_for_nine_point_cpps_trajectory
LA_E_1130596_0040	Boundary	True	True			
LA_E_1130596_0040	Interior_A	True	False	-159.9999999999966	-160.00000000000313	incomplete_strict_phone_support_for_nine_point_cpps_trajectory
LA_E_1130596_0040	Interior_B	True	True	79.9999999999983	79.99999999999885	
LA_E_1130596_0041	Boundary	True	True			
LA_E_1130596_0041	Interior_A	True	True	79.9999999999983	79.99999999999885	
LA_E_1130596_0041	Interior_B	True	False	-160.0000000000037	-159.99999999999602	incomplete_strict_phone_support_for_nine_point_cpps_trajectory
LA_E_1130596_0045	Boundary	True	False			official_v6_boundary_cpps_invalid_or_incomplete_support
LA_E_1130596_0045	Interior_A	True	True	79.9999999999983	80.00000000000595	
LA_E_1130596_0045	Interior_B	True	True	399.9999999999986	399.99999999999915	
LA_E_1131101_0006	Boundary	True	False			official_v6_boundary_cpps_invalid_or_incomplete_support
LA_E_1131101_0006	Interior_A	True	True	79.99999999999918	80.00000000000063	
LA_E_1131101_0006	Interior_B	True	False	0.0	5.551115123125783e-13	incomplete_strict_phone_support_for_nine_point_cpps_trajectory
LA_E_1131101_0015	Boundary	True	True			
LA_E_1131101_0015	Interior_A	True	False	-160.00000000000014	-159.99999999999957	incomplete_strict_phone_support_for_nine_point_cpps_trajectory
LA_E_1131101_0015	Interior_B	True	False	-160.00000000000014	-159.99999999999957	incomplete_strict_phone_support_for_nine_point_cpps_trajectory
LA_E_1131101_0016	Boundary	True	False			official_v6_boundary_cpps_invalid_or_incomplete_support
LA_E_1131101_0016	Interior_A	True	False	-160.00000000000014	-159.99999999999957	incomplete_strict_phone_support_for_nine_point_cpps_trajectory
LA_E_1131101_0016	Interior_B	True	True	79.9999999999983	79.99999999999885	
LA_E_1131101_0017	Boundary	True	False			official_v6_boundary_cpps_invalid_or_incomplete_support
LA_E_1131101_0017	Interior_A	True	True	79.9999999999983	79.99999999999885	
LA_E_1131101_0017	Interior_B	True	False	0.0	5.551115123125783e-13	incomplete_strict_phone_support_for_nine_point_cpps_trajectory
LA_E_1131101_0020	Boundary	True	True			
LA_E_1131101_0020	Interior_A	True	True	319.9999999999967	320.00000000000085	
LA_E_1131101_0020	Interior_B	True	False	0.0	5.551115123125783e-13	incomplete_strict_phone_support_for_nine_point_cpps_trajectory
LA_E_1131101_0021	Boundary	True	True			
LA_E_1131101_0021	Interior_A	True	False	0.0	5.551115123125783e-13	incomplete_strict_phone_support_for_nine_point_cpps_trajectory
LA_E_1131101_0021	Interior_B	True	False	-160.00000000000014	-159.99999999999957	incomplete_strict_phone_support_for_nine_point_cpps_trajectory
LA_E_1131101_0024	Boundary	True	False			official_v6_boundary_cpps_invalid_or_incomplete_support
LA_E_1131101_0024	Interior_A	True	False	-160.00000000000014	-159.99999999999957	incomplete_strict_phone_support_for_nine_point_cpps_trajectory
LA_E_1131101_0024	Interior_B	True	True	320.0000000000003	320.00000000000085	
LA_E_1131101_0025	Boundary	True	False			official_v6_boundary_cpps_invalid_or_incomplete_support
LA_E_1131101_0025	Interior_A	True	True	320.0000000000003	320.00000000000085	
LA_E_1131101_0025	Interior_B	True	True	160.00000000000014	159.99999999999716	
LA_E_1131101_0026	Boundary	True	False			official_v6_boundary_cpps_invalid_or_incomplete_support
LA_E_1131101_0026	Interior_A	True	True	160.00000000000014	159.99999999999716	
LA_E_1131101_0026	Interior_B	True	False	0.0	5.551115123125783e-13	incomplete_strict_phone_support_for_nine_point_cpps_trajectory
LA_E_1131101_0027	Boundary	True	False			official_v6_boundary_cpps_invalid_or_incomplete_support
LA_E_1131101_0027	Interior_A	True	False	0.0	5.551115123125783e-13	incomplete_strict_phone_support_for_nine_point_cpps_trajectory
LA_E_1131101_0027	Interior_B	True	False	-160.00000000000014	-160.00000000000313	incomplete_strict_phone_support_for_nine_point_cpps_trajectory
LA_E_1131101_0032	Boundary	True	True			
LA_E_1131101_0032	Interior_A	True	False	-79.9999999999983	-80.00000000000485	incomplete_strict_phone_support_for_nine_point_cpps_trajectory
LA_E_1131101_0032	Interior_B	True	False	0.0	5.551115123125783e-13	incomplete_strict_phone_support_for_nine_point_cpps_trajectory
LA_E_1131101_0033	Boundary	True	False			official_v6_boundary_cpps_invalid_or_incomplete_support
LA_E_1131101_0033	Interior_A	True	False	0.0	5.551115123125783e-13	incomplete_strict_phone_support_for_nine_point_cpps_trajectory
LA_E_1131101_0033	Interior_B	True	False	-159.9999999999966	-160.00000000000313	incomplete_strict_phone_support_for_nine_point_cpps_trajectory
LA_E_1131101_0034	Boundary	True	False			official_v6_boundary_cpps_invalid_or_incomplete_support
LA_E_1131101_0034	Interior_A	True	False	-159.9999999999966	-160.00000000000313	incomplete_strict_phone_support_for_nine_point_cpps_trajectory
LA_E_1131101_0034	Interior_B	True	False	-79.9999999999983	-80.00000000000485	incomplete_strict_phone_support_for_nine_point_cpps_trajectory
LA_E_1131101_0035	Boundary	True	False			official_v6_boundary_cpps_invalid_or_incomplete_support
LA_E_1131101_0035	Interior_A	True	False	-79.9999999999983	-80.00000000000485	incomplete_strict_phone_support_for_nine_point_cpps_trajectory
LA_E_1131101_0035	Interior_B	True	False	-159.9999999999966	-160.00000000000313	incomplete_strict_phone_support_for_nine_point_cpps_trajectory
LA_E_1131101_0036	Boundary	True	True			
LA_E_1131101_0036	Interior_A	True	False	-159.9999999999966	-160.00000000000313	incomplete_strict_phone_support_for_nine_point_cpps_trajectory
LA_E_1131101_0036	Interior_B	True	True	320.0000000000003	320.00000000000085	
LA_E_1131101_0043	Boundary	True	True			
LA_E_1131101_0043	Interior_A	True	True	399.9999999999986	399.99999999999915	
LA_E_1131101_0043	Interior_B	True	False	-159.9999999999966	-160.00000000000313	incomplete_strict_phone_support_for_nine_point_cpps_trajectory
LA_E_1131101_0044	Boundary	True	True			
LA_E_1131101_0044	Interior_A	True	False	-159.9999999999966	-160.00000000000313	incomplete_strict_phone_support_for_nine_point_cpps_trajectory
LA_E_1131101_0044	Interior_B	True	True	560.0000000000023	559.9999999999957	
LA_E_1131101_0045	Boundary	True	True			
LA_E_1131101_0045	Interior_A	True	True	560.0000000000023	559.9999999999957	
LA_E_1131101_0045	Interior_B	True	True	160.0000000000037	159.99999999999716	
LA_E_1131101_0056	Boundary	True	False			official_v6_boundary_cpps_invalid_or_incomplete_support
LA_E_1131101_0056	Interior_A	True	True	559.9999999999881	560.0000000000028	
LA_E_1131101_0056	Interior_B	True	False	-159.9999999999966	-159.99999999999602	incomplete_strict_phone_support_for_nine_point_cpps_trajectory
LA_E_1131101_0060	Boundary	True	False			official_v6_boundary_cpps_invalid_or_incomplete_support
LA_E_1131101_0060	Interior_A	True	False	-159.9999999999966	-160.00000000001023	incomplete_strict_phone_support_for_nine_point_cpps_trajectory
LA_E_1131101_0060	Interior_B	True	False	-159.9999999999966	-159.99999999999602	incomplete_strict_phone_support_for_nine_point_cpps_trajectory
LA_E_1131101_0063	Boundary	True	True			
LA_E_1131101_0063	Interior_A	True	False	0.0	5.551115123125783e-13	incomplete_strict_phone_support_for_nine_point_cpps_trajectory
LA_E_1131101_0063	Interior_B	True	True	79.9999999999983	79.99999999999885	
LA_E_1131101_0064	Boundary	True	True			
LA_E_1131101_0064	Interior_A	True	True	79.9999999999983	79.99999999999885	
LA_E_1131101_0064	Interior_B	True	True	79.9999999999983	79.99999999999885	
LA_E_1131101_0065	Boundary	True	False			official_v6_boundary_cpps_invalid_or_incomplete_support
LA_E_1131101_0065	Interior_A	True	True	79.9999999999983	79.99999999999885	
LA_E_1131101_0065	Interior_B	True	False	0.0	5.551115123125783e-13	incomplete_strict_phone_support_for_nine_point_cpps_trajectory
LA_E_1131101_0066	Boundary	True	False			official_v6_boundary_cpps_invalid_or_incomplete_support
LA_E_1131101_0066	Interior_A	True	False	0.0	5.551115123125783e-13	incomplete_strict_phone_support_for_nine_point_cpps_trajectory
LA_E_1131101_0066	Interior_B	True	True	79.9999999999983	79.99999999999885	
LA_E_1131101_0069	Boundary	True	True			
LA_E_1131101_0069	Interior_A	True	False	-159.9999999999966	-159.99999999999602	incomplete_strict_phone_support_for_nine_point_cpps_trajectory
LA_E_1131101_0069	Interior_B	True	False	-160.0000000000108	-159.99999999999602	incomplete_strict_phone_support_for_nine_point_cpps_trajectory
LA_E_1131101_0073	Boundary	True	True			
LA_E_1131101_0073	Interior_A	True	False	0.0	5.551115123125783e-13	incomplete_strict_phone_support_for_nine_point_cpps_trajectory
LA_E_1131101_0073	Interior_B	True	True	960.000000000008	959.9999999999943	
LA_E_1131101_0074	Boundary	True	True			
LA_E_1131101_0074	Interior_A	True	True	960.000000000008	959.9999999999943	
LA_E_1131101_0074	Interior_B	True	True	79.9999999999983	79.99999999999885	
LA_E_1131902_0001	Boundary	True	True			
LA_E_1131902_0001	Interior_A	True	True	80.00000000000007	79.99999999999996	
LA_E_1131902_0001	Interior_B	True	False	-160.00000000000014	-160.00000000000003	incomplete_strict_phone_support_for_nine_point_cpps_trajectory
LA_E_1131902_0006	Boundary	True	True			
LA_E_1131902_0006	Interior_A	True	False	-160.00000000000102	-159.9999999999987	incomplete_strict_phone_support_for_nine_point_cpps_trajectory
LA_E_1131902_0006	Interior_B	True	True	8.881784197001252e-13	5.551115123125783e-13	
LA_E_1131902_0007	Boundary	True	False			official_v6_boundary_cpps_invalid_or_incomplete_support
LA_E_1131902_0007	Interior_A	True	True	8.881784197001252e-13	5.551115123125783e-13	
LA_E_1131902_0007	Interior_B	True	True	79.9999999999983	80.00000000000063	
LA_E_1131902_0008	Boundary	True	False			official_v6_boundary_cpps_invalid_or_incomplete_support
LA_E_1131902_0008	Interior_A	True	True	79.9999999999983	80.00000000000063	
LA_E_1131902_0008	Interior_B	True	True	159.99999999999835	160.0000000000007	
LA_E_1131902_0009	Boundary	True	True			
LA_E_1131902_0009	Interior_A	True	True	159.99999999999835	160.0000000000007	
LA_E_1131902_0009	Interior_B	True	False	-80.00000000000007	-79.99999999999952	incomplete_strict_phone_support_for_nine_point_cpps_trajectory
LA_E_1131902_0010	Boundary	True	True			
LA_E_1131902_0010	Interior_A	True	False	-80.00000000000007	-79.99999999999952	incomplete_strict_phone_support_for_nine_point_cpps_trajectory
LA_E_1131902_0010	Interior_B	True	False	-80.00000000000185	-79.99999999999952	incomplete_strict_phone_support_for_nine_point_cpps_trajectory
LA_E_1131902_0011	Boundary	True	False			official_v6_boundary_cpps_invalid_or_incomplete_support
LA_E_1131902_0011	Interior_A	True	False	-80.00000000000185	-79.99999999999952	incomplete_strict_phone_support_for_nine_point_cpps_trajectory
LA_E_1131902_0011	Interior_B	True	True	160.00000000000014	159.99999999999892	
LA_E_1131902_0012	Boundary	True	False			official_v6_boundary_cpps_invalid_or_incomplete_support
LA_E_1131902_0012	Interior_A	True	True	160.00000000000014	159.99999999999892	
LA_E_1131902_0012	Interior_B	True	True	79.9999999999983	80.0000000000024	
LA_E_1131902_0013	Boundary	True	False			official_v6_boundary_cpps_invalid_or_incomplete_support
LA_E_1131902_0013	Interior_A	True	True	79.9999999999983	80.0000000000024	
LA_E_1131902_0013	Interior_B	True	True	79.9999999999983	79.99999999999885	
LA_E_1131902_0014	Boundary	True	False			official_v6_boundary_cpps_invalid_or_incomplete_support
LA_E_1131902_0014	Interior_A	True	True	79.9999999999983	79.99999999999885	
LA_E_1131902_0014	Interior_B	True	False	-80.00000000000185	-79.99999999999774	incomplete_strict_phone_support_for_nine_point_cpps_trajectory
LA_E_1131902_0017	Boundary	True	True			
LA_E_1131902_0017	Interior_A	True	False	-80.00000000000185	-79.99999999999774	incomplete_strict_phone_support_for_nine_point_cpps_trajectory
LA_E_1131902_0017	Interior_B	True	False	-3.552713678800501e-12	5.551115123125783e-13	incomplete_strict_phone_support_for_nine_point_cpps_trajectory
LA_E_1131902_0018	Boundary	True	True			
LA_E_1131902_0018	Interior_A	True	False	-3.552713678800501e-12	5.551115123125783e-13	incomplete_strict_phone_support_for_nine_point_cpps_trajectory
LA_E_1131902_0018	Interior_B	True	True	160.00000000000014	160.0000000000007	
LA_E_1131902_0019	Boundary	True	True			
LA_E_1131902_0019	Interior_A	True	True	160.00000000000014	160.0000000000007	
LA_E_1131902_0019	Interior_B	True	True	80.00000000000185	79.99999999999885	
LA_E_1131902_0020	Boundary	True	True			
LA_E_1131902_0020	Interior_A	True	True	80.00000000000185	79.99999999999885	
LA_E_1131902_0020	Interior_B	True	True	79.9999999999983	79.99999999999885	
LA_E_1131902_0023	Boundary	True	True			
LA_E_1131902_0023	Interior_A	True	False	-80.00000000000185	-79.99999999999774	incomplete_strict_phone_support_for_nine_point_cpps_trajectory
LA_E_1131902_0023	Interior_B	True	True	160.00000000000014	159.99999999999716	
LA_E_1131902_0024	Boundary	True	True			
LA_E_1131902_0024	Interior_A	True	True	160.00000000000014	159.99999999999716	
LA_E_1131902_0024	Interior_B	True	False	-160.00000000000014	-159.99999999999957	incomplete_strict_phone_support_for_nine_point_cpps_trajectory
LA_E_1131902_0027	Boundary	True	False			official_v6_boundary_cpps_invalid_or_incomplete_support
LA_E_1131902_0027	Interior_A	True	False	0.0	5.551115123125783e-13	incomplete_strict_phone_support_for_nine_point_cpps_trajectory
LA_E_1131902_0027	Interior_B	True	True	240.000000000002	240.00000000000256	
LA_E_1131902_0028	Boundary	True	False			official_v6_boundary_cpps_invalid_or_incomplete_support
LA_E_1131902_0028	Interior_A	True	True	240.000000000002	240.00000000000256	
LA_E_1131902_0028	Interior_B	True	True	79.9999999999983	79.99999999999885	
LA_E_1131902_0029	Boundary	True	False			official_v6_boundary_cpps_invalid_or_incomplete_support
LA_E_1131902_0029	Interior_A	True	True	79.9999999999983	79.99999999999885	
LA_E_1131902_0029	Interior_B	True	False	-79.9999999999983	-80.00000000000485	incomplete_strict_phone_support_for_nine_point_cpps_trajectory
LA_E_1131902_0030	Boundary	True	False			official_v6_boundary_cpps_invalid_or_incomplete_support
LA_E_1131902_0030	Interior_A	True	False	-79.9999999999983	-80.00000000000485	incomplete_strict_phone_support_for_nine_point_cpps_trajectory
LA_E_1131902_0030	Interior_B	True	False	-159.9999999999966	-160.00000000000313	incomplete_strict_phone_support_for_nine_point_cpps_trajectory
LA_E_1131902_0038	Boundary	True	True			
LA_E_1131902_0038	Interior_A	True	False	0.0	5.551115123125783e-13	incomplete_strict_phone_support_for_nine_point_cpps_trajectory
LA_E_1131902_0038	Interior_B	True	False	-79.9999999999983	-79.99999999999774	incomplete_strict_phone_support_for_nine_point_cpps_trajectory
LA_E_1131902_0041	Boundary	True	False			official_v6_boundary_cpps_invalid_or_incomplete_support
LA_E_1131902_0041	Interior_A	True	False	0.0	5.551115123125783e-13	incomplete_strict_phone_support_for_nine_point_cpps_trajectory
LA_E_1131902_0041	Interior_B	True	True	640.0000000000006	639.999999999994	
LA_E_1131984_0009	Boundary	True	True			
LA_E_1131984_0009	Interior_A	True	False	-159.99999999999926	-159.99999999999957	incomplete_strict_phone_support_for_nine_point_cpps_trajectory
LA_E_1131984_0009	Interior_B	True	False	-160.00000000000014	-160.00000000000136	incomplete_strict_phone_support_for_nine_point_cpps_trajectory
LA_E_1131984_0011	Boundary	True	True			
LA_E_1131984_0011	Interior_A	True	True	560.0000000000005	559.9999999999993	
LA_E_1131984_0011	Interior_B	True	True	79.9999999999983	80.00000000000063	
LA_E_1131984_0018	Boundary	True	False			official_v6_boundary_cpps_invalid_or_incomplete_support
LA_E_1131984_0018	Interior_A	True	True	159.9999999999966	160.0000000000007	
LA_E_1131984_0018	Interior_B	True	False	-79.9999999999983	-80.0000000000013	incomplete_strict_phone_support_for_nine_point_cpps_trajectory
LA_E_1131984_0023	Boundary	True	False			official_v6_boundary_cpps_invalid_or_incomplete_support
LA_E_1131984_0023	Interior_A	True	True	80.00000000000185	79.99999999999885	
LA_E_1131984_0023	Interior_B	True	False	-80.00000000000185	-79.99999999999774	incomplete_strict_phone_support_for_nine_point_cpps_trajectory
LA_E_1131984_0025	Boundary	True	True			
LA_E_1131984_0025	Interior_A	True	False	-160.00000000000014	-160.00000000000313	incomplete_strict_phone_support_for_nine_point_cpps_trajectory
LA_E_1131984_0025	Interior_B	True	False	0.0	5.551115123125783e-13	incomplete_strict_phone_support_for_nine_point_cpps_trajectory
LA_E_1131984_0026	Boundary	True	True			
LA_E_1131984_0026	Interior_A	True	False	0.0	5.551115123125783e-13	incomplete_strict_phone_support_for_nine_point_cpps_trajectory
LA_E_1131984_0026	Interior_B	True	False	-80.00000000000185	-79.99999999999774	incomplete_strict_phone_support_for_nine_point_cpps_trajectory
LA_E_1131984_0027	Boundary	True	False			official_v6_boundary_cpps_invalid_or_incomplete_support
LA_E_1131984_0027	Interior_A	True	False	-80.00000000000185	-79.99999999999774	incomplete_strict_phone_support_for_nine_point_cpps_trajectory
LA_E_1131984_0027	Interior_B	True	True	79.9999999999983	79.99999999999885	
LA_E_1131984_0028	Boundary	True	False			official_v6_boundary_cpps_invalid_or_incomplete_support
LA_E_1131984_0028	Interior_A	True	True	79.9999999999983	79.99999999999885	
LA_E_1131984_0028	Interior_B	True	False	-79.9999999999983	-80.0000000000013	incomplete_strict_phone_support_for_nine_point_cpps_trajectory
LA_E_1133570_0005	Boundary	True	False			official_v6_boundary_cpps_invalid_or_incomplete_support
LA_E_1133570_0005	Interior_A	True	False	-80.00000000000097	-79.99999999999862	incomplete_strict_phone_support_for_nine_point_cpps_trajectory
LA_E_1133570_0005	Interior_B	True	True	80.00000000000097	79.99999999999974	
LA_E_1133570_0014	Boundary	True	False			official_v6_boundary_cpps_invalid_or_incomplete_support
LA_E_1133570_0014	Interior_A	True	True	79.9999999999983	80.00000000000063	
LA_E_1133570_0014	Interior_B	True	True	80.00000000000007	79.99999999999885	
LA_E_1133570_0018	Boundary	True	True			
LA_E_1133570_0018	Interior_A	True	False	-160.00000000000014	-159.99999999999957	incomplete_strict_phone_support_for_nine_point_cpps_trajectory
LA_E_1133570_0018	Interior_B	True	False	0.0	-2.9976021664879227e-12	incomplete_strict_phone_support_for_nine_point_cpps_trajectory
LA_E_1133570_0022	Boundary	True	False			official_v6_boundary_cpps_invalid_or_incomplete_support
LA_E_1133570_0022	Interior_A	True	True	79.9999999999983	80.0000000000024	
LA_E_1133570_0022	Interior_B	True	False	-3.552713678800501e-12	5.551115123125783e-13	incomplete_strict_phone_support_for_nine_point_cpps_trajectory
LA_E_1133570_0025	Boundary	True	True			
LA_E_1133570_0025	Interior_A	True	False	-160.00000000000014	-159.99999999999957	incomplete_strict_phone_support_for_nine_point_cpps_trajectory
LA_E_1133570_0025	Interior_B	True	False	-160.00000000000014	-159.99999999999957	incomplete_strict_phone_support_for_nine_point_cpps_trajectory
LA_E_1133570_0026	Boundary	True	False			official_v6_boundary_cpps_invalid_or_incomplete_support
LA_E_1133570_0026	Interior_A	True	False	-160.00000000000014	-159.99999999999957	incomplete_strict_phone_support_for_nine_point_cpps_trajectory
LA_E_1133570_0026	Interior_B	True	True	159.9999999999966	160.0000000000007	
LA_E_1133570_0036	Boundary	True	False			official_v6_boundary_cpps_invalid_or_incomplete_support
LA_E_1133570_0036	Interior_A	True	True	159.9999999999966	160.00000000000426	
LA_E_1133570_0036	Interior_B	True	False	0.0	5.551115123125783e-13	incomplete_strict_phone_support_for_nine_point_cpps_trajectory
LA_E_1133570_0037	Boundary	True	True			
LA_E_1133570_0037	Interior_A	True	False	0.0	5.551115123125783e-13	incomplete_strict_phone_support_for_nine_point_cpps_trajectory
LA_E_1133570_0037	Interior_B	True	False	-160.0000000000037	-160.00000000000313	incomplete_strict_phone_support_for_nine_point_cpps_trajectory
LA_E_1133673_0010	Boundary	True	True			
LA_E_1133673_0010	Interior_A	True	False	-159.99999999999926	-159.99999999999957	incomplete_strict_phone_support_for_nine_point_cpps_trajectory
LA_E_1133673_0010	Interior_B	True	False	-160.00000000000014	-160.00000000000136	incomplete_strict_phone_support_for_nine_point_cpps_trajectory
LA_E_1133673_0012	Boundary	True	False			official_v6_boundary_cpps_invalid_or_incomplete_support
LA_E_1133673_0012	Interior_A	True	True	240.00000000000023	239.999999999999	
LA_E_1133673_0012	Interior_B	True	False	-80.00000000000007	-79.99999999999952	incomplete_strict_phone_support_for_nine_point_cpps_trajectory
LA_E_1133673_0013	Boundary	True	False			official_v6_boundary_cpps_invalid_or_incomplete_support
LA_E_1133673_0013	Interior_A	True	False	-80.00000000000007	-79.99999999999952	incomplete_strict_phone_support_for_nine_point_cpps_trajectory
LA_E_1133673_0013	Interior_B	True	True	160.00000000000014	159.99999999999892	
LA_E_1133673_0017	Boundary	True	False			official_v6_boundary_cpps_invalid_or_incomplete_support
LA_E_1133673_0017	Interior_A	True	True	160.00000000000014	160.0000000000007	
LA_E_1133673_0017	Interior_B	True	False	-160.00000000000014	-159.99999999999957	incomplete_strict_phone_support_for_nine_point_cpps_trajectory
LA_E_1133673_0021	Boundary	True	True			
LA_E_1133673_0021	Interior_A	True	False	-160.00000000000014	-159.99999999999957	incomplete_strict_phone_support_for_nine_point_cpps_trajectory
LA_E_1133673_0021	Interior_B	True	True	719.9999999999989	719.9999999999994	
LA_E_1133673_0027	Boundary	True	False			official_v6_boundary_cpps_invalid_or_incomplete_support
LA_E_1133673_0027	Interior_A	True	False	-80.00000000000185	-80.0000000000013	incomplete_strict_phone_support_for_nine_point_cpps_trajectory
LA_E_1133673_0027	Interior_B	True	True	160.00000000000014	160.0000000000007	
LA_E_1133673_0028	Boundary	True	False			official_v6_boundary_cpps_invalid_or_incomplete_support
LA_E_1133673_0028	Interior_A	True	True	160.00000000000014	160.0000000000007	
LA_E_1133673_0028	Interior_B	True	False	0.0	5.551115123125783e-13	incomplete_strict_phone_support_for_nine_point_cpps_trajectory
LA_E_1133673_0032	Boundary	True	True			
LA_E_1133673_0032	Interior_A	True	False	-79.9999999999983	-80.0000000000013	incomplete_strict_phone_support_for_nine_point_cpps_trajectory
LA_E_1133673_0032	Interior_B	True	False	-160.0000000000037	-159.99999999999602	incomplete_strict_phone_support_for_nine_point_cpps_trajectory
LA_E_1133673_0033	Boundary	True	True			
LA_E_1133673_0033	Interior_A	True	False	-160.0000000000037	-159.99999999999602	incomplete_strict_phone_support_for_nine_point_cpps_trajectory
LA_E_1133673_0033	Interior_B	True	False	0.0	5.551115123125783e-13	incomplete_strict_phone_support_for_nine_point_cpps_trajectory
LA_E_1133673_0034	Boundary	True	True			
LA_E_1133673_0034	Interior_A	True	False	0.0	5.551115123125783e-13	incomplete_strict_phone_support_for_nine_point_cpps_trajectory
LA_E_1133673_0034	Interior_B	True	False	-159.9999999999966	-160.00000000000313	incomplete_strict_phone_support_for_nine_point_cpps_trajectory
LA_E_1133673_0037	Boundary	True	False			official_v6_boundary_cpps_invalid_or_incomplete_support
LA_E_1133673_0037	Interior_A	True	True	160.0000000000037	159.99999999999716	
LA_E_1133673_0037	Interior_B	True	False	-79.9999999999983	-79.99999999999774	incomplete_strict_phone_support_for_nine_point_cpps_trajectory
LA_E_1133673_0038	Boundary	True	False			official_v6_boundary_cpps_invalid_or_incomplete_support
LA_E_1133673_0038	Interior_A	True	False	-79.9999999999983	-79.99999999999774	incomplete_strict_phone_support_for_nine_point_cpps_trajectory
LA_E_1133673_0038	Interior_B	True	False	-160.0000000000037	-159.99999999999602	incomplete_strict_phone_support_for_nine_point_cpps_trajectory
LA_E_1133673_0047	Boundary	True	False			official_v6_boundary_cpps_invalid_or_incomplete_support
LA_E_1133673_0047	Interior_A	True	True	79.9999999999983	79.99999999999885	
LA_E_1133673_0047	Interior_B	True	False	-159.9999999999966	-160.00000000000313	incomplete_strict_phone_support_for_nine_point_cpps_trajectory
LA_E_1133673_0050	Boundary	True	True			
LA_E_1133673_0050	Interior_A	True	False	0.0	5.551115123125783e-13	incomplete_strict_phone_support_for_nine_point_cpps_trajectory
LA_E_1133673_0050	Interior_B	True	False	-160.0000000000037	-159.99999999999602	incomplete_strict_phone_support_for_nine_point_cpps_trajectory
LA_E_1133673_0051	Boundary	True	True			
LA_E_1133673_0051	Interior_A	True	False	-160.0000000000037	-159.99999999999602	incomplete_strict_phone_support_for_nine_point_cpps_trajectory
LA_E_1133673_0051	Interior_B	True	False	-7.105427357601002e-12	5.551115123125783e-13	incomplete_strict_phone_support_for_nine_point_cpps_trajectory
LA_E_1133928_0000	Boundary	True	True			
LA_E_1133928_0000	Interior_A	True	True	160.00000000000014	159.9999999999998	
LA_E_1133928_0000	Interior_B	True	False	-79.99999999999918	-80.0000000000004	incomplete_strict_phone_support_for_nine_point_cpps_trajectory
LA_E_1133928_0001	Boundary	True	True			
LA_E_1133928_0001	Interior_A	True	False	-79.99999999999918	-80.0000000000004	incomplete_strict_phone_support_for_nine_point_cpps_trajectory
LA_E_1133928_0001	Interior_B	True	False	-80.00000000000097	-79.99999999999862	incomplete_strict_phone_support_for_nine_point_cpps_trajectory
LA_E_1133928_0004	Boundary	True	True			
LA_E_1133928_0004	Interior_A	True	False	-80.00000000000185	-79.99999999999952	incomplete_strict_phone_support_for_nine_point_cpps_trajectory
LA_E_1133928_0004	Interior_B	True	False	-80.00000000000007	-79.99999999999952	incomplete_strict_phone_support_for_nine_point_cpps_trajectory
LA_E_1133928_0006	Boundary	True	False			official_v6_boundary_cpps_invalid_or_incomplete_support
LA_E_1133928_0006	Interior_A	True	False	-160.00000000000193	-159.99999999999957	incomplete_strict_phone_support_for_nine_point_cpps_trajectory
LA_E_1133928_0006	Interior_B	True	False	-80.00000000000007	-79.99999999999952	incomplete_strict_phone_support_for_nine_point_cpps_trajectory
LA_E_1133928_0007	Boundary	True	False			official_v6_boundary_cpps_invalid_or_incomplete_support
LA_E_1133928_0007	Interior_A	True	False	-80.00000000000007	-79.99999999999952	incomplete_strict_phone_support_for_nine_point_cpps_trajectory
LA_E_1133928_0007	Interior_B	True	False	-160.00000000000014	-160.00000000000136	incomplete_strict_phone_support_for_nine_point_cpps_trajectory
LA_E_1133928_0012	Boundary	True	False			official_v6_boundary_cpps_invalid_or_incomplete_support
LA_E_1133928_0012	Interior_A	True	False	-160.00000000000014	-159.99999999999957	incomplete_strict_phone_support_for_nine_point_cpps_trajectory
LA_E_1133928_0012	Interior_B	True	True	239.99999999999844	239.999999999999	
LA_E_1133928_0015	Boundary	True	True			
LA_E_1133928_0015	Interior_A	True	False	-80.00000000000185	-79.99999999999774	incomplete_strict_phone_support_for_nine_point_cpps_trajectory
LA_E_1133928_0015	Interior_B	True	False	-79.9999999999983	-80.0000000000013	incomplete_strict_phone_support_for_nine_point_cpps_trajectory
LA_E_1133928_0022	Boundary	True	False			official_v6_boundary_cpps_invalid_or_incomplete_support
LA_E_1133928_0022	Interior_A	True	False	-80.00000000000185	-80.0000000000013	incomplete_strict_phone_support_for_nine_point_cpps_trajectory
LA_E_1133928_0022	Interior_B	True	True	160.00000000000014	160.0000000000007	
LA_E_1133928_0023	Boundary	True	False			official_v6_boundary_cpps_invalid_or_incomplete_support
LA_E_1133928_0023	Interior_A	True	True	160.00000000000014	160.0000000000007	
LA_E_1133928_0023	Interior_B	True	False	-160.00000000000014	-159.99999999999957	incomplete_strict_phone_support_for_nine_point_cpps_trajectory
LA_E_1133928_0026	Boundary	True	True			
LA_E_1133928_0026	Interior_A	True	False	-160.0000000000037	-159.99999999999957	incomplete_strict_phone_support_for_nine_point_cpps_trajectory
LA_E_1133928_0026	Interior_B	True	False	-160.00000000000014	-159.99999999999957	incomplete_strict_phone_support_for_nine_point_cpps_trajectory
LA_E_1133928_0027	Boundary	True	True			
LA_E_1133928_0027	Interior_A	True	False	-160.00000000000014	-159.99999999999957	incomplete_strict_phone_support_for_nine_point_cpps_trajectory
LA_E_1133928_0027	Interior_B	True	True	80.00000000000185	79.99999999999885	
LA_E_1133928_0048	Boundary	True	False			official_v6_boundary_cpps_invalid_or_incomplete_support
LA_E_1133928_0048	Interior_A	True	False	-159.9999999999966	-160.00000000000313	incomplete_strict_phone_support_for_nine_point_cpps_trajectory
LA_E_1133928_0048	Interior_B	True	False	-160.0000000000037	-159.99999999999602	incomplete_strict_phone_support_for_nine_point_cpps_trajectory
LA_E_1133928_0057	Boundary	True	True			
LA_E_1133928_0057	Interior_A	True	False	0.0	5.551115123125783e-13	incomplete_strict_phone_support_for_nine_point_cpps_trajectory
LA_E_1133928_0057	Interior_B	True	False	-159.9999999999966	-160.00000000000313	incomplete_strict_phone_support_for_nine_point_cpps_trajectory
LA_E_1133928_0058	Boundary	True	True			
LA_E_1133928_0058	Interior_A	True	False	-159.9999999999966	-160.00000000000313	incomplete_strict_phone_support_for_nine_point_cpps_trajectory
LA_E_1133928_0058	Interior_B	True	False	-79.9999999999983	-80.00000000000485	incomplete_strict_phone_support_for_nine_point_cpps_trajectory
LA_E_1133928_0059	Boundary	True	False			official_v6_boundary_cpps_invalid_or_incomplete_support
LA_E_1133928_0059	Interior_A	True	False	-79.9999999999983	-80.00000000000485	incomplete_strict_phone_support_for_nine_point_cpps_trajectory
LA_E_1133928_0059	Interior_B	True	False	-79.9999999999983	-79.99999999999774	incomplete_strict_phone_support_for_nine_point_cpps_trajectory
LA_E_1133928_0060	Boundary	True	False			official_v6_boundary_cpps_invalid_or_incomplete_support
LA_E_1133928_0060	Interior_A	True	False	-79.9999999999983	-79.99999999999774	incomplete_strict_phone_support_for_nine_point_cpps_trajectory
LA_E_1133928_0060	Interior_B	True	False	-79.9999999999983	-80.00000000000485	incomplete_strict_phone_support_for_nine_point_cpps_trajectory
LA_E_1133928_0061	Boundary	True	True			
LA_E_1133928_0061	Interior_A	True	False	-79.9999999999983	-80.00000000000485	incomplete_strict_phone_support_for_nine_point_cpps_trajectory
LA_E_1133928_0061	Interior_B	True	True	79.9999999999983	80.00000000000595	
LA_E_1135860_0005	Boundary	True	False			official_v6_boundary_cpps_invalid_or_incomplete_support
LA_E_1135860_0005	Interior_A	True	False	0.0	-3.3306690738754696e-13	incomplete_strict_phone_support_for_nine_point_cpps_trajectory
LA_E_1135860_0005	Interior_B	True	False	-80.00000000000007	-79.99999999999952	incomplete_strict_phone_support_for_nine_point_cpps_trajectory
LA_E_1135860_0008	Boundary	True	False			official_v6_boundary_cpps_invalid_or_incomplete_support
LA_E_1135860_0008	Interior_A	True	False	0.0	5.551115123125783e-13	incomplete_strict_phone_support_for_nine_point_cpps_trajectory
LA_E_1135860_0008	Interior_B	True	True	320.0000000000003	319.9999999999991	
LA_E_1135860_0009	Boundary	True	False			official_v6_boundary_cpps_invalid_or_incomplete_support
LA_E_1135860_0009	Interior_A	True	True	320.0000000000003	319.9999999999991	
LA_E_1135860_0009	Interior_B	True	False	-80.00000000000007	-80.0000000000013	incomplete_strict_phone_support_for_nine_point_cpps_trajectory
LA_E_1135860_0010	Boundary	True	False			official_v6_boundary_cpps_invalid_or_incomplete_support
LA_E_1135860_0010	Interior_A	True	False	-80.00000000000007	-80.0000000000013	incomplete_strict_phone_support_for_nine_point_cpps_trajectory
LA_E_1135860_0010	Interior_B	True	False	-80.00000000000007	-79.99999999999952	incomplete_strict_phone_support_for_nine_point_cpps_trajectory
LA_E_1135860_0017	Boundary	True	True			
LA_E_1135860_0017	Interior_A	True	True	79.9999999999983	80.0000000000024	
LA_E_1135860_0017	Interior_B	True	True	160.00000000000014	159.99999999999716	
LA_E_1135860_0018	Boundary	True	True			
LA_E_1135860_0018	Interior_A	True	True	160.00000000000014	159.99999999999716	
LA_E_1135860_0018	Interior_B	True	False	-160.00000000000014	-159.99999999999957	incomplete_strict_phone_support_for_nine_point_cpps_trajectory
LA_E_1135860_0019	Boundary	True	True			
LA_E_1135860_0019	Interior_A	True	False	-160.00000000000014	-159.99999999999957	incomplete_strict_phone_support_for_nine_point_cpps_trajectory
LA_E_1135860_0019	Interior_B	True	False	-160.00000000000014	-159.99999999999957	incomplete_strict_phone_support_for_nine_point_cpps_trajectory
LA_E_1135860_0020	Boundary	True	True			
LA_E_1135860_0020	Interior_A	True	False	-160.00000000000014	-159.99999999999957	incomplete_strict_phone_support_for_nine_point_cpps_trajectory
LA_E_1135860_0020	Interior_B	True	True	160.00000000000014	159.99999999999716	
LA_E_1135860_0024	Boundary	True	True			
LA_E_1135860_0024	Interior_A	True	False	-160.00000000000014	-159.99999999999957	incomplete_strict_phone_support_for_nine_point_cpps_trajectory
LA_E_1135860_0024	Interior_B	True	False	-160.00000000000014	-159.99999999999957	incomplete_strict_phone_support_for_nine_point_cpps_trajectory
LA_E_1135860_0025	Boundary	True	False			official_v6_boundary_cpps_invalid_or_incomplete_support
LA_E_1135860_0025	Interior_A	True	False	-160.00000000000014	-159.99999999999957	incomplete_strict_phone_support_for_nine_point_cpps_trajectory
LA_E_1135860_0025	Interior_B	True	False	-160.00000000000014	-159.99999999999957	incomplete_strict_phone_support_for_nine_point_cpps_trajectory
LA_E_1135860_0032	Boundary	True	True			
LA_E_1135860_0032	Interior_A	True	True	400.00000000000216	399.99999999999915	
LA_E_1135860_0032	Interior_B	True	False	-160.0000000000037	-159.99999999999602	incomplete_strict_phone_support_for_nine_point_cpps_trajectory
LA_E_1136241_0009	Boundary	True	True			
LA_E_1136241_0009	Interior_A	True	False	0.0	5.551115123125783e-13	incomplete_strict_phone_support_for_nine_point_cpps_trajectory
LA_E_1136241_0009	Interior_B	True	True	159.99999999999835	160.0000000000007	
LA_E_1136241_0010	Boundary	True	True			
LA_E_1136241_0010	Interior_A	True	True	159.99999999999835	160.0000000000007	
LA_E_1136241_0010	Interior_B	True	True	239.99999999999844	240.00000000000077	
LA_E_1136241_0013	Boundary	True	True			
LA_E_1136241_0013	Interior_A	True	True	559.9999999999969	560.0000000000028	
LA_E_1136241_0013	Interior_B	True	True	559.9999999999987	559.9999999999993	
LA_E_1137091_0000	Boundary	True	False			official_v6_boundary_cpps_invalid_or_incomplete_support
LA_E_1137091_0000	Interior_A	True	True	79.99999999999996	79.99999999999996	
LA_E_1137091_0000	Interior_B	True	True	239.99999999999977	240.0000000000003	
LA_E_1137091_0001	Boundary	True	True			
LA_E_1137091_0001	Interior_A	True	True	239.99999999999977	240.0000000000003	
LA_E_1137091_0001	Interior_B	True	True	79.99999999999963	79.99999999999974	
LA_E_1137091_0008	Boundary	True	False			official_v6_boundary_cpps_invalid_or_incomplete_support
LA_E_1137091_0008	Interior_A	True	True	319.9999999999985	320.00000000000085	
LA_E_1137091_0008	Interior_B	True	False	-80.00000000000007	-79.99999999999952	incomplete_strict_phone_support_for_nine_point_cpps_trajectory
LA_E_1137091_0009	Boundary	True	False			official_v6_boundary_cpps_invalid_or_incomplete_support
LA_E_1137091_0009	Interior_A	True	False	-80.00000000000007	-79.99999999999952	incomplete_strict_phone_support_for_nine_point_cpps_trajectory
LA_E_1137091_0009	Interior_B	True	True	79.9999999999983	80.00000000000063	
LA_E_1137091_0012	Boundary	True	True			
LA_E_1137091_0012	Interior_A	True	False	0.0	-1.2212453270876722e-12	incomplete_strict_phone_support_for_nine_point_cpps_trajectory
LA_E_1137091_0012	Interior_B	True	False	-160.00000000000014	-159.99999999999957	incomplete_strict_phone_support_for_nine_point_cpps_trajectory
LA_E_1137091_0013	Boundary	True	True			
LA_E_1137091_0013	Interior_A	True	False	-160.00000000000014	-159.99999999999957	incomplete_strict_phone_support_for_nine_point_cpps_trajectory
LA_E_1137091_0013	Interior_B	True	True	80.00000000000185	79.99999999999885	
LA_E_1137091_0014	Boundary	True	True			
LA_E_1137091_0014	Interior_A	True	True	80.00000000000185	79.99999999999885	
LA_E_1137091_0014	Interior_B	True	False	-3.552713678800501e-12	5.551115123125783e-13	incomplete_strict_phone_support_for_nine_point_cpps_trajectory
LA_E_1137091_0015	Boundary	True	True			
LA_E_1137091_0015	Interior_A	True	False	-3.552713678800501e-12	5.551115123125783e-13	incomplete_strict_phone_support_for_nine_point_cpps_trajectory
LA_E_1137091_0015	Interior_B	True	True	80.00000000000185	79.99999999999885	
LA_E_1137091_0018	Boundary	True	True			
LA_E_1137091_0018	Interior_A	True	False	-80.00000000000185	-80.0000000000013	incomplete_strict_phone_support_for_nine_point_cpps_trajectory
LA_E_1137091_0018	Interior_B	True	True	320.0000000000003	320.00000000000085	
LA_E_1137762_0001	Boundary	True	False			official_v6_boundary_cpps_invalid_or_incomplete_support
LA_E_1137762_0001	Interior_A	True	True	1.1102230246251565e-13	1.1102230246251565e-13	
LA_E_1137762_0001	Interior_B	True	True	319.99999999999983	319.99999999999994	
LA_E_1137762_0002	Boundary	True	False			official_v6_boundary_cpps_invalid_or_incomplete_support
LA_E_1137762_0002	Interior_A	True	True	319.99999999999983	319.99999999999994	
LA_E_1137762_0002	Interior_B	True	False	0.0	5.551115123125783e-13	incomplete_strict_phone_support_for_nine_point_cpps_trajectory
LA_E_1138507_0000	Boundary	True	True			
LA_E_1138507_0000	Interior_A	True	False	-79.99999999999996	-80.00000000000018	incomplete_strict_phone_support_for_nine_point_cpps_trajectory
LA_E_1138507_0000	Interior_B	True	True	79.9999999999983	80.00000000000152	
LA_E_1138507_0006	Boundary	True	True			
LA_E_1138507_0006	Interior_A	True	False	-80.00000000000007	-79.99999999999952	incomplete_strict_phone_support_for_nine_point_cpps_trajectory
LA_E_1138507_0006	Interior_B	True	True	240.00000000000023	240.00000000000077	
LA_E_1138507_0007	Boundary	True	True			
LA_E_1138507_0007	Interior_A	True	True	240.00000000000023	240.00000000000077	
LA_E_1138507_0007	Interior_B	True	True	79.9999999999983	80.00000000000063	
LA_E_1138507_0011	Boundary	True	False			official_v6_boundary_cpps_invalid_or_incomplete_support
LA_E_1138507_0011	Interior_A	True	True	80.00000000000007	80.00000000000063	
LA_E_1138507_0011	Interior_B	True	True	79.9999999999983	80.00000000000063	
LA_E_1138507_0012	Boundary	True	True			
LA_E_1138507_0012	Interior_A	True	True	79.9999999999983	80.00000000000063	
LA_E_1138507_0012	Interior_B	True	False	-80.00000000000007	-80.0000000000013	incomplete_strict_phone_support_for_nine_point_cpps_trajectory
LA_E_1138507_0016	Boundary	True	True			
LA_E_1138507_0016	Interior_A	True	False	-160.00000000000014	-159.99999999999957	incomplete_strict_phone_support_for_nine_point_cpps_trajectory
LA_E_1138507_0016	Interior_B	True	True	159.9999999999966	160.0000000000007	
LA_E_1138507_0017	Boundary	True	True			
LA_E_1138507_0017	Interior_A	True	True	159.9999999999966	160.0000000000007	
LA_E_1138507_0017	Interior_B	True	False	-160.00000000000014	-159.99999999999957	incomplete_strict_phone_support_for_nine_point_cpps_trajectory
LA_E_1139782_0000	Boundary	True	False			official_v6_boundary_cpps_invalid_or_incomplete_support
LA_E_1139782_0000	Interior_A	True	False	-160.00000000000003	-160.00000000000003	incomplete_strict_phone_support_for_nine_point_cpps_trajectory
LA_E_1139782_0000	Interior_B	True	False	-80.00000000000007	-79.99999999999996	incomplete_strict_phone_support_for_nine_point_cpps_trajectory
LA_E_1139782_0007	Boundary	True	False			official_v6_boundary_cpps_invalid_or_incomplete_support
LA_E_1139782_0007	Interior_A	True	False	-80.00000000000097	-79.99999999999862	incomplete_strict_phone_support_for_nine_point_cpps_trajectory
LA_E_1139782_0007	Interior_B	True	False	-159.99999999999926	-159.99999999999957	incomplete_strict_phone_support_for_nine_point_cpps_trajectory
LA_E_1139782_0010	Boundary	True	True			
LA_E_1139782_0010	Interior_A	True	False	-80.00000000000007	-79.99999999999952	incomplete_strict_phone_support_for_nine_point_cpps_trajectory
LA_E_1139782_0010	Interior_B	True	False	-1.7763568394002505e-12	5.551115123125783e-13	incomplete_strict_phone_support_for_nine_point_cpps_trajectory
LA_E_1139782_0011	Boundary	True	False			official_v6_boundary_cpps_invalid_or_incomplete_support
LA_E_1139782_0011	Interior_A	True	False	-1.7763568394002505e-12	5.551115123125783e-13	incomplete_strict_phone_support_for_nine_point_cpps_trajectory
LA_E_1139782_0011	Interior_B	True	False	-160.00000000000014	-159.99999999999957	incomplete_strict_phone_support_for_nine_point_cpps_trajectory
LA_E_1139782_0012	Boundary	True	False			official_v6_boundary_cpps_invalid_or_incomplete_support
LA_E_1139782_0012	Interior_A	True	False	-160.00000000000014	-159.99999999999957	incomplete_strict_phone_support_for_nine_point_cpps_trajectory
LA_E_1139782_0012	Interior_B	True	False	-80.00000000000185	-79.99999999999952	incomplete_strict_phone_support_for_nine_point_cpps_trajectory
LA_E_1139782_0015	Boundary	True	True			
LA_E_1139782_0015	Interior_A	True	False	0.0	-1.2212453270876722e-12	incomplete_strict_phone_support_for_nine_point_cpps_trajectory
LA_E_1139782_0015	Interior_B	True	False	-80.00000000000185	-79.99999999999774	incomplete_strict_phone_support_for_nine_point_cpps_trajectory
LA_E_1139782_0016	Boundary	True	False			official_v6_boundary_cpps_invalid_or_incomplete_support
LA_E_1139782_0016	Interior_A	True	False	-80.00000000000185	-79.99999999999774	incomplete_strict_phone_support_for_nine_point_cpps_trajectory
LA_E_1139782_0016	Interior_B	True	True	79.9999999999983	79.99999999999885	
LA_E_1139782_0019	Boundary	True	True			
LA_E_1139782_0019	Interior_A	True	False	-160.00000000000014	-159.99999999999957	incomplete_strict_phone_support_for_nine_point_cpps_trajectory
LA_E_1139782_0019	Interior_B	True	False	-80.00000000000185	-79.99999999999774	incomplete_strict_phone_support_for_nine_point_cpps_trajectory
LA_E_1139782_0020	Boundary	True	False			official_v6_boundary_cpps_invalid_or_incomplete_support
LA_E_1139782_0020	Interior_A	True	False	-80.00000000000185	-79.99999999999774	incomplete_strict_phone_support_for_nine_point_cpps_trajectory
LA_E_1139782_0020	Interior_B	True	True	239.99999999999844	239.999999999999	
LA_E_1139782_0025	Boundary	True	True			
LA_E_1139782_0025	Interior_A	True	True	239.99999999999844	239.999999999999	
LA_E_1139782_0025	Interior_B	True	False	-160.00000000000014	-159.99999999999957	incomplete_strict_phone_support_for_nine_point_cpps_trajectory
LA_E_1139782_0030	Boundary	True	False			official_v6_boundary_cpps_invalid_or_incomplete_support
LA_E_1139782_0030	Interior_A	True	False	-80.00000000000185	-80.0000000000013	incomplete_strict_phone_support_for_nine_point_cpps_trajectory
LA_E_1139782_0030	Interior_B	True	False	-79.9999999999983	-80.00000000000485	incomplete_strict_phone_support_for_nine_point_cpps_trajectory
LA_E_1139782_0034	Boundary	True	False			official_v6_boundary_cpps_invalid_or_incomplete_support
LA_E_1139782_0034	Interior_A	True	False	-159.9999999999966	-160.00000000000313	incomplete_strict_phone_support_for_nine_point_cpps_trajectory
LA_E_1139782_0034	Interior_B	True	False	-159.9999999999966	-160.00000000000313	incomplete_strict_phone_support_for_nine_point_cpps_trajectory
LA_E_1139782_0039	Boundary	True	True			
LA_E_1139782_0039	Interior_A	True	False	0.0	5.551115123125783e-13	incomplete_strict_phone_support_for_nine_point_cpps_trajectory
LA_E_1139782_0039	Interior_B	True	False	-80.0000000000054	-79.99999999999774	incomplete_strict_phone_support_for_nine_point_cpps_trajectory
LA_E_1139782_0040	Boundary	True	False			official_v6_boundary_cpps_invalid_or_incomplete_support
LA_E_1139782_0040	Interior_A	True	False	-80.0000000000054	-79.99999999999774	incomplete_strict_phone_support_for_nine_point_cpps_trajectory
LA_E_1139782_0040	Interior_B	True	False	-160.0000000000037	-159.99999999999602	incomplete_strict_phone_support_for_nine_point_cpps_trajectory
LA_E_1139782_0046	Boundary	True	False			official_v6_boundary_cpps_invalid_or_incomplete_support
LA_E_1139782_0046	Interior_A	True	True	159.9999999999966	160.00000000000426	
LA_E_1139782_0046	Interior_B	True	False	-79.9999999999983	-80.00000000000485	incomplete_strict_phone_support_for_nine_point_cpps_trajectory
LA_E_1139782_0047	Boundary	True	False			official_v6_boundary_cpps_invalid_or_incomplete_support
LA_E_1139782_0047	Interior_A	True	False	-79.9999999999983	-80.00000000000485	incomplete_strict_phone_support_for_nine_point_cpps_trajectory
LA_E_1139782_0047	Interior_B	True	False	-159.9999999999966	-160.00000000000313	incomplete_strict_phone_support_for_nine_point_cpps_trajectory
LA_E_1139782_0048	Boundary	True	False			official_v6_boundary_cpps_invalid_or_incomplete_support
LA_E_1139782_0048	Interior_A	True	False	-159.9999999999966	-160.00000000000313	incomplete_strict_phone_support_for_nine_point_cpps_trajectory
LA_E_1139782_0048	Interior_B	True	False	-79.9999999999983	-80.00000000000485	incomplete_strict_phone_support_for_nine_point_cpps_trajectory
LA_E_1139782_0049	Boundary	True	False			official_v6_boundary_cpps_invalid_or_incomplete_support
LA_E_1139782_0049	Interior_A	True	False	-79.9999999999983	-80.00000000000485	incomplete_strict_phone_support_for_nine_point_cpps_trajectory
LA_E_1139782_0049	Interior_B	True	False	-79.9999999999983	-79.99999999999774	incomplete_strict_phone_support_for_nine_point_cpps_trajectory
LA_E_1139782_0052	Boundary	True	False			official_v6_boundary_cpps_invalid_or_incomplete_support
LA_E_1139782_0052	Interior_A	True	True	399.9999999999986	399.99999999999915	
LA_E_1139782_0052	Interior_B	True	True	320.0000000000003	320.00000000000085	
LA_E_1139782_0053	Boundary	True	False			official_v6_boundary_cpps_invalid_or_incomplete_support
LA_E_1139782_0053	Interior_A	True	True	320.0000000000003	320.00000000000085	
LA_E_1139782_0053	Interior_B	True	True	320.0000000000003	319.99999999999375	
LA_E_1141204_0011	Boundary	True	True			
LA_E_1141204_0011	Interior_A	True	False	-80.00000000000007	-80.0000000000013	incomplete_strict_phone_support_for_nine_point_cpps_trajectory
LA_E_1141204_0011	Interior_B	True	False	-160.00000000000014	-159.99999999999957	incomplete_strict_phone_support_for_nine_point_cpps_trajectory
LA_E_1141204_0012	Boundary	True	False			official_v6_boundary_cpps_invalid_or_incomplete_support
LA_E_1141204_0012	Interior_A	True	False	-160.00000000000014	-159.99999999999957	incomplete_strict_phone_support_for_nine_point_cpps_trajectory
LA_E_1141204_0012	Interior_B	True	True	79.9999999999983	80.00000000000063	
LA_E_1141204_0013	Boundary	True	False			official_v6_boundary_cpps_invalid_or_incomplete_support
LA_E_1141204_0013	Interior_A	True	True	79.9999999999983	80.00000000000063	
LA_E_1141204_0013	Interior_B	True	True	239.99999999999844	240.00000000000077	
LA_E_1141204_0020	Boundary	True	True			
LA_E_1141204_0020	Interior_A	True	True	79.9999999999983	80.0000000000024	
LA_E_1141204_0020	Interior_B	True	False	-3.552713678800501e-12	5.551115123125783e-13	incomplete_strict_phone_support_for_nine_point_cpps_trajectory
LA_E_1141204_0021	Boundary	True	True			
LA_E_1141204_0021	Interior_A	True	False	-3.552713678800501e-12	5.551115123125783e-13	incomplete_strict_phone_support_for_nine_point_cpps_trajectory
LA_E_1141204_0021	Interior_B	True	True	80.00000000000185	79.99999999999885	
LA_E_1141204_0024	Boundary	True	False			official_v6_boundary_cpps_invalid_or_incomplete_support
LA_E_1141204_0024	Interior_A	True	True	160.00000000000014	159.99999999999716	
LA_E_1141204_0024	Interior_B	True	True	400.00000000000216	399.99999999999915	
LA_E_1141204_0028	Boundary	True	True			
LA_E_1141204_0028	Interior_A	True	False	-160.0000000000037	-159.99999999999957	incomplete_strict_phone_support_for_nine_point_cpps_trajectory
LA_E_1141204_0028	Interior_B	True	False	-79.9999999999983	-80.0000000000013	incomplete_strict_phone_support_for_nine_point_cpps_trajectory
LA_E_1141204_0032	Boundary	True	True			
LA_E_1141204_0032	Interior_A	True	False	-79.9999999999983	-79.99999999999774	incomplete_strict_phone_support_for_nine_point_cpps_trajectory
LA_E_1141204_0032	Interior_B	True	False	0.0	5.551115123125783e-13	incomplete_strict_phone_support_for_nine_point_cpps_trajectory
LA_E_1141204_0033	Boundary	True	True			
LA_E_1141204_0033	Interior_A	True	False	0.0	5.551115123125783e-13	incomplete_strict_phone_support_for_nine_point_cpps_trajectory
LA_E_1141204_0033	Interior_B	True	True	159.9999999999966	159.99999999999716	
LA_E_1141204_0037	Boundary	True	True			
LA_E_1141204_0037	Interior_A	True	False	-159.9999999999966	-160.00000000000313	incomplete_strict_phone_support_for_nine_point_cpps_trajectory
LA_E_1141204_0037	Interior_B	True	False	-79.9999999999983	-80.00000000000485	incomplete_strict_phone_support_for_nine_point_cpps_trajectory
LA_E_1141204_0038	Boundary	True	False			official_v6_boundary_cpps_invalid_or_incomplete_support
LA_E_1141204_0038	Interior_A	True	False	-79.9999999999983	-80.00000000000485	incomplete_strict_phone_support_for_nine_point_cpps_trajectory
LA_E_1141204_0038	Interior_B	True	False	0.0	5.551115123125783e-13	incomplete_strict_phone_support_for_nine_point_cpps_trajectory
LA_E_1141204_0039	Boundary	True	False			official_v6_boundary_cpps_invalid_or_incomplete_support
LA_E_1141204_0039	Interior_A	True	False	0.0	5.551115123125783e-13	incomplete_strict_phone_support_for_nine_point_cpps_trajectory
LA_E_1141204_0039	Interior_B	True	False	-159.9999999999966	-160.00000000000313	incomplete_strict_phone_support_for_nine_point_cpps_trajectory
LA_E_1141204_0043	Boundary	True	True			
LA_E_1141204_0043	Interior_A	True	True	160.0000000000037	159.99999999999716	
LA_E_1141204_0043	Interior_B	True	False	-80.0000000000054	-79.99999999999774	incomplete_strict_phone_support_for_nine_point_cpps_trajectory
LA_E_1141204_0044	Boundary	True	True			
LA_E_1141204_0044	Interior_A	True	False	-80.0000000000054	-79.99999999999774	incomplete_strict_phone_support_for_nine_point_cpps_trajectory
LA_E_1141204_0044	Interior_B	True	False	-79.9999999999983	-80.00000000000485	incomplete_strict_phone_support_for_nine_point_cpps_trajectory
LA_E_1141204_0045	Boundary	True	False			official_v6_boundary_cpps_invalid_or_incomplete_support
LA_E_1141204_0045	Interior_A	True	False	-79.9999999999983	-80.00000000000485	incomplete_strict_phone_support_for_nine_point_cpps_trajectory
LA_E_1141204_0045	Interior_B	True	True	240.000000000002	240.00000000000256	
LA_E_1141204_0050	Boundary	True	True			
LA_E_1141204_0050	Interior_A	True	False	-79.9999999999983	-80.00000000000485	incomplete_strict_phone_support_for_nine_point_cpps_trajectory
LA_E_1141204_0050	Interior_B	True	False	-79.9999999999983	-79.99999999999774	incomplete_strict_phone_support_for_nine_point_cpps_trajectory
LA_E_1141204_0051	Boundary	True	True			
LA_E_1141204_0051	Interior_A	True	False	-79.9999999999983	-79.99999999999774	incomplete_strict_phone_support_for_nine_point_cpps_trajectory
LA_E_1141204_0051	Interior_B	True	True	320.0000000000003	319.99999999999375	
LA_E_1141204_0056	Boundary	True	False			official_v6_boundary_cpps_invalid_or_incomplete_support
LA_E_1141204_0056	Interior_A	True	False	-79.9999999999983	-80.00000000000485	incomplete_strict_phone_support_for_nine_point_cpps_trajectory
LA_E_1141204_0056	Interior_B	True	False	-159.9999999999966	-160.00000000000313	incomplete_strict_phone_support_for_nine_point_cpps_trajectory
LA_E_1141204_0057	Boundary	True	True			
LA_E_1141204_0057	Interior_A	True	False	-159.9999999999966	-160.00000000000313	incomplete_strict_phone_support_for_nine_point_cpps_trajectory
LA_E_1141204_0057	Interior_B	True	True	160.0000000000037	159.99999999999716	
LA_E_1141204_0058	Boundary	True	True			
LA_E_1141204_0058	Interior_A	True	True	160.0000000000037	159.99999999999716	
LA_E_1141204_0058	Interior_B	True	False	-159.9999999999966	-160.00000000000313	incomplete_strict_phone_support_for_nine_point_cpps_trajectory
LA_E_1141204_0059	Boundary	True	True			
LA_E_1141204_0059	Interior_A	True	False	-159.9999999999966	-160.00000000000313	incomplete_strict_phone_support_for_nine_point_cpps_trajectory
LA_E_1141204_0059	Interior_B	True	False	-79.9999999999983	-79.99999999999774	incomplete_strict_phone_support_for_nine_point_cpps_trajectory
LA_E_1141204_0060	Boundary	True	True			
LA_E_1141204_0060	Interior_A	True	False	-79.9999999999983	-79.99999999999774	incomplete_strict_phone_support_for_nine_point_cpps_trajectory
LA_E_1141204_0060	Interior_B	True	False	-160.0000000000108	-159.99999999999602	incomplete_strict_phone_support_for_nine_point_cpps_trajectory
LA_E_1141204_0061	Boundary	True	True			
LA_E_1141204_0061	Interior_A	True	False	-160.0000000000108	-159.99999999999602	incomplete_strict_phone_support_for_nine_point_cpps_trajectory
LA_E_1141204_0061	Interior_B	True	False	-79.9999999999983	-79.99999999999774	incomplete_strict_phone_support_for_nine_point_cpps_trajectory
LA_E_1141204_0062	Boundary	True	False			official_v6_boundary_cpps_invalid_or_incomplete_support
LA_E_1141204_0062	Interior_A	True	False	-79.9999999999983	-79.99999999999774	incomplete_strict_phone_support_for_nine_point_cpps_trajectory
LA_E_1141204_0062	Interior_B	True	False	0.0	5.551115123125783e-13	incomplete_strict_phone_support_for_nine_point_cpps_trajectory
LA_E_1141204_0063	Boundary	True	False			official_v6_boundary_cpps_invalid_or_incomplete_support
LA_E_1141204_0063	Interior_A	True	False	0.0	5.551115123125783e-13	incomplete_strict_phone_support_for_nine_point_cpps_trajectory
LA_E_1141204_0063	Interior_B	True	True	79.9999999999983	79.99999999999885	
LA_E_1141204_0064	Boundary	True	False			official_v6_boundary_cpps_invalid_or_incomplete_support
LA_E_1141204_0064	Interior_A	True	True	79.9999999999983	79.99999999999885	
LA_E_1141204_0064	Interior_B	True	True	159.9999999999966	159.99999999999716	
LA_E_1141204_0071	Boundary	True	False			official_v6_boundary_cpps_invalid_or_incomplete_support
LA_E_1141204_0071	Interior_A	True	True	400.0000000000057	399.99999999999204	
LA_E_1141204_0071	Interior_B	True	True	79.9999999999983	79.99999999999885	
LA_E_1141204_0072	Boundary	True	True			
LA_E_1141204_0072	Interior_A	True	True	79.9999999999983	79.99999999999885	
LA_E_1141204_0072	Interior_B	True	True	879.9999999999955	879.999999999996	
LA_E_1141252_0008	Boundary	True	True			
LA_E_1141252_0008	Interior_A	True	False	-8.881784197001252e-13	1.4432899320127035e-12	incomplete_strict_phone_support_for_nine_point_cpps_trajectory
LA_E_1141252_0008	Interior_B	True	False	8.881784197001252e-13	-1.2212453270876722e-12	incomplete_strict_phone_support_for_nine_point_cpps_trajectory
LA_E_1141252_0019	Boundary	True	False			official_v6_boundary_cpps_invalid_or_incomplete_support
LA_E_1141252_0019	Interior_A	True	True	80.00000000000185	79.99999999999885	
LA_E_1141252_0019	Interior_B	True	True	399.9999999999986	399.99999999999915	
LA_E_1141252_0020	Boundary	True	True			
LA_E_1141252_0020	Interior_A	True	True	399.9999999999986	399.99999999999915	
LA_E_1141252_0020	Interior_B	True	True	79.9999999999983	80.0000000000024	
LA_E_1141252_0021	Boundary	True	True			
LA_E_1141252_0021	Interior_A	True	True	79.9999999999983	80.0000000000024	
LA_E_1141252_0021	Interior_B	True	False	0.0	5.551115123125783e-13	incomplete_strict_phone_support_for_nine_point_cpps_trajectory
LA_E_1141252_0022	Boundary	True	True			
LA_E_1141252_0022	Interior_A	True	False	0.0	5.551115123125783e-13	incomplete_strict_phone_support_for_nine_point_cpps_trajectory
LA_E_1141252_0022	Interior_B	True	True	480.00000000000045	479.99999999999744	
LA_E_1141252_0023	Boundary	True	True			
LA_E_1141252_0023	Interior_A	True	True	480.00000000000045	479.99999999999744	
LA_E_1141252_0023	Interior_B	True	True	80.00000000000185	79.99999999999885	
LA_E_1141252_0032	Boundary	True	True			
LA_E_1141252_0032	Interior_A	True	True	159.9999999999966	159.99999999999716	
LA_E_1141252_0032	Interior_B	True	False	-79.9999999999983	-79.99999999999774	incomplete_strict_phone_support_for_nine_point_cpps_trajectory
LA_E_1141252_0043	Boundary	True	False			official_v6_boundary_cpps_invalid_or_incomplete_support
LA_E_1141252_0043	Interior_A	True	False	-159.9999999999966	-160.00000000000313	incomplete_strict_phone_support_for_nine_point_cpps_trajectory
LA_E_1141252_0043	Interior_B	True	True	79.9999999999983	79.99999999999885	
LA_E_1141252_0044	Boundary	True	False			official_v6_boundary_cpps_invalid_or_incomplete_support
LA_E_1141252_0044	Interior_A	True	True	79.9999999999983	79.99999999999885	
LA_E_1141252_0044	Interior_B	True	True	80.0000000000054	79.99999999999885	
LA_E_1141252_0045	Boundary	True	True			
LA_E_1141252_0045	Interior_A	True	True	80.0000000000054	79.99999999999885	
LA_E_1141252_0045	Interior_B	True	False	0.0	5.551115123125783e-13	incomplete_strict_phone_support_for_nine_point_cpps_trajectory
LA_E_1141252_0046	Boundary	True	True			
LA_E_1141252_0046	Interior_A	True	False	0.0	5.551115123125783e-13	incomplete_strict_phone_support_for_nine_point_cpps_trajectory
LA_E_1141252_0046	Interior_B	True	True	79.9999999999983	79.99999999999885	
LA_E_1141252_0047	Boundary	True	True			
LA_E_1141252_0047	Interior_A	True	True	79.9999999999983	79.99999999999885	
LA_E_1141252_0047	Interior_B	True	True	79.9999999999983	79.99999999999885	
LA_E_1145040_0002	Boundary	True	True			
LA_E_1145040_0002	Interior_A	True	False	-80.00000000000051	-79.99999999999996	incomplete_strict_phone_support_for_nine_point_cpps_trajectory
LA_E_1145040_0002	Interior_B	True	False	4.440892098500626e-13	-3.3306690738754696e-13	incomplete_strict_phone_support_for_nine_point_cpps_trajectory
LA_E_1145040_0003	Boundary	True	False			official_v6_boundary_cpps_invalid_or_incomplete_support
LA_E_1145040_0003	Interior_A	True	False	4.440892098500626e-13	-3.3306690738754696e-13	incomplete_strict_phone_support_for_nine_point_cpps_trajectory
LA_E_1145040_0003	Interior_B	True	True	320.0000000000003	319.99999999999994	
LA_E_1145040_0004	Boundary	True	False			official_v6_boundary_cpps_invalid_or_incomplete_support
LA_E_1145040_0004	Interior_A	True	True	320.0000000000003	319.99999999999994	
LA_E_1145040_0004	Interior_B	True	False	-80.00000000000007	-79.99999999999952	incomplete_strict_phone_support_for_nine_point_cpps_trajectory
LA_E_1145040_0011	Boundary	True	False			official_v6_boundary_cpps_invalid_or_incomplete_support
LA_E_1145040_0011	Interior_A	True	True	160.00000000000014	159.99999999999892	
LA_E_1145040_0011	Interior_B	True	False	-80.00000000000007	-80.0000000000013	incomplete_strict_phone_support_for_nine_point_cpps_trajectory
LA_E_1145040_0018	Boundary	True	False			official_v6_boundary_cpps_invalid_or_incomplete_support
LA_E_1145040_0018	Interior_A	True	False	-79.9999999999983	-80.0000000000013	incomplete_strict_phone_support_for_nine_point_cpps_trajectory
LA_E_1145040_0018	Interior_B	True	False	-80.00000000000185	-79.99999999999774	incomplete_strict_phone_support_for_nine_point_cpps_trajectory
LA_E_1145040_0023	Boundary	True	False			official_v6_boundary_cpps_invalid_or_incomplete_support
LA_E_1145040_0023	Interior_A	True	False	0.0	5.551115123125783e-13	incomplete_strict_phone_support_for_nine_point_cpps_trajectory
LA_E_1145040_0023	Interior_B	True	True	80.00000000000185	79.99999999999885	
LA_E_1145040_0024	Boundary	True	False			official_v6_boundary_cpps_invalid_or_incomplete_support
LA_E_1145040_0024	Interior_A	True	True	80.00000000000185	79.99999999999885	
LA_E_1145040_0024	Interior_B	True	False	-80.00000000000185	-80.0000000000013	incomplete_strict_phone_support_for_nine_point_cpps_trajectory
LA_E_1145040_0025	Boundary	True	False			official_v6_boundary_cpps_invalid_or_incomplete_support
LA_E_1145040_0025	Interior_A	True	False	-80.00000000000185	-80.0000000000013	incomplete_strict_phone_support_for_nine_point_cpps_trajectory
LA_E_1145040_0025	Interior_B	True	True	160.00000000000014	160.0000000000007	
LA_E_1145040_0026	Boundary	True	True			
LA_E_1145040_0026	Interior_A	True	True	160.00000000000014	160.0000000000007	
LA_E_1145040_0026	Interior_B	True	False	0.0	5.551115123125783e-13	incomplete_strict_phone_support_for_nine_point_cpps_trajectory
LA_E_1145040_0029	Boundary	True	True			
LA_E_1145040_0029	Interior_A	True	False	-160.00000000000014	-159.99999999999957	incomplete_strict_phone_support_for_nine_point_cpps_trajectory
LA_E_1145040_0029	Interior_B	True	False	-80.00000000000185	-79.99999999999774	incomplete_strict_phone_support_for_nine_point_cpps_trajectory
LA_E_1145040_0030	Boundary	True	True			
LA_E_1145040_0030	Interior_A	True	False	-80.00000000000185	-79.99999999999774	incomplete_strict_phone_support_for_nine_point_cpps_trajectory
LA_E_1145040_0030	Interior_B	True	True	79.9999999999983	79.99999999999885	
LA_E_1145040_0031	Boundary	True	False			official_v6_boundary_cpps_invalid_or_incomplete_support
LA_E_1145040_0031	Interior_A	True	True	79.9999999999983	79.99999999999885	
LA_E_1145040_0031	Interior_B	True	False	-79.9999999999983	-79.99999999999774	incomplete_strict_phone_support_for_nine_point_cpps_trajectory
LA_E_1145040_0032	Boundary	True	False			official_v6_boundary_cpps_invalid_or_incomplete_support
LA_E_1145040_0032	Interior_A	True	False	-79.9999999999983	-79.99999999999774	incomplete_strict_phone_support_for_nine_point_cpps_trajectory
LA_E_1145040_0032	Interior_B	True	True	639.9999999999934	640.0000000000011	
LA_E_1145040_0035	Boundary	True	False			official_v6_boundary_cpps_invalid_or_incomplete_support
LA_E_1145040_0035	Interior_A	True	False	-159.9999999999966	-160.00000000000313	incomplete_strict_phone_support_for_nine_point_cpps_trajectory
LA_E_1145040_0035	Interior_B	True	True	319.9999999999932	320.00000000000085	
LA_E_1145040_0036	Boundary	True	True			
LA_E_1145040_0036	Interior_A	True	True	319.9999999999932	320.00000000000085	
LA_E_1145040_0036	Interior_B	True	False	-79.9999999999983	-79.99999999999774	incomplete_strict_phone_support_for_nine_point_cpps_trajectory
LA_E_1145040_0039	Boundary	True	True			
LA_E_1145040_0039	Interior_A	True	False	-159.9999999999966	-160.00000000000313	incomplete_strict_phone_support_for_nine_point_cpps_trajectory
LA_E_1145040_0039	Interior_B	True	True	79.9999999999983	79.99999999999885	
LA_E_1145040_0040	Boundary	True	False			official_v6_boundary_cpps_invalid_or_incomplete_support
LA_E_1145040_0040	Interior_A	True	True	79.9999999999983	79.99999999999885	
LA_E_1145040_0040	Interior_B	True	False	-159.9999999999966	-160.00000000000313	incomplete_strict_phone_support_for_nine_point_cpps_trajectory
LA_E_1145217_0000	Boundary	True	False			official_v6_boundary_cpps_invalid_or_incomplete_support
LA_E_1145217_0000	Interior_A	True	True	400.0	400.0	
LA_E_1145217_0000	Interior_B	True	False	-80.00000000000007	-79.99999999999996	incomplete_strict_phone_support_for_nine_point_cpps_trajectory
LA_E_1145217_0001	Boundary	True	True			
LA_E_1145217_0001	Interior_A	True	False	-80.00000000000007	-79.99999999999996	incomplete_strict_phone_support_for_nine_point_cpps_trajectory
LA_E_1145217_0001	Interior_B	True	False	-160.00000000000014	-160.00000000000048	incomplete_strict_phone_support_for_nine_point_cpps_trajectory
LA_E_1145217_0007	Boundary	True	False			official_v6_boundary_cpps_invalid_or_incomplete_support
LA_E_1145217_0007	Interior_A	True	False	-159.99999999999926	-159.99999999999957	incomplete_strict_phone_support_for_nine_point_cpps_trajectory
LA_E_1145217_0007	Interior_B	True	False	-80.00000000000185	-79.99999999999952	incomplete_strict_phone_support_for_nine_point_cpps_trajectory
LA_E_1145217_0010	Boundary	True	False			official_v6_boundary_cpps_invalid_or_incomplete_support
LA_E_1145217_0010	Interior_A	True	True	80.00000000000007	79.99999999999885	
LA_E_1145217_0010	Interior_B	True	False	0.0	-1.2212453270876722e-12	incomplete_strict_phone_support_for_nine_point_cpps_trajectory
LA_E_1145217_0017	Boundary	True	False			official_v6_boundary_cpps_invalid_or_incomplete_support
LA_E_1145217_0017	Interior_A	True	False	-160.00000000000014	-159.99999999999957	incomplete_strict_phone_support_for_nine_point_cpps_trajectory
LA_E_1145217_0017	Interior_B	True	True	79.9999999999983	79.99999999999885	
LA_E_1145217_0018	Boundary	True	False			official_v6_boundary_cpps_invalid_or_incomplete_support
LA_E_1145217_0018	Interior_A	True	True	79.9999999999983	79.99999999999885	
LA_E_1145217_0018	Interior_B	True	False	-160.00000000000014	-159.99999999999957	incomplete_strict_phone_support_for_nine_point_cpps_trajectory
LA_E_1145217_0019	Boundary	True	True			
LA_E_1145217_0019	Interior_A	True	False	-160.00000000000014	-159.99999999999957	incomplete_strict_phone_support_for_nine_point_cpps_trajectory
LA_E_1145217_0019	Interior_B	True	True	239.99999999999844	239.999999999999	
LA_E_1145217_0020	Boundary	True	True			
LA_E_1145217_0020	Interior_A	True	True	239.99999999999844	239.999999999999	
LA_E_1145217_0020	Interior_B	True	True	160.00000000000014	160.0000000000007	
LA_E_1145217_0021	Boundary	True	True			
LA_E_1145217_0021	Interior_A	True	True	160.00000000000014	160.0000000000007	
LA_E_1145217_0021	Interior_B	True	False	-80.00000000000185	-79.99999999999774	incomplete_strict_phone_support_for_nine_point_cpps_trajectory
LA_E_1145217_0022	Boundary	True	True			
LA_E_1145217_0022	Interior_A	True	False	-80.00000000000185	-79.99999999999774	incomplete_strict_phone_support_for_nine_point_cpps_trajectory
LA_E_1145217_0022	Interior_B	True	True	399.9999999999986	399.99999999999915	
LA_E_1145217_0025	Boundary	True	False			official_v6_boundary_cpps_invalid_or_incomplete_support
LA_E_1145217_0025	Interior_A	True	True	79.9999999999983	80.0000000000024	
LA_E_1145217_0025	Interior_B	True	False	-160.00000000000014	-160.00000000000313	incomplete_strict_phone_support_for_nine_point_cpps_trajectory
LA_E_1145217_0029	Boundary	True	True			
LA_E_1145217_0029	Interior_A	True	False	-79.9999999999983	-79.99999999999774	incomplete_strict_phone_support_for_nine_point_cpps_trajectory
LA_E_1145217_0029	Interior_B	True	False	0.0	5.551115123125783e-13	incomplete_strict_phone_support_for_nine_point_cpps_trajectory
LA_E_1145217_0032	Boundary	True	False			official_v6_boundary_cpps_invalid_or_incomplete_support
LA_E_1145217_0032	Interior_A	True	False	-160.0000000000037	-159.99999999999602	incomplete_strict_phone_support_for_nine_point_cpps_trajectory
LA_E_1145217_0032	Interior_B	True	True	79.9999999999983	79.99999999999885	
LA_E_1145217_0033	Boundary	True	True			
LA_E_1145217_0033	Interior_A	True	True	79.9999999999983	79.99999999999885	
LA_E_1145217_0033	Interior_B	True	False	0.0	5.551115123125783e-13	incomplete_strict_phone_support_for_nine_point_cpps_trajectory
LA_E_1145217_0034	Boundary	True	False			official_v6_boundary_cpps_invalid_or_incomplete_support
LA_E_1145217_0034	Interior_A	True	False	0.0	5.551115123125783e-13	incomplete_strict_phone_support_for_nine_point_cpps_trajectory
LA_E_1145217_0034	Interior_B	True	True	240.000000000002	239.99999999999545	
LA_E_1145217_0037	Boundary	True	False			official_v6_boundary_cpps_invalid_or_incomplete_support
LA_E_1145217_0037	Interior_A	True	False	0.0	5.551115123125783e-13	incomplete_strict_phone_support_for_nine_point_cpps_trajectory
LA_E_1145217_0037	Interior_B	True	True	159.9999999999966	159.99999999999716	
LA_E_1145260_0000	Boundary	True	False			official_v6_boundary_cpps_invalid_or_incomplete_support
LA_E_1145260_0000	Interior_A	True	True	79.99999999999996	79.99999999999996	
LA_E_1145260_0000	Interior_B	True	False	-160.00000000000014	-160.00000000000003	incomplete_strict_phone_support_for_nine_point_cpps_trajectory
LA_E_1145260_0001	Boundary	True	False			official_v6_boundary_cpps_invalid_or_incomplete_support
LA_E_1145260_0001	Interior_A	True	False	-160.00000000000014	-160.00000000000003	incomplete_strict_phone_support_for_nine_point_cpps_trajectory
LA_E_1145260_0001	Interior_B	True	False	-160.00000000000014	-160.00000000000003	incomplete_strict_phone_support_for_nine_point_cpps_trajectory
LA_E_1145260_0016	Boundary	True	False			official_v6_boundary_cpps_invalid_or_incomplete_support
LA_E_1145260_0016	Interior_A	True	True	79.9999999999983	80.0000000000024	
LA_E_1145260_0016	Interior_B	True	False	-80.00000000000185	-80.0000000000013	incomplete_strict_phone_support_for_nine_point_cpps_trajectory
LA_E_1145260_0017	Boundary	True	False			official_v6_boundary_cpps_invalid_or_incomplete_support
LA_E_1145260_0017	Interior_A	True	False	-80.00000000000185	-80.0000000000013	incomplete_strict_phone_support_for_nine_point_cpps_trajectory
LA_E_1145260_0017	Interior_B	True	True	80.00000000000185	79.99999999999885	
LA_E_1145260_0033	Boundary	True	False			official_v6_boundary_cpps_invalid_or_incomplete_support
LA_E_1145260_0033	Interior_A	True	True	399.9999999999986	399.99999999999915	
LA_E_1145260_0033	Interior_B	True	False	0.0	5.551115123125783e-13	incomplete_strict_phone_support_for_nine_point_cpps_trajectory
LA_E_1145260_0038	Boundary	True	True			
LA_E_1145260_0038	Interior_A	True	False	-160.0000000000037	-160.00000000000313	incomplete_strict_phone_support_for_nine_point_cpps_trajectory
LA_E_1145260_0038	Interior_B	True	True	160.0000000000037	159.99999999999716	
LA_E_1145260_0051	Boundary	True	False			official_v6_boundary_cpps_invalid_or_incomplete_support
LA_E_1145260_0051	Interior_A	True	True	240.000000000002	240.00000000000256	
LA_E_1145260_0051	Interior_B	True	False	-79.9999999999983	-80.00000000000485	incomplete_strict_phone_support_for_nine_point_cpps_trajectory
LA_E_1145260_0055	Boundary	True	True			
LA_E_1145260_0055	Interior_A	True	True	160.0000000000037	159.99999999999716	
LA_E_1145260_0055	Interior_B	True	True	799.9999999999972	799.9999999999977	
LA_E_1145260_0056	Boundary	True	False			official_v6_boundary_cpps_invalid_or_incomplete_support
LA_E_1145260_0056	Interior_A	True	True	799.9999999999972	799.9999999999977	
LA_E_1145260_0056	Interior_B	True	False	-79.9999999999983	-79.99999999999774	incomplete_strict_phone_support_for_nine_point_cpps_trajectory
LA_E_1145260_0057	Boundary	True	False			official_v6_boundary_cpps_invalid_or_incomplete_support
LA_E_1145260_0057	Interior_A	True	False	-79.9999999999983	-79.99999999999774	incomplete_strict_phone_support_for_nine_point_cpps_trajectory
LA_E_1145260_0057	Interior_B	True	False	-79.9999999999983	-80.00000000000485	incomplete_strict_phone_support_for_nine_point_cpps_trajectory
LA_E_1145260_0058	Boundary	True	False			official_v6_boundary_cpps_invalid_or_incomplete_support
LA_E_1145260_0058	Interior_A	True	False	-79.9999999999983	-80.00000000000485	incomplete_strict_phone_support_for_nine_point_cpps_trajectory
LA_E_1145260_0058	Interior_B	True	False	-79.9999999999983	-80.00000000000485	incomplete_strict_phone_support_for_nine_point_cpps_trajectory
LA_E_1145260_0061	Boundary	True	False			official_v6_boundary_cpps_invalid_or_incomplete_support
LA_E_1145260_0061	Interior_A	True	False	-160.0000000000037	-159.99999999999602	incomplete_strict_phone_support_for_nine_point_cpps_trajectory
LA_E_1145260_0061	Interior_B	True	False	-80.0000000000054	-79.99999999999774	incomplete_strict_phone_support_for_nine_point_cpps_trajectory
LA_E_1145260_0062	Boundary	True	True			
LA_E_1145260_0062	Interior_A	True	False	-80.0000000000054	-79.99999999999774	incomplete_strict_phone_support_for_nine_point_cpps_trajectory
LA_E_1145260_0062	Interior_B	True	True	399.9999999999986	399.99999999999915	
LA_E_1145260_0069	Boundary	True	False			official_v6_boundary_cpps_invalid_or_incomplete_support
LA_E_1145260_0069	Interior_A	True	True	79.9999999999983	79.99999999999885	
LA_E_1145260_0069	Interior_B	True	False	0.0	5.551115123125783e-13	incomplete_strict_phone_support_for_nine_point_cpps_trajectory
LA_E_1145260_0076	Boundary	True	False			official_v6_boundary_cpps_invalid_or_incomplete_support
LA_E_1145260_0076	Interior_A	True	False	0.0	5.551115123125783e-13	incomplete_strict_phone_support_for_nine_point_cpps_trajectory
LA_E_1145260_0076	Interior_B	True	True	239.99999999999488	240.00000000000966	
LA_E_1145260_0077	Boundary	True	False			official_v6_boundary_cpps_invalid_or_incomplete_support
LA_E_1145260_0077	Interior_A	True	True	239.99999999999488	240.00000000000966	
LA_E_1145260_0077	Interior_B	True	False	-159.9999999999966	-160.00000000001023	incomplete_strict_phone_support_for_nine_point_cpps_trajectory
LA_E_1145260_0078	Boundary	True	False			official_v6_boundary_cpps_invalid_or_incomplete_support
LA_E_1145260_0078	Interior_A	True	False	-159.9999999999966	-160.00000000001023	incomplete_strict_phone_support_for_nine_point_cpps_trajectory
LA_E_1145260_0078	Interior_B	True	False	0.0	5.551115123125783e-13	incomplete_strict_phone_support_for_nine_point_cpps_trajectory
LA_E_1145260_0083	Boundary	True	True			
LA_E_1145260_0083	Interior_A	True	False	-159.9999999999966	-159.99999999999602	incomplete_strict_phone_support_for_nine_point_cpps_trajectory
LA_E_1145260_0083	Interior_B	True	True	159.9999999999966	159.99999999999716	
LA_E_1145260_0084	Boundary	True	False			official_v6_boundary_cpps_invalid_or_incomplete_support
LA_E_1145260_0084	Interior_A	True	True	159.9999999999966	159.99999999999716	
LA_E_1145260_0084	Interior_B	True	False	-79.9999999999983	-79.99999999999774	incomplete_strict_phone_support_for_nine_point_cpps_trajectory
LA_E_1145260_0089	Boundary	True	True			
LA_E_1145260_0089	Interior_A	True	False	-79.9999999999983	-80.00000000001195	incomplete_strict_phone_support_for_nine_point_cpps_trajectory
LA_E_1145260_0089	Interior_B	True	False	0.0	5.551115123125783e-13	incomplete_strict_phone_support_for_nine_point_cpps_trajectory
LA_E_1145260_0092	Boundary	True	False			official_v6_boundary_cpps_invalid_or_incomplete_support
LA_E_1145260_0092	Interior_A	True	False	-159.9999999999966	-159.99999999999602	incomplete_strict_phone_support_for_nine_point_cpps_trajectory
LA_E_1145260_0092	Interior_B	True	True	239.99999999999488	239.99999999999545	
LA_E_1145260_0093	Boundary	True	False			official_v6_boundary_cpps_invalid_or_incomplete_support
LA_E_1145260_0093	Interior_A	True	True	239.99999999999488	239.99999999999545	
LA_E_1145260_0093	Interior_B	True	False	0.0	5.551115123125783e-13	incomplete_strict_phone_support_for_nine_point_cpps_trajectory
LA_E_1145260_0094	Boundary	True	True			
LA_E_1145260_0094	Interior_A	True	False	0.0	5.551115123125783e-13	incomplete_strict_phone_support_for_nine_point_cpps_trajectory
LA_E_1145260_0094	Interior_B	True	False	0.0	5.551115123125783e-13	incomplete_strict_phone_support_for_nine_point_cpps_trajectory
LA_E_1145260_0101	Boundary	True	False			official_v6_boundary_cpps_invalid_or_incomplete_support
LA_E_1145260_0101	Interior_A	True	True	159.9999999999966	159.99999999999716	
LA_E_1145260_0101	Interior_B	True	False	0.0	5.551115123125783e-13	incomplete_strict_phone_support_for_nine_point_cpps_trajectory
LA_E_1145260_0102	Boundary	True	False			official_v6_boundary_cpps_invalid_or_incomplete_support
LA_E_1145260_0102	Interior_A	True	False	0.0	5.551115123125783e-13	incomplete_strict_phone_support_for_nine_point_cpps_trajectory
LA_E_1145260_0102	Interior_B	True	False	-79.9999999999983	-79.99999999999774	incomplete_strict_phone_support_for_nine_point_cpps_trajectory
LA_E_1145260_0110	Boundary	True	False			official_v6_boundary_cpps_invalid_or_incomplete_support
LA_E_1145260_0110	Interior_A	True	False	-80.0000000000125	-79.99999999999774	incomplete_strict_phone_support_for_nine_point_cpps_trajectory
LA_E_1145260_0110	Interior_B	True	True	160.0000000000108	159.99999999999716	
LA_E_1145260_0111	Boundary	True	False			official_v6_boundary_cpps_invalid_or_incomplete_support
LA_E_1145260_0111	Interior_A	True	True	160.0000000000108	159.99999999999716	
LA_E_1145260_0111	Interior_B	True	False	-159.9999999999966	-160.00000000001023	incomplete_strict_phone_support_for_nine_point_cpps_trajectory
LA_E_1145260_0115	Boundary	True	False			official_v6_boundary_cpps_invalid_or_incomplete_support
LA_E_1145260_0115	Interior_A	True	True	160.0000000000108	159.99999999999716	
LA_E_1145260_0115	Interior_B	True	True	799.9999999999972	799.9999999999977	
LA_E_1145549_0000	Boundary	True	False			official_v6_boundary_cpps_invalid_or_incomplete_support
LA_E_1145549_0000	Interior_A	True	False	-79.99999999999996	-79.99999999999996	incomplete_strict_phone_support_for_nine_point_cpps_trajectory
LA_E_1145549_0000	Interior_B	True	False	-160.00000000000014	-160.00000000000003	incomplete_strict_phone_support_for_nine_point_cpps_trajectory
LA_E_1145549_0010	Boundary	True	False			official_v6_boundary_cpps_invalid_or_incomplete_support
LA_E_1145549_0010	Interior_A	True	False	-160.00000000000193	-159.99999999999957	incomplete_strict_phone_support_for_nine_point_cpps_trajectory
LA_E_1145549_0010	Interior_B	True	True	320.0000000000003	319.9999999999991	
LA_E_1145549_0016	Boundary	True	True			
LA_E_1145549_0016	Interior_A	True	False	-79.9999999999983	-80.0000000000013	incomplete_strict_phone_support_for_nine_point_cpps_trajectory
LA_E_1145549_0016	Interior_B	True	True	239.99999999999844	239.999999999999	
LA_E_1145857_0002	Boundary	True	False			official_v6_boundary_cpps_invalid_or_incomplete_support
LA_E_1145857_0002	Interior_A	True	False	-80.00000000000185	-79.99999999999952	incomplete_strict_phone_support_for_nine_point_cpps_trajectory
LA_E_1145857_0002	Interior_B	True	True	479.99999999999864	480.00000000000097	
LA_E_1145857_0003	Boundary	True	True			
LA_E_1145857_0003	Interior_A	True	True	479.99999999999864	480.00000000000097	
LA_E_1145857_0003	Interior_B	True	False	0.0	5.551115123125783e-13	incomplete_strict_phone_support_for_nine_point_cpps_trajectory
LA_E_1145857_0004	Boundary	True	False			official_v6_boundary_cpps_invalid_or_incomplete_support
LA_E_1145857_0004	Interior_A	True	False	0.0	5.551115123125783e-13	incomplete_strict_phone_support_for_nine_point_cpps_trajectory
LA_E_1145857_0004	Interior_B	True	True	399.9999999999986	399.99999999999915	
LA_E_1145857_0005	Boundary	True	False			official_v6_boundary_cpps_invalid_or_incomplete_support
LA_E_1145857_0005	Interior_A	True	True	399.9999999999986	399.99999999999915	
LA_E_1145857_0005	Interior_B	True	True	1199.9999999999993	1199.9999999999998	
LA_E_1145857_0006	Boundary	True	True			
LA_E_1145857_0006	Interior_A	True	True	1199.9999999999993	1199.9999999999998	
LA_E_1145857_0006	Interior_B	True	True	160.00000000000014	160.0000000000007	
LA_E_1145857_0009	Boundary	True	True			
LA_E_1145857_0009	Interior_A	True	False	-160.00000000000014	-159.99999999999957	incomplete_strict_phone_support_for_nine_point_cpps_trajectory
LA_E_1145857_0009	Interior_B	True	False	-80.00000000000185	-79.99999999999774	incomplete_strict_phone_support_for_nine_point_cpps_trajectory
LA_E_1145857_0010	Boundary	True	True			
LA_E_1145857_0010	Interior_A	True	False	-80.00000000000185	-79.99999999999774	incomplete_strict_phone_support_for_nine_point_cpps_trajectory
LA_E_1145857_0010	Interior_B	True	False	-80.00000000000185	-80.0000000000013	incomplete_strict_phone_support_for_nine_point_cpps_trajectory
LA_E_1145857_0011	Boundary	True	True			
LA_E_1145857_0011	Interior_A	True	False	-80.00000000000185	-80.0000000000013	incomplete_strict_phone_support_for_nine_point_cpps_trajectory
LA_E_1145857_0011	Interior_B	True	True	479.9999999999969	480.00000000000455	
LA_E_1145857_0015	Boundary	True	True			
LA_E_1145857_0015	Interior_A	True	False	0.0	5.551115123125783e-13	incomplete_strict_phone_support_for_nine_point_cpps_trajectory
LA_E_1145857_0015	Interior_B	True	False	-160.0000000000037	-160.00000000000313	incomplete_strict_phone_support_for_nine_point_cpps_trajectory
LA_E_1145857_0016	Boundary	True	False			official_v6_boundary_cpps_invalid_or_incomplete_support
LA_E_1145857_0016	Interior_A	True	False	-160.0000000000037	-160.00000000000313	incomplete_strict_phone_support_for_nine_point_cpps_trajectory
LA_E_1145857_0016	Interior_B	True	True	400.0000000000057	399.99999999999915	
LA_E_1145857_0020	Boundary	True	True			
LA_E_1145857_0020	Interior_A	True	True	79.9999999999983	79.99999999999885	
LA_E_1145857_0020	Interior_B	True	False	0.0	5.551115123125783e-13	incomplete_strict_phone_support_for_nine_point_cpps_trajectory
LA_E_1145857_0021	Boundary	True	False			official_v6_boundary_cpps_invalid_or_incomplete_support
LA_E_1145857_0021	Interior_A	True	False	0.0	5.551115123125783e-13	incomplete_strict_phone_support_for_nine_point_cpps_trajectory
LA_E_1145857_0021	Interior_B	True	True	320.0000000000003	320.00000000000085	
LA_E_1145857_0022	Boundary	True	False			official_v6_boundary_cpps_invalid_or_incomplete_support
LA_E_1145857_0022	Interior_A	True	True	320.0000000000003	320.00000000000085	
LA_E_1145857_0022	Interior_B	True	True	240.000000000002	239.99999999999545	
LA_E_1145857_0023	Boundary	True	False			official_v6_boundary_cpps_invalid_or_incomplete_support
LA_E_1145857_0023	Interior_A	True	True	240.000000000002	239.99999999999545	
LA_E_1145857_0023	Interior_B	True	False	0.0	5.551115123125783e-13	incomplete_strict_phone_support_for_nine_point_cpps_trajectory
LA_E_1145857_0026	Boundary	True	True			
LA_E_1145857_0026	Interior_A	True	False	-160.0000000000037	-160.00000000000313	incomplete_strict_phone_support_for_nine_point_cpps_trajectory
LA_E_1145857_0026	Interior_B	True	True	320.0000000000003	320.00000000000085	
LA_E_1145857_0027	Boundary	True	False			official_v6_boundary_cpps_invalid_or_incomplete_support
LA_E_1145857_0027	Interior_A	True	True	320.0000000000003	320.00000000000085	
LA_E_1145857_0027	Interior_B	True	False	-79.9999999999983	-79.99999999999774	incomplete_strict_phone_support_for_nine_point_cpps_trajectory
LA_E_1145857_0028	Boundary	True	False			official_v6_boundary_cpps_invalid_or_incomplete_support
LA_E_1145857_0028	Interior_A	True	False	-79.9999999999983	-79.99999999999774	incomplete_strict_phone_support_for_nine_point_cpps_trajectory
LA_E_1145857_0028	Interior_B	True	False	-160.0000000000037	-160.00000000000313	incomplete_strict_phone_support_for_nine_point_cpps_trajectory
LA_E_1145857_0029	Boundary	True	True			
LA_E_1145857_0029	Interior_A	True	False	-160.0000000000037	-160.00000000000313	incomplete_strict_phone_support_for_nine_point_cpps_trajectory
LA_E_1145857_0029	Interior_B	True	True	560.0000000000023	560.0000000000028	
LA_E_1146007_0006	Boundary	True	True			
LA_E_1146007_0006	Interior_A	True	False	-79.99999999999918	-80.0000000000004	incomplete_strict_phone_support_for_nine_point_cpps_trajectory
LA_E_1146007_0006	Interior_B	True	False	0.0	5.551115123125783e-13	incomplete_strict_phone_support_for_nine_point_cpps_trajectory
LA_E_1146007_0020	Boundary	True	False			official_v6_boundary_cpps_invalid_or_incomplete_support
LA_E_1146007_0020	Interior_A	True	False	0.0	5.551115123125783e-13	incomplete_strict_phone_support_for_nine_point_cpps_trajectory
LA_E_1146007_0020	Interior_B	True	False	-80.00000000000185	-79.99999999999774	incomplete_strict_phone_support_for_nine_point_cpps_trajectory
LA_E_1146007_0021	Boundary	True	True			
LA_E_1146007_0021	Interior_A	True	False	-80.00000000000185	-79.99999999999774	incomplete_strict_phone_support_for_nine_point_cpps_trajectory
LA_E_1146007_0021	Interior_B	True	True	1279.9999999999975	1280.0000000000016	
LA_E_1148443_0000	Boundary	True	True			
LA_E_1148443_0000	Interior_A	True	True	399.9999999999999	400.00000000000045	
LA_E_1148443_0000	Interior_B	True	False	0.0	-3.3306690738754696e-13	incomplete_strict_phone_support_for_nine_point_cpps_trajectory
LA_E_1148443_0001	Boundary	True	True			
LA_E_1148443_0001	Interior_A	True	False	0.0	-3.3306690738754696e-13	incomplete_strict_phone_support_for_nine_point_cpps_trajectory
LA_E_1148443_0001	Interior_B	True	True	320.0000000000003	319.99999999999994	
LA_E_1148443_0002	Boundary	True	True			
LA_E_1148443_0002	Interior_A	True	True	320.0000000000003	319.99999999999994	
LA_E_1148443_0002	Interior_B	True	False	-79.99999999999918	-79.99999999999952	incomplete_strict_phone_support_for_nine_point_cpps_trajectory
LA_E_1148443_0003	Boundary	True	True			
LA_E_1148443_0003	Interior_A	True	False	-79.99999999999918	-79.99999999999952	incomplete_strict_phone_support_for_nine_point_cpps_trajectory
LA_E_1148443_0003	Interior_B	True	True	160.00000000000014	159.99999999999892	
LA_E_1148443_0004	Boundary	True	False			official_v6_boundary_cpps_invalid_or_incomplete_support
LA_E_1148443_0004	Interior_A	True	True	160.00000000000014	159.99999999999892	
LA_E_1148443_0004	Interior_B	True	True	479.99999999999864	480.00000000000097	
LA_E_1148443_0005	Boundary	True	False			official_v6_boundary_cpps_invalid_or_incomplete_support
LA_E_1148443_0005	Interior_A	True	True	479.99999999999864	480.00000000000097	
LA_E_1148443_0005	Interior_B	True	True	320.0000000000003	319.9999999999991	
LA_E_1148443_0006	Boundary	True	True			
LA_E_1148443_0006	Interior_A	True	True	320.0000000000003	319.9999999999991	
LA_E_1148443_0006	Interior_B	True	False	-80.00000000000185	-79.99999999999952	incomplete_strict_phone_support_for_nine_point_cpps_trajectory
LA_E_1148443_0007	Boundary	True	True			
LA_E_1148443_0007	Interior_A	True	False	-80.00000000000185	-79.99999999999952	incomplete_strict_phone_support_for_nine_point_cpps_trajectory
LA_E_1148443_0007	Interior_B	True	False	-160.00000000000014	-159.99999999999957	incomplete_strict_phone_support_for_nine_point_cpps_trajectory
LA_E_1148443_0008	Boundary	True	True			
LA_E_1148443_0008	Interior_A	True	False	-160.00000000000014	-159.99999999999957	incomplete_strict_phone_support_for_nine_point_cpps_trajectory
LA_E_1148443_0008	Interior_B	True	False	-160.00000000000014	-159.99999999999957	incomplete_strict_phone_support_for_nine_point_cpps_trajectory
LA_E_1148443_0009	Boundary	True	True			
LA_E_1148443_0009	Interior_A	True	False	-160.00000000000014	-159.99999999999957	incomplete_strict_phone_support_for_nine_point_cpps_trajectory
LA_E_1148443_0009	Interior_B	True	True	159.9999999999966	160.0000000000007	
LA_E_1148443_0012	Boundary	True	False			official_v6_boundary_cpps_invalid_or_incomplete_support
LA_E_1148443_0012	Interior_A	True	False	-160.00000000000014	-159.99999999999957	incomplete_strict_phone_support_for_nine_point_cpps_trajectory
LA_E_1148443_0012	Interior_B	True	True	79.9999999999983	79.99999999999885	
LA_E_1148443_0013	Boundary	True	False			official_v6_boundary_cpps_invalid_or_incomplete_support
LA_E_1148443_0013	Interior_A	True	True	79.9999999999983	79.99999999999885	
LA_E_1148443_0013	Interior_B	True	True	80.00000000000185	79.99999999999885	
LA_E_1148443_0014	Boundary	True	True			
LA_E_1148443_0014	Interior_A	True	True	80.00000000000185	79.99999999999885	
LA_E_1148443_0014	Interior_B	True	False	-160.00000000000014	-159.99999999999957	incomplete_strict_phone_support_for_nine_point_cpps_trajectory
LA_E_1148443_0015	Boundary	True	False			official_v6_boundary_cpps_invalid_or_incomplete_support
LA_E_1148443_0015	Interior_A	True	False	-160.00000000000014	-159.99999999999957	incomplete_strict_phone_support_for_nine_point_cpps_trajectory
LA_E_1148443_0015	Interior_B	True	True	160.00000000000014	159.99999999999716	
LA_E_1148443_0018	Boundary	True	True			
LA_E_1148443_0018	Interior_A	True	False	-79.9999999999983	-80.0000000000013	incomplete_strict_phone_support_for_nine_point_cpps_trajectory
LA_E_1148443_0018	Interior_B	True	False	-80.00000000000185	-79.99999999999774	incomplete_strict_phone_support_for_nine_point_cpps_trajectory
LA_E_1148443_0020	Boundary	True	True			
LA_E_1148443_0020	Interior_A	True	False	-160.00000000000014	-160.00000000000313	incomplete_strict_phone_support_for_nine_point_cpps_trajectory
LA_E_1148443_0020	Interior_B	True	False	-160.00000000000014	-159.99999999999957	incomplete_strict_phone_support_for_nine_point_cpps_trajectory
LA_E_1148443_0021	Boundary	True	True			
LA_E_1148443_0021	Interior_A	True	False	-160.00000000000014	-159.99999999999957	incomplete_strict_phone_support_for_nine_point_cpps_trajectory
LA_E_1148443_0021	Interior_B	True	False	-79.9999999999983	-80.0000000000013	incomplete_strict_phone_support_for_nine_point_cpps_trajectory
LA_E_1148443_0022	Boundary	True	True			
LA_E_1148443_0022	Interior_A	True	False	-79.9999999999983	-80.0000000000013	incomplete_strict_phone_support_for_nine_point_cpps_trajectory
LA_E_1148443_0022	Interior_B	True	True	240.000000000002	239.99999999999545	
LA_E_1148443_0025	Boundary	True	True			
LA_E_1148443_0025	Interior_A	True	True	79.9999999999983	79.99999999999885	
LA_E_1148443_0025	Interior_B	True	False	-79.9999999999983	-80.00000000000485	incomplete_strict_phone_support_for_nine_point_cpps_trajectory
LA_E_1149159_0000	Boundary	True	True			
LA_E_1149159_0000	Interior_A	True	False	-160.00000000000003	-160.00000000000003	incomplete_strict_phone_support_for_nine_point_cpps_trajectory
LA_E_1149159_0000	Interior_B	True	False	0.0	1.1102230246251565e-13	incomplete_strict_phone_support_for_nine_point_cpps_trajectory
LA_E_1149159_0006	Boundary	True	False			official_v6_boundary_cpps_invalid_or_incomplete_support
LA_E_1149159_0006	Interior_A	True	False	8.881784197001252e-13	-3.3306690738754696e-13	incomplete_strict_phone_support_for_nine_point_cpps_trajectory
LA_E_1149159_0006	Interior_B	True	False	-80.00000000000097	-79.99999999999862	incomplete_strict_phone_support_for_nine_point_cpps_trajectory
LA_E_1149159_0007	Boundary	True	False			official_v6_boundary_cpps_invalid_or_incomplete_support
LA_E_1149159_0007	Interior_A	True	False	-80.00000000000097	-79.99999999999862	incomplete_strict_phone_support_for_nine_point_cpps_trajectory
LA_E_1149159_0007	Interior_B	True	True	79.9999999999983	80.00000000000063	
LA_E_1149159_0008	Boundary	True	False			official_v6_boundary_cpps_invalid_or_incomplete_support
LA_E_1149159_0008	Interior_A	True	True	79.9999999999983	80.00000000000063	
LA_E_1149159_0008	Interior_B	True	True	479.99999999999864	480.00000000000097	
LA_E_1149159_0016	Boundary	True	True			
LA_E_1149159_0016	Interior_A	True	False	-80.00000000000185	-79.99999999999774	incomplete_strict_phone_support_for_nine_point_cpps_trajectory
LA_E_1149159_0016	Interior_B	True	False	0.0	-2.9976021664879227e-12	incomplete_strict_phone_support_for_nine_point_cpps_trajectory
LA_E_1149159_0017	Boundary	True	True			
LA_E_1149159_0017	Interior_A	True	False	0.0	-2.9976021664879227e-12	incomplete_strict_phone_support_for_nine_point_cpps_trajectory
LA_E_1149159_0017	Interior_B	True	False	0.0	5.551115123125783e-13	incomplete_strict_phone_support_for_nine_point_cpps_trajectory
LA_E_1149159_0030	Boundary	True	False			official_v6_boundary_cpps_invalid_or_incomplete_support
LA_E_1149159_0030	Interior_A	True	True	160.00000000000014	159.99999999999716	
LA_E_1149159_0030	Interior_B	True	True	400.00000000000216	399.99999999999915	
LA_E_1149159_0031	Boundary	True	True			
LA_E_1149159_0031	Interior_A	True	True	400.00000000000216	399.99999999999915	
LA_E_1149159_0031	Interior_B	True	False	-159.9999999999966	-160.00000000000313	incomplete_strict_phone_support_for_nine_point_cpps_trajectory
LA_E_1149159_0032	Boundary	True	True			
LA_E_1149159_0032	Interior_A	True	False	-159.9999999999966	-160.00000000000313	incomplete_strict_phone_support_for_nine_point_cpps_trajectory
LA_E_1149159_0032	Interior_B	True	False	-80.0000000000054	-79.99999999999774	incomplete_strict_phone_support_for_nine_point_cpps_trajectory
LA_E_1149159_0033	Boundary	True	True			
LA_E_1149159_0033	Interior_A	True	False	-80.0000000000054	-79.99999999999774	incomplete_strict_phone_support_for_nine_point_cpps_trajectory
LA_E_1149159_0033	Interior_B	True	True	160.0000000000037	159.99999999999716	
LA_E_1149159_0040	Boundary	True	False			official_v6_boundary_cpps_invalid_or_incomplete_support
LA_E_1149159_0040	Interior_A	True	True	240.000000000002	239.99999999999545	
LA_E_1149159_0040	Interior_B	True	False	-79.9999999999983	-79.99999999999774	incomplete_strict_phone_support_for_nine_point_cpps_trajectory
LA_E_1149159_0041	Boundary	True	False			official_v6_boundary_cpps_invalid_or_incomplete_support
LA_E_1149159_0041	Interior_A	True	False	-79.9999999999983	-79.99999999999774	incomplete_strict_phone_support_for_nine_point_cpps_trajectory
LA_E_1149159_0041	Interior_B	True	True	480.000000000004	479.99999999999744	
LA_E_1149159_0052	Boundary	True	True			
LA_E_1149159_0052	Interior_A	True	False	0.0	5.551115123125783e-13	incomplete_strict_phone_support_for_nine_point_cpps_trajectory
LA_E_1149159_0052	Interior_B	True	True	160.0000000000037	159.99999999999716	
LA_E_1149159_0053	Boundary	True	True			
LA_E_1149159_0053	Interior_A	True	True	160.0000000000037	159.99999999999716	
LA_E_1149159_0053	Interior_B	True	False	-79.9999999999983	-80.00000000001195	incomplete_strict_phone_support_for_nine_point_cpps_trajectory
LA_E_1149159_0056	Boundary	True	False			official_v6_boundary_cpps_invalid_or_incomplete_support
LA_E_1149159_0056	Interior_A	True	False	-159.9999999999966	-160.00000000001023	incomplete_strict_phone_support_for_nine_point_cpps_trajectory
LA_E_1149159_0056	Interior_B	True	True	159.9999999999966	159.99999999999716	
LA_E_1149159_0062	Boundary	True	False			official_v6_boundary_cpps_invalid_or_incomplete_support
LA_E_1149159_0062	Interior_A	True	False	0.0	5.551115123125783e-13	incomplete_strict_phone_support_for_nine_point_cpps_trajectory
LA_E_1149159_0062	Interior_B	True	True	160.0000000000108	159.99999999999716	
LA_E_1149159_0063	Boundary	True	False			official_v6_boundary_cpps_invalid_or_incomplete_support
LA_E_1149159_0063	Interior_A	True	True	160.0000000000108	159.99999999999716	
LA_E_1149159_0063	Interior_B	True	True	479.99999999998977	480.00000000000455	
LA_E_1149159_0064	Boundary	True	True			
LA_E_1149159_0064	Interior_A	True	True	479.99999999998977	480.00000000000455	
LA_E_1149159_0064	Interior_B	True	True	79.9999999999983	79.99999999999885	
LA_E_1149159_0065	Boundary	True	True			
LA_E_1149159_0065	Interior_A	True	True	79.9999999999983	79.99999999999885	
LA_E_1149159_0065	Interior_B	True	True	160.0000000000108	159.99999999999716	
LA_E_1151716_0003	Boundary	True	True			
LA_E_1151716_0003	Interior_A	True	False	0.0	-3.3306690738754696e-13	incomplete_strict_phone_support_for_nine_point_cpps_trajectory
LA_E_1151716_0003	Interior_B	True	True	79.99999999999918	80.00000000000152	
LA_E_1151716_0007	Boundary	True	False			official_v6_boundary_cpps_invalid_or_incomplete_support
LA_E_1151716_0007	Interior_A	True	True	320.0000000000012	319.9999999999991	
LA_E_1151716_0007	Interior_B	True	False	0.0	5.551115123125783e-13	incomplete_strict_phone_support_for_nine_point_cpps_trajectory
LA_E_1151716_0012	Boundary	True	False			official_v6_boundary_cpps_invalid_or_incomplete_support
LA_E_1151716_0012	Interior_A	True	False	0.0	-1.2212453270876722e-12	incomplete_strict_phone_support_for_nine_point_cpps_trajectory
LA_E_1151716_0012	Interior_B	True	False	-160.00000000000014	-159.99999999999957	incomplete_strict_phone_support_for_nine_point_cpps_trajectory
LA_E_1151716_0013	Boundary	True	False			official_v6_boundary_cpps_invalid_or_incomplete_support
LA_E_1151716_0013	Interior_A	True	False	-160.00000000000014	-159.99999999999957	incomplete_strict_phone_support_for_nine_point_cpps_trajectory
LA_E_1151716_0013	Interior_B	True	False	-80.00000000000185	-79.99999999999952	incomplete_strict_phone_support_for_nine_point_cpps_trajectory
LA_E_1151716_0014	Boundary	True	True			
LA_E_1151716_0014	Interior_A	True	False	-80.00000000000185	-79.99999999999952	incomplete_strict_phone_support_for_nine_point_cpps_trajectory
LA_E_1151716_0014	Interior_B	True	True	160.00000000000014	160.0000000000007	
LA_E_1151716_0015	Boundary	True	False			official_v6_boundary_cpps_invalid_or_incomplete_support
LA_E_1151716_0015	Interior_A	True	True	160.00000000000014	160.0000000000007	
LA_E_1151716_0015	Interior_B	True	True	479.9999999999969	480.00000000000097	
LA_E_1152326_0011	Boundary	True	True			
LA_E_1152326_0011	Interior_A	True	True	400.00000000000034	399.99999999999915	
LA_E_1152326_0011	Interior_B	True	True	79.9999999999983	80.00000000000063	
LA_E_1152326_0012	Boundary	True	True			
LA_E_1152326_0012	Interior_A	True	True	79.9999999999983	80.00000000000063	
LA_E_1152326_0012	Interior_B	True	False	-80.00000000000007	-79.99999999999952	incomplete_strict_phone_support_for_nine_point_cpps_trajectory
LA_E_1152326_0013	Boundary	True	True			
LA_E_1152326_0013	Interior_A	True	False	-80.00000000000007	-79.99999999999952	incomplete_strict_phone_support_for_nine_point_cpps_trajectory
LA_E_1152326_0013	Interior_B	True	False	-80.00000000000185	-79.99999999999952	incomplete_strict_phone_support_for_nine_point_cpps_trajectory
LA_E_1152326_0017	Boundary	True	True			
LA_E_1152326_0017	Interior_A	True	False	-160.00000000000014	-159.99999999999957	incomplete_strict_phone_support_for_nine_point_cpps_trajectory
LA_E_1152326_0017	Interior_B	True	True	79.9999999999983	79.99999999999885	
LA_E_1152326_0018	Boundary	True	True			
LA_E_1152326_0018	Interior_A	True	True	79.9999999999983	79.99999999999885	
LA_E_1152326_0018	Interior_B	True	True	160.00000000000014	160.0000000000007	
LA_E_1152326_0019	Boundary	True	False			official_v6_boundary_cpps_invalid_or_incomplete_support
LA_E_1152326_0019	Interior_A	True	True	160.00000000000014	160.0000000000007	
LA_E_1152326_0019	Interior_B	True	True	479.9999999999969	480.00000000000097	
LA_E_1152326_0020	Boundary	True	False			official_v6_boundary_cpps_invalid_or_incomplete_support
LA_E_1152326_0020	Interior_A	True	True	479.9999999999969	480.00000000000097	
LA_E_1152326_0020	Interior_B	True	False	-160.00000000000014	-159.99999999999957	incomplete_strict_phone_support_for_nine_point_cpps_trajectory
LA_E_1152326_0021	Boundary	True	True			
LA_E_1152326_0021	Interior_A	True	False	-160.00000000000014	-159.99999999999957	incomplete_strict_phone_support_for_nine_point_cpps_trajectory
LA_E_1152326_0021	Interior_B	True	True	399.9999999999986	399.99999999999915	
LA_E_1152326_0022	Boundary	True	True			
LA_E_1152326_0022	Interior_A	True	True	399.9999999999986	399.99999999999915	
LA_E_1152326_0022	Interior_B	True	False	-80.00000000000185	-79.99999999999774	incomplete_strict_phone_support_for_nine_point_cpps_trajectory
LA_E_1152326_0023	Boundary	True	False			official_v6_boundary_cpps_invalid_or_incomplete_support
LA_E_1152326_0023	Interior_A	True	False	-80.00000000000185	-79.99999999999774	incomplete_strict_phone_support_for_nine_point_cpps_trajectory
LA_E_1152326_0023	Interior_B	True	False	-160.00000000000014	-159.99999999999957	incomplete_strict_phone_support_for_nine_point_cpps_trajectory
LA_E_1152326_0024	Boundary	True	False			official_v6_boundary_cpps_invalid_or_incomplete_support
LA_E_1152326_0024	Interior_A	True	False	-160.00000000000014	-159.99999999999957	incomplete_strict_phone_support_for_nine_point_cpps_trajectory
LA_E_1152326_0024	Interior_B	True	True	79.9999999999983	80.0000000000024	
LA_E_1152326_0025	Boundary	True	True			
LA_E_1152326_0025	Interior_A	True	True	79.9999999999983	80.0000000000024	
LA_E_1152326_0025	Interior_B	True	False	-3.552713678800501e-12	5.551115123125783e-13	incomplete_strict_phone_support_for_nine_point_cpps_trajectory
LA_E_1152326_0026	Boundary	True	True			
LA_E_1152326_0026	Interior_A	True	False	-3.552713678800501e-12	5.551115123125783e-13	incomplete_strict_phone_support_for_nine_point_cpps_trajectory
LA_E_1152326_0026	Interior_B	True	False	-160.00000000000014	-159.99999999999957	incomplete_strict_phone_support_for_nine_point_cpps_trajectory
LA_E_1152326_0029	Boundary	True	False			official_v6_boundary_cpps_invalid_or_incomplete_support
LA_E_1152326_0029	Interior_A	True	True	320.0000000000003	320.00000000000085	
LA_E_1152326_0029	Interior_B	True	False	-79.9999999999983	-79.99999999999774	incomplete_strict_phone_support_for_nine_point_cpps_trajectory
LA_E_1152326_0030	Boundary	True	False			official_v6_boundary_cpps_invalid_or_incomplete_support
LA_E_1152326_0030	Interior_A	True	False	-79.9999999999983	-79.99999999999774	incomplete_strict_phone_support_for_nine_point_cpps_trajectory
LA_E_1152326_0030	Interior_B	True	True	159.9999999999966	159.99999999999716	
LA_E_1152326_0031	Boundary	True	False			official_v6_boundary_cpps_invalid_or_incomplete_support
LA_E_1152326_0031	Interior_A	True	True	159.9999999999966	159.99999999999716	
LA_E_1152326_0031	Interior_B	True	False	-79.9999999999983	-79.99999999999774	incomplete_strict_phone_support_for_nine_point_cpps_trajectory
LA_E_1152326_0032	Boundary	True	False			official_v6_boundary_cpps_invalid_or_incomplete_support
LA_E_1152326_0032	Interior_A	True	False	-79.9999999999983	-79.99999999999774	incomplete_strict_phone_support_for_nine_point_cpps_trajectory
LA_E_1152326_0032	Interior_B	True	True	159.9999999999966	159.99999999999716	
LA_E_1152326_0041	Boundary	True	True			
LA_E_1152326_0041	Interior_A	True	False	-79.9999999999983	-80.00000000000485	incomplete_strict_phone_support_for_nine_point_cpps_trajectory
LA_E_1152326_0041	Interior_B	True	False	-159.9999999999966	-160.00000000000313	incomplete_strict_phone_support_for_nine_point_cpps_trajectory
LA_E_1152326_0042	Boundary	True	True			
LA_E_1152326_0042	Interior_A	True	False	-159.9999999999966	-160.00000000000313	incomplete_strict_phone_support_for_nine_point_cpps_trajectory
LA_E_1152326_0042	Interior_B	True	True	320.0000000000003	320.00000000000085	
LA_E_1152326_0043	Boundary	True	True			
LA_E_1152326_0043	Interior_A	True	True	320.0000000000003	320.00000000000085	
LA_E_1152326_0043	Interior_B	True	False	-160.0000000000037	-159.99999999999602	incomplete_strict_phone_support_for_nine_point_cpps_trajectory
LA_E_1152326_0044	Boundary	True	False			official_v6_boundary_cpps_invalid_or_incomplete_support
LA_E_1152326_0044	Interior_A	True	False	-160.0000000000037	-159.99999999999602	incomplete_strict_phone_support_for_nine_point_cpps_trajectory
LA_E_1152326_0044	Interior_B	True	True	159.9999999999966	160.00000000000426	
LA_E_1152326_0045	Boundary	True	False			official_v6_boundary_cpps_invalid_or_incomplete_support
LA_E_1152326_0045	Interior_A	True	True	159.9999999999966	160.00000000000426	
LA_E_1152326_0045	Interior_B	True	False	-160.0000000000037	-160.00000000000313	incomplete_strict_phone_support_for_nine_point_cpps_trajectory
LA_E_1152326_0046	Boundary	True	False			official_v6_boundary_cpps_invalid_or_incomplete_support
LA_E_1152326_0046	Interior_A	True	False	-160.0000000000037	-160.00000000000313	incomplete_strict_phone_support_for_nine_point_cpps_trajectory
LA_E_1152326_0046	Interior_B	True	False	0.0	5.551115123125783e-13	incomplete_strict_phone_support_for_nine_point_cpps_trajectory
LA_E_1152326_0047	Boundary	True	False			official_v6_boundary_cpps_invalid_or_incomplete_support
LA_E_1152326_0047	Interior_A	True	False	0.0	5.551115123125783e-13	incomplete_strict_phone_support_for_nine_point_cpps_trajectory
LA_E_1152326_0047	Interior_B	True	False	-159.9999999999966	-160.00000000000313	incomplete_strict_phone_support_for_nine_point_cpps_trajectory
LA_E_1152326_0048	Boundary	True	False			official_v6_boundary_cpps_invalid_or_incomplete_support
LA_E_1152326_0048	Interior_A	True	False	-159.9999999999966	-160.00000000000313	incomplete_strict_phone_support_for_nine_point_cpps_trajectory
LA_E_1152326_0048	Interior_B	True	False	0.0	5.551115123125783e-13	incomplete_strict_phone_support_for_nine_point_cpps_trajectory
LA_E_1152326_0049	Boundary	True	True			
LA_E_1152326_0049	Interior_A	True	False	0.0	5.551115123125783e-13	incomplete_strict_phone_support_for_nine_point_cpps_trajectory
LA_E_1152326_0049	Interior_B	True	True	159.9999999999966	160.00000000000426	
LA_E_1152326_0051	Boundary	True	True			
LA_E_1152326_0051	Interior_A	True	False	-79.9999999999983	-79.99999999999774	incomplete_strict_phone_support_for_nine_point_cpps_trajectory
LA_E_1152326_0051	Interior_B	True	False	-80.0000000000054	-79.99999999999774	incomplete_strict_phone_support_for_nine_point_cpps_trajectory
LA_E_1152326_0052	Boundary	True	True			
LA_E_1152326_0052	Interior_A	True	False	-80.0000000000054	-79.99999999999774	incomplete_strict_phone_support_for_nine_point_cpps_trajectory
LA_E_1152326_0052	Interior_B	True	True	159.9999999999966	160.00000000000426	
LA_E_1152326_0053	Boundary	True	True			
LA_E_1152326_0053	Interior_A	True	True	159.9999999999966	160.00000000000426	
LA_E_1152326_0053	Interior_B	True	True	79.9999999999983	79.99999999999885	
LA_E_1152326_0054	Boundary	True	True			
LA_E_1152326_0054	Interior_A	True	True	79.9999999999983	79.99999999999885	
LA_E_1152326_0054	Interior_B	True	False	-80.0000000000054	-79.99999999999774	incomplete_strict_phone_support_for_nine_point_cpps_trajectory
LA_E_1152326_0055	Boundary	True	True			
LA_E_1152326_0055	Interior_A	True	False	-80.0000000000054	-79.99999999999774	incomplete_strict_phone_support_for_nine_point_cpps_trajectory
LA_E_1152326_0055	Interior_B	True	False	-79.9999999999983	-79.99999999999774	incomplete_strict_phone_support_for_nine_point_cpps_trajectory
LA_E_1152326_0056	Boundary	True	False			official_v6_boundary_cpps_invalid_or_incomplete_support
LA_E_1152326_0056	Interior_A	True	False	-79.9999999999983	-79.99999999999774	incomplete_strict_phone_support_for_nine_point_cpps_trajectory
LA_E_1152326_0056	Interior_B	True	True	240.0000000000091	239.99999999999545	
LA_E_1152326_0057	Boundary	True	False			official_v6_boundary_cpps_invalid_or_incomplete_support
LA_E_1152326_0057	Interior_A	True	True	240.0000000000091	239.99999999999545	
LA_E_1152326_0057	Interior_B	True	False	-1.4210854715202004e-11	5.551115123125783e-13	incomplete_strict_phone_support_for_nine_point_cpps_trajectory
LA_E_1152326_0058	Boundary	True	False			official_v6_boundary_cpps_invalid_or_incomplete_support
LA_E_1152326_0058	Interior_A	True	False	-1.4210854715202004e-11	5.551115123125783e-13	incomplete_strict_phone_support_for_nine_point_cpps_trajectory
LA_E_1152326_0058	Interior_B	True	False	0.0	5.551115123125783e-13	incomplete_strict_phone_support_for_nine_point_cpps_trajectory
LA_E_1152326_0064	Boundary	True	False			official_v6_boundary_cpps_invalid_or_incomplete_support
LA_E_1152326_0064	Interior_A	True	True	79.9999999999983	79.99999999999885	
LA_E_1152326_0064	Interior_B	True	True	719.9999999999989	719.9999999999994	
LA_E_1152326_0065	Boundary	True	True			
LA_E_1152326_0065	Interior_A	True	True	719.9999999999989	719.9999999999994	
LA_E_1152326_0065	Interior_B	True	True	480.000000000004	480.00000000000455	
LA_E_1152326_0069	Boundary	True	False			official_v6_boundary_cpps_invalid_or_incomplete_support
LA_E_1152326_0069	Interior_A	True	False	-79.9999999999983	-79.99999999999774	incomplete_strict_phone_support_for_nine_point_cpps_trajectory
LA_E_1152326_0069	Interior_B	True	True	160.0000000000108	159.99999999999716	
LA_E_1152326_0070	Boundary	True	False			official_v6_boundary_cpps_invalid_or_incomplete_support
LA_E_1152326_0070	Interior_A	True	True	160.0000000000108	159.99999999999716	
LA_E_1152326_0070	Interior_B	True	False	-159.9999999999966	-160.00000000001023	incomplete_strict_phone_support_for_nine_point_cpps_trajectory
LA_E_1152326_0078	Boundary	True	False			official_v6_boundary_cpps_invalid_or_incomplete_support
LA_E_1152326_0078	Interior_A	True	True	79.9999999999983	79.99999999999885	
LA_E_1152326_0078	Interior_B	True	False	-160.0000000000108	-159.99999999999602	incomplete_strict_phone_support_for_nine_point_cpps_trajectory
LA_E_1152326_0083	Boundary	True	True			
LA_E_1152326_0083	Interior_A	True	False	-79.9999999999983	-79.99999999999774	incomplete_strict_phone_support_for_nine_point_cpps_trajectory
LA_E_1152326_0083	Interior_B	True	False	-160.0000000000108	-159.99999999999602	incomplete_strict_phone_support_for_nine_point_cpps_trajectory
LA_E_1152326_0084	Boundary	True	False			official_v6_boundary_cpps_invalid_or_incomplete_support
LA_E_1152326_0084	Interior_A	True	False	-160.0000000000108	-159.99999999999602	incomplete_strict_phone_support_for_nine_point_cpps_trajectory
LA_E_1152326_0084	Interior_B	True	False	0.0	5.551115123125783e-13	incomplete_strict_phone_support_for_nine_point_cpps_trajectory
LA_E_1152326_0089	Boundary	True	True			
LA_E_1152326_0089	Interior_A	True	True	239.99999999999488	239.99999999999545	
LA_E_1152326_0089	Interior_B	True	True	79.9999999999983	79.99999999999885	
LA_E_1153009_0010	Boundary	True	True			
LA_E_1153009_0010	Interior_A	True	False	0.0	-1.2212453270876722e-12	incomplete_strict_phone_support_for_nine_point_cpps_trajectory
LA_E_1153009_0010	Interior_B	True	False	-80.00000000000007	-80.0000000000013	incomplete_strict_phone_support_for_nine_point_cpps_trajectory
LA_E_1153009_0011	Boundary	True	True			
LA_E_1153009_0011	Interior_A	True	False	-80.00000000000007	-80.0000000000013	incomplete_strict_phone_support_for_nine_point_cpps_trajectory
LA_E_1153009_0011	Interior_B	True	True	559.9999999999987	560.000000000001	
LA_E_1153009_0017	Boundary	True	True			
LA_E_1153009_0017	Interior_A	True	True	640.0000000000006	639.9999999999976	
LA_E_1153009_0017	Interior_B	True	False	-160.00000000000014	-159.99999999999957	incomplete_strict_phone_support_for_nine_point_cpps_trajectory
LA_E_1153009_0018	Boundary	True	True			
LA_E_1153009_0018	Interior_A	True	False	-160.00000000000014	-159.99999999999957	incomplete_strict_phone_support_for_nine_point_cpps_trajectory
LA_E_1153009_0018	Interior_B	True	False	-80.00000000000185	-79.99999999999774	incomplete_strict_phone_support_for_nine_point_cpps_trajectory
LA_E_1153009_0019	Boundary	True	True			
LA_E_1153009_0019	Interior_A	True	False	-80.00000000000185	-79.99999999999774	incomplete_strict_phone_support_for_nine_point_cpps_trajectory
LA_E_1153009_0019	Interior_B	True	True	160.00000000000014	159.99999999999716	
LA_E_1153009_0026	Boundary	True	False			official_v6_boundary_cpps_invalid_or_incomplete_support
LA_E_1153009_0026	Interior_A	True	True	159.9999999999966	160.0000000000007	
LA_E_1153009_0026	Interior_B	True	True	239.99999999999844	240.00000000000256	
LA_E_1153009_0033	Boundary	True	False			official_v6_boundary_cpps_invalid_or_incomplete_support
LA_E_1153009_0033	Interior_A	True	False	-79.9999999999983	-79.99999999999774	incomplete_strict_phone_support_for_nine_point_cpps_trajectory
LA_E_1153009_0033	Interior_B	True	True	79.9999999999983	79.99999999999885	
LA_E_1153009_0034	Boundary	True	False			official_v6_boundary_cpps_invalid_or_incomplete_support
LA_E_1153009_0034	Interior_A	True	True	79.9999999999983	79.99999999999885	
LA_E_1153009_0034	Interior_B	True	False	-79.9999999999983	-80.00000000000485	incomplete_strict_phone_support_for_nine_point_cpps_trajectory
LA_E_1153009_0043	Boundary	True	False			official_v6_boundary_cpps_invalid_or_incomplete_support
LA_E_1153009_0043	Interior_A	True	True	79.9999999999983	79.99999999999885	
LA_E_1153009_0043	Interior_B	True	False	0.0	5.551115123125783e-13	incomplete_strict_phone_support_for_nine_point_cpps_trajectory
LA_E_1153009_0048	Boundary	True	True			
LA_E_1153009_0048	Interior_A	True	False	-79.9999999999983	-79.99999999999774	incomplete_strict_phone_support_for_nine_point_cpps_trajectory
LA_E_1153009_0048	Interior_B	True	False	-159.9999999999966	-160.00000000000313	incomplete_strict_phone_support_for_nine_point_cpps_trajectory
LA_E_1153009_0051	Boundary	True	True			
LA_E_1153009_0051	Interior_A	True	False	0.0	5.551115123125783e-13	incomplete_strict_phone_support_for_nine_point_cpps_trajectory
LA_E_1153009_0051	Interior_B	True	False	0.0	5.551115123125783e-13	incomplete_strict_phone_support_for_nine_point_cpps_trajectory
LA_E_1153651_0001	Boundary	True	True			
LA_E_1153651_0001	Interior_A	True	False	-160.00000000000014	-159.99999999999957	incomplete_strict_phone_support_for_nine_point_cpps_trajectory
LA_E_1153651_0001	Interior_B	True	True	160.00000000000014	159.99999999999892	
LA_E_1153651_0002	Boundary	True	True			
LA_E_1153651_0002	Interior_A	True	True	160.00000000000014	159.99999999999892	
LA_E_1153651_0002	Interior_B	True	True	560.0000000000005	559.9999999999993	
LA_E_1153651_0003	Boundary	True	True			
LA_E_1153651_0003	Interior_A	True	True	560.0000000000005	559.9999999999993	
LA_E_1153651_0003	Interior_B	True	True	160.00000000000014	159.99999999999892	
LA_E_1153651_0007	Boundary	True	True			
LA_E_1153651_0007	Interior_A	True	False	-80.00000000000185	-79.99999999999952	incomplete_strict_phone_support_for_nine_point_cpps_trajectory
LA_E_1153651_0007	Interior_B	True	False	-160.00000000000014	-159.99999999999957	incomplete_strict_phone_support_for_nine_point_cpps_trajectory
LA_E_1153651_0008	Boundary	True	True			
LA_E_1153651_0008	Interior_A	True	False	-160.00000000000014	-159.99999999999957	incomplete_strict_phone_support_for_nine_point_cpps_trajectory
LA_E_1153651_0008	Interior_B	True	False	-79.9999999999983	-80.0000000000013	incomplete_strict_phone_support_for_nine_point_cpps_trajectory
LA_E_1153651_0009	Boundary	True	True			
LA_E_1153651_0009	Interior_A	True	False	-79.9999999999983	-80.0000000000013	incomplete_strict_phone_support_for_nine_point_cpps_trajectory
LA_E_1153651_0009	Interior_B	True	True	79.9999999999983	79.99999999999885	
LA_E_1153651_0010	Boundary	True	True			
LA_E_1153651_0010	Interior_A	True	True	79.9999999999983	79.99999999999885	
LA_E_1153651_0010	Interior_B	True	True	239.99999999999844	240.00000000000256	
LA_E_1153651_0011	Boundary	True	True			
LA_E_1153651_0011	Interior_A	True	True	239.99999999999844	240.00000000000256	
LA_E_1153651_0011	Interior_B	True	True	639.999999999997	640.0000000000011	
LA_E_1153651_0017	Boundary	True	False			official_v6_boundary_cpps_invalid_or_incomplete_support
LA_E_1153651_0017	Interior_A	True	True	320.0000000000003	320.00000000000085	
LA_E_1153651_0017	Interior_B	True	True	79.9999999999983	79.99999999999885	
LA_E_1153651_0018	Boundary	True	False			official_v6_boundary_cpps_invalid_or_incomplete_support
LA_E_1153651_0018	Interior_A	True	True	79.9999999999983	79.99999999999885	
LA_E_1153651_0018	Interior_B	True	False	-79.9999999999983	-80.0000000000013	incomplete_strict_phone_support_for_nine_point_cpps_trajectory
LA_E_1153651_0019	Boundary	True	False			official_v6_boundary_cpps_invalid_or_incomplete_support
LA_E_1153651_0019	Interior_A	True	False	-79.9999999999983	-80.0000000000013	incomplete_strict_phone_support_for_nine_point_cpps_trajectory
LA_E_1153651_0019	Interior_B	True	False	-80.00000000000185	-79.99999999999774	incomplete_strict_phone_support_for_nine_point_cpps_trajectory
LA_E_1153651_0022	Boundary	True	False			official_v6_boundary_cpps_invalid_or_incomplete_support
LA_E_1153651_0022	Interior_A	True	False	-159.9999999999966	-160.00000000000313	incomplete_strict_phone_support_for_nine_point_cpps_trajectory
LA_E_1153651_0022	Interior_B	True	True	160.0000000000037	159.99999999999716	
LA_E_1153651_0023	Boundary	True	False			official_v6_boundary_cpps_invalid_or_incomplete_support
LA_E_1153651_0023	Interior_A	True	True	160.0000000000037	159.99999999999716	
LA_E_1153651_0023	Interior_B	True	False	-160.0000000000037	-159.99999999999602	incomplete_strict_phone_support_for_nine_point_cpps_trajectory
LA_E_1153651_0026	Boundary	True	False			official_v6_boundary_cpps_invalid_or_incomplete_support
LA_E_1153651_0026	Interior_A	True	True	160.0000000000037	159.99999999999716	
LA_E_1153651_0026	Interior_B	True	True	320.0000000000003	320.00000000000085	
LA_E_1153651_0027	Boundary	True	True			
LA_E_1153651_0027	Interior_A	True	True	320.0000000000003	320.00000000000085	
LA_E_1153651_0027	Interior_B	True	False	0.0	5.551115123125783e-13	incomplete_strict_phone_support_for_nine_point_cpps_trajectory
LA_E_1153651_0028	Boundary	True	True			
LA_E_1153651_0028	Interior_A	True	False	0.0	5.551115123125783e-13	incomplete_strict_phone_support_for_nine_point_cpps_trajectory
LA_E_1153651_0028	Interior_B	True	False	-160.0000000000037	-159.99999999999602	incomplete_strict_phone_support_for_nine_point_cpps_trajectory
LA_E_1153651_0029	Boundary	True	True			
LA_E_1153651_0029	Interior_A	True	False	-160.0000000000037	-159.99999999999602	incomplete_strict_phone_support_for_nine_point_cpps_trajectory
LA_E_1153651_0029	Interior_B	True	False	-160.0000000000037	-160.00000000000313	incomplete_strict_phone_support_for_nine_point_cpps_trajectory
LA_E_1153651_0030	Boundary	True	False			official_v6_boundary_cpps_invalid_or_incomplete_support
LA_E_1153651_0030	Interior_A	True	False	-160.0000000000037	-160.00000000000313	incomplete_strict_phone_support_for_nine_point_cpps_trajectory
LA_E_1153651_0030	Interior_B	True	True	240.000000000002	240.00000000000256	
LA_E_1153651_0031	Boundary	True	False			official_v6_boundary_cpps_invalid_or_incomplete_support
LA_E_1153651_0031	Interior_A	True	True	240.000000000002	240.00000000000256	
LA_E_1153651_0031	Interior_B	True	True	79.9999999999983	79.99999999999885	
LA_E_1153651_0032	Boundary	True	True			
LA_E_1153651_0032	Interior_A	True	True	79.9999999999983	79.99999999999885	
LA_E_1153651_0032	Interior_B	True	False	-160.0000000000037	-159.99999999999602	incomplete_strict_phone_support_for_nine_point_cpps_trajectory
LA_E_1153651_0033	Boundary	True	False			official_v6_boundary_cpps_invalid_or_incomplete_support
LA_E_1153651_0033	Interior_A	True	False	-160.0000000000037	-159.99999999999602	incomplete_strict_phone_support_for_nine_point_cpps_trajectory
LA_E_1153651_0033	Interior_B	True	False	0.0	5.551115123125783e-13	incomplete_strict_phone_support_for_nine_point_cpps_trajectory
LA_E_1153651_0034	Boundary	True	False			official_v6_boundary_cpps_invalid_or_incomplete_support
LA_E_1153651_0034	Interior_A	True	False	0.0	5.551115123125783e-13	incomplete_strict_phone_support_for_nine_point_cpps_trajectory
LA_E_1153651_0034	Interior_B	True	True	640.0000000000006	639.999999999994	
LA_E_1156534_0006	Boundary	True	False			official_v6_boundary_cpps_invalid_or_incomplete_support
LA_E_1156534_0006	Interior_A	True	False	0.0	-3.3306690738754696e-13	incomplete_strict_phone_support_for_nine_point_cpps_trajectory
LA_E_1156534_0006	Interior_B	True	False	-80.00000000000097	-79.99999999999862	incomplete_strict_phone_support_for_nine_point_cpps_trajectory
LA_E_1156534_0007	Boundary	True	False			official_v6_boundary_cpps_invalid_or_incomplete_support
LA_E_1156534_0007	Interior_A	True	False	-80.00000000000097	-79.99999999999862	incomplete_strict_phone_support_for_nine_point_cpps_trajectory
LA_E_1156534_0007	Interior_B	True	False	-79.99999999999918	-79.99999999999952	incomplete_strict_phone_support_for_nine_point_cpps_trajectory
LA_E_1156534_0015	Boundary	True	False			official_v6_boundary_cpps_invalid_or_incomplete_support
LA_E_1156534_0015	Interior_A	True	False	-160.00000000000014	-159.99999999999957	incomplete_strict_phone_support_for_nine_point_cpps_trajectory
LA_E_1156534_0015	Interior_B	True	False	-80.00000000000185	-79.99999999999952	incomplete_strict_phone_support_for_nine_point_cpps_trajectory
LA_E_1156534_0025	Boundary	True	True			
LA_E_1156534_0025	Interior_A	True	False	-79.9999999999983	-80.0000000000013	incomplete_strict_phone_support_for_nine_point_cpps_trajectory
LA_E_1156534_0025	Interior_B	True	True	480.00000000000045	479.99999999999744	
LA_E_1157722_0005	Boundary	True	True			
LA_E_1157722_0005	Interior_A	True	True	480.00000000000045	480.0000000000001	
LA_E_1157722_0005	Interior_B	True	True	559.9999999999987	560.000000000001	
LA_E_1157722_0006	Boundary	True	True			
LA_E_1157722_0006	Interior_A	True	True	559.9999999999987	560.000000000001	
LA_E_1157722_0006	Interior_B	True	True	80.00000000000007	79.99999999999885	
LA_E_1157722_0009	Boundary	True	True			
LA_E_1157722_0009	Interior_A	True	False	-80.00000000000185	-79.99999999999952	incomplete_strict_phone_support_for_nine_point_cpps_trajectory
LA_E_1157722_0009	Interior_B	True	False	-80.00000000000007	-79.99999999999952	incomplete_strict_phone_support_for_nine_point_cpps_trajectory
LA_E_1157722_0019	Boundary	True	False			official_v6_boundary_cpps_invalid_or_incomplete_support
LA_E_1157722_0019	Interior_A	True	True	400.00000000000216	399.99999999999915	
LA_E_1157722_0019	Interior_B	True	False	-160.00000000000014	-159.99999999999957	incomplete_strict_phone_support_for_nine_point_cpps_trajectory
LA_E_1157722_0020	Boundary	True	False			official_v6_boundary_cpps_invalid_or_incomplete_support
LA_E_1157722_0020	Interior_A	True	False	-160.00000000000014	-159.99999999999957	incomplete_strict_phone_support_for_nine_point_cpps_trajectory
LA_E_1157722_0020	Interior_B	True	False	-80.00000000000185	-80.0000000000013	incomplete_strict_phone_support_for_nine_point_cpps_trajectory
LA_E_1157722_0023	Boundary	True	False			official_v6_boundary_cpps_invalid_or_incomplete_support
LA_E_1157722_0023	Interior_A	True	False	-80.00000000000185	-79.99999999999774	incomplete_strict_phone_support_for_nine_point_cpps_trajectory
LA_E_1157722_0023	Interior_B	True	False	0.0	-2.9976021664879227e-12	incomplete_strict_phone_support_for_nine_point_cpps_trajectory
LA_E_1157722_0024	Boundary	True	True			
LA_E_1157722_0024	Interior_A	True	False	0.0	-2.9976021664879227e-12	incomplete_strict_phone_support_for_nine_point_cpps_trajectory
LA_E_1157722_0024	Interior_B	True	True	160.00000000000014	160.0000000000007	
LA_E_1159030_0001	Boundary	True	False			official_v6_boundary_cpps_invalid_or_incomplete_support
LA_E_1159030_0001	Interior_A	True	False	-80.00000000000007	-79.99999999999974	incomplete_strict_phone_support_for_nine_point_cpps_trajectory
LA_E_1159030_0001	Interior_B	True	True	159.9999999999997	159.9999999999998	
LA_E_1159030_0004	Boundary	True	True			
LA_E_1159030_0004	Interior_A	True	False	-80.00000000000007	-80.0000000000004	incomplete_strict_phone_support_for_nine_point_cpps_trajectory
LA_E_1159030_0004	Interior_B	True	False	-159.99999999999926	-160.00000000000048	incomplete_strict_phone_support_for_nine_point_cpps_trajectory
LA_E_1159030_0008	Boundary	True	False			official_v6_boundary_cpps_invalid_or_incomplete_support
LA_E_1159030_0008	Interior_A	True	True	160.00000000000014	159.99999999999892	
LA_E_1159030_0008	Interior_B	True	False	-80.00000000000007	-80.0000000000013	incomplete_strict_phone_support_for_nine_point_cpps_trajectory
LA_E_1159030_0009	Boundary	True	True			
LA_E_1159030_0009	Interior_A	True	False	-80.00000000000007	-80.0000000000013	incomplete_strict_phone_support_for_nine_point_cpps_trajectory
LA_E_1159030_0009	Interior_B	True	False	0.0	5.551115123125783e-13	incomplete_strict_phone_support_for_nine_point_cpps_trajectory
LA_E_1159030_0010	Boundary	True	True			
LA_E_1159030_0010	Interior_A	True	False	0.0	5.551115123125783e-13	incomplete_strict_phone_support_for_nine_point_cpps_trajectory
LA_E_1159030_0010	Interior_B	True	False	-80.00000000000185	-79.99999999999952	incomplete_strict_phone_support_for_nine_point_cpps_trajectory
LA_E_1159030_0011	Boundary	True	True			
LA_E_1159030_0011	Interior_A	True	False	-80.00000000000185	-79.99999999999952	incomplete_strict_phone_support_for_nine_point_cpps_trajectory
LA_E_1159030_0011	Interior_B	True	True	240.00000000000023	239.999999999999	
LA_E_1159030_0014	Boundary	True	False			official_v6_boundary_cpps_invalid_or_incomplete_support
LA_E_1159030_0014	Interior_A	True	False	0.0	5.551115123125783e-13	incomplete_strict_phone_support_for_nine_point_cpps_trajectory
LA_E_1159030_0014	Interior_B	True	False	-160.00000000000014	-160.00000000000313	incomplete_strict_phone_support_for_nine_point_cpps_trajectory
LA_E_1159030_0021	Boundary	True	True			
LA_E_1159030_0021	Interior_A	True	False	0.0	5.551115123125783e-13	incomplete_strict_phone_support_for_nine_point_cpps_trajectory
LA_E_1159030_0021	Interior_B	True	False	-80.00000000000185	-79.99999999999774	incomplete_strict_phone_support_for_nine_point_cpps_trajectory
LA_E_1159030_0022	Boundary	True	False			official_v6_boundary_cpps_invalid_or_incomplete_support
LA_E_1159030_0022	Interior_A	True	False	-80.00000000000185	-79.99999999999774	incomplete_strict_phone_support_for_nine_point_cpps_trajectory
LA_E_1159030_0022	Interior_B	True	True	79.9999999999983	79.99999999999885	
LA_E_1159030_0023	Boundary	True	False			official_v6_boundary_cpps_invalid_or_incomplete_support
LA_E_1159030_0023	Interior_A	True	True	79.9999999999983	79.99999999999885	
LA_E_1159030_0023	Interior_B	True	False	-160.00000000000014	-159.99999999999957	incomplete_strict_phone_support_for_nine_point_cpps_trajectory
LA_E_1159030_0024	Boundary	True	True			
LA_E_1159030_0024	Interior_A	True	False	-160.00000000000014	-159.99999999999957	incomplete_strict_phone_support_for_nine_point_cpps_trajectory
LA_E_1159030_0024	Interior_B	True	False	-80.00000000000185	-79.99999999999774	incomplete_strict_phone_support_for_nine_point_cpps_trajectory
LA_E_1159030_0025	Boundary	True	False			official_v6_boundary_cpps_invalid_or_incomplete_support
LA_E_1159030_0025	Interior_A	True	False	-80.00000000000185	-79.99999999999774	incomplete_strict_phone_support_for_nine_point_cpps_trajectory
LA_E_1159030_0025	Interior_B	True	True	79.9999999999983	79.99999999999885	
LA_E_1159030_0028	Boundary	True	True			
LA_E_1159030_0028	Interior_A	True	False	-79.9999999999983	-80.00000000000485	incomplete_strict_phone_support_for_nine_point_cpps_trajectory
LA_E_1159030_0028	Interior_B	True	True	160.0000000000037	159.99999999999716	
LA_E_1159030_0031	Boundary	True	False			official_v6_boundary_cpps_invalid_or_incomplete_support
LA_E_1159030_0031	Interior_A	True	True	160.0000000000037	159.99999999999716	
LA_E_1159030_0031	Interior_B	True	True	399.9999999999986	399.99999999999915	
LA_E_1159664_0000	Boundary	True	False			official_v6_boundary_cpps_invalid_or_incomplete_support
LA_E_1159664_0000	Interior_A	True	True	159.99999999999991	160.00000000000026	
LA_E_1159664_0000	Interior_B	True	False	-80.00000000000051	-79.99999999999996	incomplete_strict_phone_support_for_nine_point_cpps_trajectory
LA_E_1159664_0003	Boundary	True	False			official_v6_boundary_cpps_invalid_or_incomplete_support
LA_E_1159664_0003	Interior_A	True	False	-80.00000000000007	-79.99999999999952	incomplete_strict_phone_support_for_nine_point_cpps_trajectory
LA_E_1159664_0003	Interior_B	True	True	80.00000000000007	79.99999999999974	
LA_E_1159664_0010	Boundary	True	True			
LA_E_1159664_0010	Interior_A	True	False	-80.00000000000007	-80.0000000000013	incomplete_strict_phone_support_for_nine_point_cpps_trajectory
LA_E_1159664_0010	Interior_B	True	True	160.00000000000014	159.99999999999892	
LA_E_1159664_0011	Boundary	True	True			
LA_E_1159664_0011	Interior_A	True	True	160.00000000000014	159.99999999999892	
LA_E_1159664_0011	Interior_B	True	True	240.00000000000023	239.999999999999	
LA_E_1159664_0012	Boundary	True	False			official_v6_boundary_cpps_invalid_or_incomplete_support
LA_E_1159664_0012	Interior_A	True	True	240.00000000000023	239.999999999999	
LA_E_1159664_0012	Interior_B	True	True	399.9999999999986	400.0000000000027	
LA_E_1160250_0001	Boundary	True	False			official_v6_boundary_cpps_invalid_or_incomplete_support
LA_E_1160250_0001	Interior_A	True	False	-160.00000000000014	-159.99999999999957	incomplete_strict_phone_support_for_nine_point_cpps_trajectory
LA_E_1160250_0001	Interior_B	True	False	-80.00000000000007	-80.0000000000013	incomplete_strict_phone_support_for_nine_point_cpps_trajectory
LA_E_1160250_0007	Boundary	True	False			official_v6_boundary_cpps_invalid_or_incomplete_support
LA_E_1160250_0007	Interior_A	True	False	-1.7763568394002505e-12	5.551115123125783e-13	incomplete_strict_phone_support_for_nine_point_cpps_trajectory
LA_E_1160250_0007	Interior_B	True	False	0.0	5.551115123125783e-13	incomplete_strict_phone_support_for_nine_point_cpps_trajectory
LA_E_1160250_0008	Boundary	True	False			official_v6_boundary_cpps_invalid_or_incomplete_support
LA_E_1160250_0008	Interior_A	True	False	0.0	5.551115123125783e-13	incomplete_strict_phone_support_for_nine_point_cpps_trajectory
LA_E_1160250_0008	Interior_B	True	False	-80.00000000000185	-80.0000000000013	incomplete_strict_phone_support_for_nine_point_cpps_trajectory
LA_E_1160250_0013	Boundary	True	True			
LA_E_1160250_0013	Interior_A	True	False	0.0	-2.9976021664879227e-12	incomplete_strict_phone_support_for_nine_point_cpps_trajectory
LA_E_1160250_0013	Interior_B	True	True	560.0000000000023	559.9999999999993	
LA_E_1160250_0016	Boundary	True	False			official_v6_boundary_cpps_invalid_or_incomplete_support
LA_E_1160250_0016	Interior_A	True	False	0.0	-2.9976021664879227e-12	incomplete_strict_phone_support_for_nine_point_cpps_trajectory
LA_E_1160250_0016	Interior_B	True	True	79.9999999999983	80.0000000000024	
LA_E_1160250_0017	Boundary	True	False			official_v6_boundary_cpps_invalid_or_incomplete_support
LA_E_1160250_0017	Interior_A	True	True	79.9999999999983	80.0000000000024	
LA_E_1160250_0017	Interior_B	True	True	559.9999999999987	559.9999999999993	
LA_E_1160250_0018	Boundary	True	True			
LA_E_1160250_0018	Interior_A	True	True	559.9999999999987	559.9999999999993	
LA_E_1160250_0018	Interior_B	True	False	-160.00000000000014	-159.99999999999957	incomplete_strict_phone_support_for_nine_point_cpps_trajectory
LA_E_1160250_0019	Boundary	True	True			
LA_E_1160250_0019	Interior_A	True	False	-160.00000000000014	-159.99999999999957	incomplete_strict_phone_support_for_nine_point_cpps_trajectory
LA_E_1160250_0019	Interior_B	True	False	-79.9999999999983	-80.0000000000013	incomplete_strict_phone_support_for_nine_point_cpps_trajectory
LA_E_1160250_0020	Boundary	True	True			
LA_E_1160250_0020	Interior_A	True	False	-79.9999999999983	-80.0000000000013	incomplete_strict_phone_support_for_nine_point_cpps_trajectory
LA_E_1160250_0020	Interior_B	True	False	0.0	5.551115123125783e-13	incomplete_strict_phone_support_for_nine_point_cpps_trajectory
LA_E_1160250_0021	Boundary	True	True			
LA_E_1160250_0021	Interior_A	True	False	0.0	5.551115123125783e-13	incomplete_strict_phone_support_for_nine_point_cpps_trajectory
LA_E_1160250_0021	Interior_B	True	True	160.0000000000037	159.99999999999716	
LA_E_1160250_0022	Boundary	True	True			
LA_E_1160250_0022	Interior_A	True	True	160.0000000000037	159.99999999999716	
LA_E_1160250_0022	Interior_B	True	False	-160.0000000000037	-160.00000000000313	incomplete_strict_phone_support_for_nine_point_cpps_trajectory
LA_E_1160250_0023	Boundary	True	False			official_v6_boundary_cpps_invalid_or_incomplete_support
LA_E_1160250_0023	Interior_A	True	False	-160.0000000000037	-160.00000000000313	incomplete_strict_phone_support_for_nine_point_cpps_trajectory
LA_E_1160250_0023	Interior_B	True	True	160.0000000000037	159.99999999999716	
LA_E_1160250_0024	Boundary	True	False			official_v6_boundary_cpps_invalid_or_incomplete_support
LA_E_1160250_0024	Interior_A	True	True	160.0000000000037	159.99999999999716	
LA_E_1160250_0024	Interior_B	True	False	-159.9999999999966	-160.00000000000313	incomplete_strict_phone_support_for_nine_point_cpps_trajectory
LA_E_1160250_0025	Boundary	True	False			official_v6_boundary_cpps_invalid_or_incomplete_support
LA_E_1160250_0025	Interior_A	True	False	-159.9999999999966	-160.00000000000313	incomplete_strict_phone_support_for_nine_point_cpps_trajectory
LA_E_1160250_0025	Interior_B	True	False	-79.9999999999983	-79.99999999999774	incomplete_strict_phone_support_for_nine_point_cpps_trajectory
LA_E_1160250_0026	Boundary	True	False			official_v6_boundary_cpps_invalid_or_incomplete_support
LA_E_1160250_0026	Interior_A	True	False	-79.9999999999983	-79.99999999999774	incomplete_strict_phone_support_for_nine_point_cpps_trajectory
LA_E_1160250_0026	Interior_B	True	False	-7.105427357601002e-12	5.551115123125783e-13	incomplete_strict_phone_support_for_nine_point_cpps_trajectory
LA_E_1160250_0027	Boundary	True	False			official_v6_boundary_cpps_invalid_or_incomplete_support
LA_E_1160250_0027	Interior_A	True	False	-7.105427357601002e-12	5.551115123125783e-13	incomplete_strict_phone_support_for_nine_point_cpps_trajectory
LA_E_1160250_0027	Interior_B	True	True	160.0000000000037	159.99999999999716	
LA_E_1160250_0028	Boundary	True	False			official_v6_boundary_cpps_invalid_or_incomplete_support
LA_E_1160250_0028	Interior_A	True	True	160.0000000000037	159.99999999999716	
LA_E_1160250_0028	Interior_B	True	True	160.0000000000037	159.99999999999716	
LA_E_1160250_0029	Boundary	True	True			
LA_E_1160250_0029	Interior_A	True	True	160.0000000000037	159.99999999999716	
LA_E_1160250_0029	Interior_B	True	False	0.0	5.551115123125783e-13	incomplete_strict_phone_support_for_nine_point_cpps_trajectory
LA_E_1160250_0030	Boundary	True	False			official_v6_boundary_cpps_invalid_or_incomplete_support
LA_E_1160250_0030	Interior_A	True	False	0.0	5.551115123125783e-13	incomplete_strict_phone_support_for_nine_point_cpps_trajectory
LA_E_1160250_0030	Interior_B	True	True	79.9999999999983	79.99999999999885	
LA_E_1160250_0037	Boundary	True	False			official_v6_boundary_cpps_invalid_or_incomplete_support
LA_E_1160250_0037	Interior_A	True	False	-159.9999999999966	-160.00000000000313	incomplete_strict_phone_support_for_nine_point_cpps_trajectory
LA_E_1160250_0037	Interior_B	True	False	-79.9999999999983	-80.00000000000485	incomplete_strict_phone_support_for_nine_point_cpps_trajectory
LA_E_1160250_0040	Boundary	True	True			
LA_E_1160250_0040	Interior_A	True	False	-80.0000000000054	-79.99999999999774	incomplete_strict_phone_support_for_nine_point_cpps_trajectory
LA_E_1160250_0040	Interior_B	True	False	-79.9999999999983	-79.99999999999774	incomplete_strict_phone_support_for_nine_point_cpps_trajectory
LA_E_1160250_0041	Boundary	True	True			
LA_E_1160250_0041	Interior_A	True	False	-79.9999999999983	-79.99999999999774	incomplete_strict_phone_support_for_nine_point_cpps_trajectory
LA_E_1160250_0041	Interior_B	True	False	-160.0000000000037	-160.00000000000313	incomplete_strict_phone_support_for_nine_point_cpps_trajectory
LA_E_1160250_0042	Boundary	True	False			official_v6_boundary_cpps_invalid_or_incomplete_support
LA_E_1160250_0042	Interior_A	True	False	-160.0000000000037	-160.00000000000313	incomplete_strict_phone_support_for_nine_point_cpps_trajectory
LA_E_1160250_0042	Interior_B	True	False	-159.9999999999966	-160.00000000000313	incomplete_strict_phone_support_for_nine_point_cpps_trajectory
LA_E_1160250_0043	Boundary	True	False			official_v6_boundary_cpps_invalid_or_incomplete_support
LA_E_1160250_0043	Interior_A	True	False	-159.9999999999966	-160.00000000000313	incomplete_strict_phone_support_for_nine_point_cpps_trajectory
LA_E_1160250_0043	Interior_B	True	False	0.0	5.551115123125783e-13	incomplete_strict_phone_support_for_nine_point_cpps_trajectory
LA_E_1160250_0048	Boundary	True	False			official_v6_boundary_cpps_invalid_or_incomplete_support
LA_E_1160250_0048	Interior_A	True	False	-79.9999999999983	-79.99999999999774	incomplete_strict_phone_support_for_nine_point_cpps_trajectory
LA_E_1160250_0048	Interior_B	True	False	-80.0000000000125	-79.99999999999774	incomplete_strict_phone_support_for_nine_point_cpps_trajectory
LA_E_1160250_0051	Boundary	True	False			official_v6_boundary_cpps_invalid_or_incomplete_support
LA_E_1160250_0051	Interior_A	True	False	-79.9999999999983	-79.99999999999774	incomplete_strict_phone_support_for_nine_point_cpps_trajectory
LA_E_1160250_0051	Interior_B	True	False	-159.9999999999966	-160.00000000001023	incomplete_strict_phone_support_for_nine_point_cpps_trajectory
LA_E_1160250_0060	Boundary	True	False			official_v6_boundary_cpps_invalid_or_incomplete_support
LA_E_1160250_0060	Interior_A	True	True	239.99999999999488	239.99999999999545	
LA_E_1160250_0060	Interior_B	True	True	159.9999999999966	160.00000000001137	
LA_E_1160250_0061	Boundary	True	False			official_v6_boundary_cpps_invalid_or_incomplete_support
LA_E_1160250_0061	Interior_A	True	True	159.9999999999966	160.00000000001137	
LA_E_1160250_0061	Interior_B	True	True	879.9999999999955	879.999999999996	
LA_E_1160695_0001	Boundary	True	True			
LA_E_1160695_0001	Interior_A	True	True	1.1102230246251565e-13	1.1102230246251565e-13	
LA_E_1160695_0001	Interior_B	True	False	-4.440892098500626e-13	1.1102230246251565e-13	incomplete_strict_phone_support_for_nine_point_cpps_trajectory
LA_E_1160695_0009	Boundary	True	False			official_v6_boundary_cpps_invalid_or_incomplete_support
LA_E_1160695_0009	Interior_A	True	False	-80.00000000000185	-79.99999999999952	incomplete_strict_phone_support_for_nine_point_cpps_trajectory
LA_E_1160695_0009	Interior_B	True	False	-160.00000000000014	-159.99999999999957	incomplete_strict_phone_support_for_nine_point_cpps_trajectory
LA_E_1160695_0010	Boundary	True	False			official_v6_boundary_cpps_invalid_or_incomplete_support
LA_E_1160695_0010	Interior_A	True	False	-160.00000000000014	-159.99999999999957	incomplete_strict_phone_support_for_nine_point_cpps_trajectory
LA_E_1160695_0010	Interior_B	True	False	-1.7763568394002505e-12	5.551115123125783e-13	incomplete_strict_phone_support_for_nine_point_cpps_trajectory
LA_E_1160695_0011	Boundary	True	False			official_v6_boundary_cpps_invalid_or_incomplete_support
LA_E_1160695_0011	Interior_A	True	False	-1.7763568394002505e-12	5.551115123125783e-13	incomplete_strict_phone_support_for_nine_point_cpps_trajectory
LA_E_1160695_0011	Interior_B	True	False	-80.00000000000185	-79.99999999999952	incomplete_strict_phone_support_for_nine_point_cpps_trajectory
LA_E_1160695_0015	Boundary	True	True			
LA_E_1160695_0015	Interior_A	True	True	319.9999999999985	320.00000000000085	
LA_E_1160695_0015	Interior_B	True	False	-160.00000000000014	-159.99999999999957	incomplete_strict_phone_support_for_nine_point_cpps_trajectory
LA_E_1160695_0019	Boundary	True	False			official_v6_boundary_cpps_invalid_or_incomplete_support
LA_E_1160695_0019	Interior_A	True	False	-80.00000000000185	-79.99999999999774	incomplete_strict_phone_support_for_nine_point_cpps_trajectory
LA_E_1160695_0019	Interior_B	True	False	-160.00000000000014	-159.99999999999957	incomplete_strict_phone_support_for_nine_point_cpps_trajectory
LA_E_1160695_0020	Boundary	True	True			
LA_E_1160695_0020	Interior_A	True	False	-160.00000000000014	-159.99999999999957	incomplete_strict_phone_support_for_nine_point_cpps_trajectory
LA_E_1160695_0020	Interior_B	True	True	719.9999999999989	719.9999999999994	
LA_E_1160695_0021	Boundary	True	True			
LA_E_1160695_0021	Interior_A	True	True	719.9999999999989	719.9999999999994	
LA_E_1160695_0021	Interior_B	True	True	160.00000000000014	160.0000000000007	
LA_E_1160695_0022	Boundary	True	True			
LA_E_1160695_0022	Interior_A	True	True	160.00000000000014	160.0000000000007	
LA_E_1160695_0022	Interior_B	True	True	559.9999999999987	559.9999999999993	
LA_E_1162176_0000	Boundary	True	True			
LA_E_1162176_0000	Interior_A	True	True	239.99999999999977	239.9999999999999	
LA_E_1162176_0000	Interior_B	True	False	4.440892098500626e-13	-3.3306690738754696e-13	incomplete_strict_phone_support_for_nine_point_cpps_trajectory
LA_E_1162176_0001	Boundary	True	True			
LA_E_1162176_0001	Interior_A	True	False	4.440892098500626e-13	-3.3306690738754696e-13	incomplete_strict_phone_support_for_nine_point_cpps_trajectory
LA_E_1162176_0001	Interior_B	True	True	80.00000000000007	79.99999999999974	
LA_E_1162176_0003	Boundary	True	False			official_v6_boundary_cpps_invalid_or_incomplete_support
LA_E_1162176_0003	Interior_A	True	False	-160.00000000000102	-159.9999999999987	incomplete_strict_phone_support_for_nine_point_cpps_trajectory
LA_E_1162176_0003	Interior_B	True	True	80.00000000000097	80.00000000000063	
LA_E_1162176_0009	Boundary	True	True			
LA_E_1162176_0009	Interior_A	True	False	-80.00000000000185	-79.99999999999952	incomplete_strict_phone_support_for_nine_point_cpps_trajectory
LA_E_1162176_0009	Interior_B	True	True	479.99999999999864	480.00000000000097	
LA_E_1162176_0010	Boundary	True	False			official_v6_boundary_cpps_invalid_or_incomplete_support
LA_E_1162176_0010	Interior_A	True	True	479.99999999999864	480.00000000000097	
LA_E_1162176_0010	Interior_B	True	True	480.00000000000045	480.00000000000097	
LA_E_1162176_0015	Boundary	True	False			official_v6_boundary_cpps_invalid_or_incomplete_support
LA_E_1162176_0015	Interior_A	True	True	159.9999999999966	160.0000000000007	
LA_E_1162176_0015	Interior_B	True	False	-79.9999999999983	-80.0000000000013	incomplete_strict_phone_support_for_nine_point_cpps_trajectory
LA_E_1162176_0016	Boundary	True	False			official_v6_boundary_cpps_invalid_or_incomplete_support
LA_E_1162176_0016	Interior_A	True	False	-79.9999999999983	-80.0000000000013	incomplete_strict_phone_support_for_nine_point_cpps_trajectory
LA_E_1162176_0016	Interior_B	True	False	-160.00000000000014	-159.99999999999957	incomplete_strict_phone_support_for_nine_point_cpps_trajectory
LA_E_1162176_0017	Boundary	True	False			official_v6_boundary_cpps_invalid_or_incomplete_support
LA_E_1162176_0017	Interior_A	True	False	-160.00000000000014	-159.99999999999957	incomplete_strict_phone_support_for_nine_point_cpps_trajectory
LA_E_1162176_0017	Interior_B	True	True	239.99999999999844	239.999999999999	
LA_E_1162176_0020	Boundary	True	True			
LA_E_1162176_0020	Interior_A	True	True	399.9999999999986	400.0000000000027	
LA_E_1162176_0020	Interior_B	True	False	-3.552713678800501e-12	5.551115123125783e-13	incomplete_strict_phone_support_for_nine_point_cpps_trajectory
LA_E_1162176_0021	Boundary	True	True			
LA_E_1162176_0021	Interior_A	True	False	-3.552713678800501e-12	5.551115123125783e-13	incomplete_strict_phone_support_for_nine_point_cpps_trajectory
LA_E_1162176_0021	Interior_B	True	True	160.00000000000014	159.99999999999716	
LA_E_1162176_0024	Boundary	True	True			
LA_E_1162176_0024	Interior_A	True	True	160.0000000000037	159.99999999999716	
LA_E_1162176_0024	Interior_B	True	True	239.99999999999488	240.00000000000256	
LA_E_1162176_0025	Boundary	True	True			
LA_E_1162176_0025	Interior_A	True	True	239.99999999999488	240.00000000000256	
LA_E_1162176_0025	Interior_B	True	False	0.0	5.551115123125783e-13	incomplete_strict_phone_support_for_nine_point_cpps_trajectory
LA_E_1162176_0026	Boundary	True	True			
LA_E_1162176_0026	Interior_A	True	False	0.0	5.551115123125783e-13	incomplete_strict_phone_support_for_nine_point_cpps_trajectory
LA_E_1162176_0026	Interior_B	True	True	399.9999999999986	399.99999999999915	
LA_E_1162176_0029	Boundary	True	True			
LA_E_1162176_0029	Interior_A	True	False	-80.0000000000054	-79.99999999999774	incomplete_strict_phone_support_for_nine_point_cpps_trajectory
LA_E_1162176_0029	Interior_B	True	False	-159.9999999999966	-160.00000000000313	incomplete_strict_phone_support_for_nine_point_cpps_trajectory
LA_E_1162176_0032	Boundary	True	True			
LA_E_1162176_0032	Interior_A	True	True	240.000000000002	239.99999999999545	
LA_E_1162176_0032	Interior_B	True	True	160.0000000000037	159.99999999999716	
LA_E_1162176_0036	Boundary	True	False			official_v6_boundary_cpps_invalid_or_incomplete_support
LA_E_1162176_0036	Interior_A	True	True	399.9999999999986	399.99999999999915	
LA_E_1162176_0036	Interior_B	True	True	479.9999999999969	480.00000000000455	
LA_E_1162176_0037	Boundary	True	True			
LA_E_1162176_0037	Interior_A	True	True	479.9999999999969	480.00000000000455	
LA_E_1162176_0037	Interior_B	True	True	79.9999999999983	79.99999999999885	
LA_E_1162176_0041	Boundary	True	True			
LA_E_1162176_0041	Interior_A	True	True	80.0000000000054	79.99999999999885	
LA_E_1162176_0041	Interior_B	True	True	79.9999999999983	79.99999999999885	
LA_E_1162176_0042	Boundary	True	True			
LA_E_1162176_0042	Interior_A	True	True	79.9999999999983	79.99999999999885	
LA_E_1162176_0042	Interior_B	True	False	-159.9999999999966	-160.00000000000313	incomplete_strict_phone_support_for_nine_point_cpps_trajectory
LA_E_1162176_0043	Boundary	True	False			official_v6_boundary_cpps_invalid_or_incomplete_support
LA_E_1162176_0043	Interior_A	True	False	-159.9999999999966	-160.00000000000313	incomplete_strict_phone_support_for_nine_point_cpps_trajectory
LA_E_1162176_0043	Interior_B	True	True	159.9999999999966	160.00000000000426	
LA_E_1162176_0049	Boundary	True	True			
LA_E_1162176_0049	Interior_A	True	False	0.0	5.551115123125783e-13	incomplete_strict_phone_support_for_nine_point_cpps_trajectory
LA_E_1162176_0049	Interior_B	True	False	-159.9999999999966	-159.99999999999602	incomplete_strict_phone_support_for_nine_point_cpps_trajectory
LA_E_1162176_0054	Boundary	True	True			
LA_E_1162176_0054	Interior_A	True	True	239.99999999999488	240.00000000000966	
LA_E_1162176_0054	Interior_B	True	True	400.0000000000057	399.99999999999204	
LA_E_1166687_0000	Boundary	True	True			
LA_E_1166687_0000	Interior_A	True	True	79.9999999999983	80.00000000000152	
LA_E_1166687_0000	Interior_B	True	False	-80.00000000000007	-79.99999999999952	incomplete_strict_phone_support_for_nine_point_cpps_trajectory
LA_E_1166687_0001	Boundary	True	True			
LA_E_1166687_0001	Interior_A	True	False	-80.00000000000007	-79.99999999999952	incomplete_strict_phone_support_for_nine_point_cpps_trajectory
LA_E_1166687_0001	Interior_B	True	False	-80.00000000000007	-80.0000000000004	incomplete_strict_phone_support_for_nine_point_cpps_trajectory
LA_E_1166687_0002	Boundary	True	False			official_v6_boundary_cpps_invalid_or_incomplete_support
LA_E_1166687_0002	Interior_A	True	False	-80.00000000000007	-80.0000000000004	incomplete_strict_phone_support_for_nine_point_cpps_trajectory
LA_E_1166687_0002	Interior_B	True	False	8.881784197001252e-13	-3.3306690738754696e-13	incomplete_strict_phone_support_for_nine_point_cpps_trajectory
LA_E_1166687_0004	Boundary	True	True			
LA_E_1166687_0004	Interior_A	True	False	-160.00000000000102	-159.9999999999987	incomplete_strict_phone_support_for_nine_point_cpps_trajectory
LA_E_1166687_0004	Interior_B	True	True	320.0000000000003	319.9999999999991	
LA_E_1166687_0005	Boundary	True	True			
LA_E_1166687_0005	Interior_A	True	True	320.0000000000003	319.9999999999991	
LA_E_1166687_0005	Interior_B	True	False	-80.00000000000007	-79.99999999999952	incomplete_strict_phone_support_for_nine_point_cpps_trajectory
LA_E_1166687_0006	Boundary	True	True			
LA_E_1166687_0006	Interior_A	True	False	-80.00000000000007	-79.99999999999952	incomplete_strict_phone_support_for_nine_point_cpps_trajectory
LA_E_1166687_0006	Interior_B	True	False	-80.00000000000007	-80.0000000000013	incomplete_strict_phone_support_for_nine_point_cpps_trajectory
LA_E_1166687_0007	Boundary	True	True			
LA_E_1166687_0007	Interior_A	True	False	-80.00000000000007	-80.0000000000013	incomplete_strict_phone_support_for_nine_point_cpps_trajectory
LA_E_1166687_0007	Interior_B	True	False	-80.00000000000185	-79.99999999999952	incomplete_strict_phone_support_for_nine_point_cpps_trajectory
LA_E_1166687_0008	Boundary	True	False			official_v6_boundary_cpps_invalid_or_incomplete_support
LA_E_1166687_0008	Interior_A	True	False	-80.00000000000185	-79.99999999999952	incomplete_strict_phone_support_for_nine_point_cpps_trajectory
LA_E_1166687_0008	Interior_B	True	True	160.00000000000014	160.0000000000007	
LA_E_1166687_0010	Boundary	True	False			official_v6_boundary_cpps_invalid_or_incomplete_support
LA_E_1166687_0010	Interior_A	True	False	-160.00000000000193	-159.99999999999957	incomplete_strict_phone_support_for_nine_point_cpps_trajectory
LA_E_1166687_0010	Interior_B	True	True	239.99999999999844	240.00000000000256	
LA_E_1166687_0011	Boundary	True	False			official_v6_boundary_cpps_invalid_or_incomplete_support
LA_E_1166687_0011	Interior_A	True	True	239.99999999999844	240.00000000000256	
LA_E_1166687_0011	Interior_B	True	True	159.9999999999966	160.0000000000007	
LA_E_1166687_0012	Boundary	True	False			official_v6_boundary_cpps_invalid_or_incomplete_support
LA_E_1166687_0012	Interior_A	True	True	159.9999999999966	160.0000000000007	
LA_E_1166687_0012	Interior_B	True	True	160.00000000000014	160.0000000000007	
LA_E_1169027_0000	Boundary	True	False			official_v6_boundary_cpps_invalid_or_incomplete_support
LA_E_1169027_0000	Interior_A	True	True	239.99999999999977	240.0000000000003	
LA_E_1169027_0000	Interior_B	True	False	-80.00000000000051	-79.99999999999952	incomplete_strict_phone_support_for_nine_point_cpps_trajectory
LA_E_1169027_0003	Boundary	True	True			
LA_E_1169027_0003	Interior_A	True	False	-160.00000000000014	-159.99999999999957	incomplete_strict_phone_support_for_nine_point_cpps_trajectory
LA_E_1169027_0003	Interior_B	True	False	-80.00000000000007	-79.99999999999952	incomplete_strict_phone_support_for_nine_point_cpps_trajectory
LA_E_1169027_0004	Boundary	True	True			
LA_E_1169027_0004	Interior_A	True	False	-80.00000000000007	-79.99999999999952	incomplete_strict_phone_support_for_nine_point_cpps_trajectory
LA_E_1169027_0004	Interior_B	True	True	80.00000000000007	80.00000000000063	
LA_E_1169027_0005	Boundary	True	True			
LA_E_1169027_0005	Interior_A	True	True	80.00000000000007	80.00000000000063	
LA_E_1169027_0005	Interior_B	True	True	79.9999999999983	80.00000000000063	
LA_E_1169027_0006	Boundary	True	False			official_v6_boundary_cpps_invalid_or_incomplete_support
LA_E_1169027_0006	Interior_A	True	True	79.9999999999983	80.00000000000063	
LA_E_1169027_0006	Interior_B	True	True	880.0000000000008	879.9999999999995	
LA_E_1169027_0007	Boundary	True	False			official_v6_boundary_cpps_invalid_or_incomplete_support
LA_E_1169027_0007	Interior_A	True	True	879.999999999999	880.0000000000014	
LA_E_1169027_0007	Interior_B	True	False	-80.00000000000007	-79.99999999999952	incomplete_strict_phone_support_for_nine_point_cpps_trajectory
LA_E_1169945_0004	Boundary	True	False			official_v6_boundary_cpps_invalid_or_incomplete_support
LA_E_1169945_0004	Interior_A	True	True	80.00000000000007	79.99999999999885	
LA_E_1169945_0004	Interior_B	True	True	80.00000000000007	80.00000000000063	
LA_E_1169945_0005	Boundary	True	False			official_v6_boundary_cpps_invalid_or_incomplete_support
LA_E_1169945_0005	Interior_A	True	True	80.00000000000007	80.00000000000063	
LA_E_1169945_0005	Interior_B	True	False	-160.00000000000014	-160.00000000000136	incomplete_strict_phone_support_for_nine_point_cpps_trajectory
LA_E_1169945_0009	Boundary	True	True			
LA_E_1169945_0009	Interior_A	True	True	79.9999999999983	80.0000000000024	
LA_E_1169945_0009	Interior_B	True	True	160.00000000000014	159.99999999999716	
LA_E_1169945_0010	Boundary	True	True			
LA_E_1169945_0010	Interior_A	True	True	160.00000000000014	159.99999999999716	
LA_E_1169945_0010	Interior_B	True	True	80.00000000000185	79.99999999999885	
LA_E_1169945_0011	Boundary	True	True			
LA_E_1169945_0011	Interior_A	True	True	80.00000000000185	79.99999999999885	
LA_E_1169945_0011	Interior_B	True	False	0.0	5.551115123125783e-13	incomplete_strict_phone_support_for_nine_point_cpps_trajectory
LA_E_1169945_0012	Boundary	True	False			official_v6_boundary_cpps_invalid_or_incomplete_support
LA_E_1169945_0012	Interior_A	True	False	0.0	5.551115123125783e-13	incomplete_strict_phone_support_for_nine_point_cpps_trajectory
LA_E_1169945_0012	Interior_B	True	True	79.9999999999983	79.99999999999885	
LA_E_1169945_0017	Boundary	True	False			official_v6_boundary_cpps_invalid_or_incomplete_support
LA_E_1169945_0017	Interior_A	True	True	160.00000000000014	159.99999999999716	
LA_E_1169945_0017	Interior_B	True	False	-160.00000000000014	-159.99999999999957	incomplete_strict_phone_support_for_nine_point_cpps_trajectory
LA_E_1169945_0018	Boundary	True	True			
LA_E_1169945_0018	Interior_A	True	False	-160.00000000000014	-159.99999999999957	incomplete_strict_phone_support_for_nine_point_cpps_trajectory
LA_E_1169945_0018	Interior_B	True	False	0.0	5.551115123125783e-13	incomplete_strict_phone_support_for_nine_point_cpps_trajectory
LA_E_1169945_0019	Boundary	True	False			official_v6_boundary_cpps_invalid_or_incomplete_support
LA_E_1169945_0019	Interior_A	True	False	0.0	5.551115123125783e-13	incomplete_strict_phone_support_for_nine_point_cpps_trajectory
LA_E_1169945_0019	Interior_B	True	False	-80.00000000000185	-80.0000000000013	incomplete_strict_phone_support_for_nine_point_cpps_trajectory
LA_E_1169945_0020	Boundary	True	False			official_v6_boundary_cpps_invalid_or_incomplete_support
LA_E_1169945_0020	Interior_A	True	False	-80.00000000000185	-80.0000000000013	incomplete_strict_phone_support_for_nine_point_cpps_trajectory
LA_E_1169945_0020	Interior_B	True	False	-160.00000000000014	-159.99999999999957	incomplete_strict_phone_support_for_nine_point_cpps_trajectory
LA_E_1169945_0023	Boundary	True	True			
LA_E_1169945_0023	Interior_A	True	True	239.99999999999844	240.00000000000256	
LA_E_1169945_0023	Interior_B	True	False	-79.9999999999983	-80.00000000000485	incomplete_strict_phone_support_for_nine_point_cpps_trajectory
LA_E_1169945_0024	Boundary	True	True			
LA_E_1169945_0024	Interior_A	True	False	-79.9999999999983	-80.00000000000485	incomplete_strict_phone_support_for_nine_point_cpps_trajectory
LA_E_1169945_0024	Interior_B	True	False	-159.9999999999966	-160.00000000000313	incomplete_strict_phone_support_for_nine_point_cpps_trajectory
LA_E_1169945_0025	Boundary	True	False			official_v6_boundary_cpps_invalid_or_incomplete_support
LA_E_1169945_0025	Interior_A	True	False	-159.9999999999966	-160.00000000000313	incomplete_strict_phone_support_for_nine_point_cpps_trajectory
LA_E_1169945_0025	Interior_B	True	False	0.0	5.551115123125783e-13	incomplete_strict_phone_support_for_nine_point_cpps_trajectory
LA_E_1169945_0026	Boundary	True	False			official_v6_boundary_cpps_invalid_or_incomplete_support
LA_E_1169945_0026	Interior_A	True	False	0.0	5.551115123125783e-13	incomplete_strict_phone_support_for_nine_point_cpps_trajectory
LA_E_1169945_0026	Interior_B	True	True	240.000000000002	239.99999999999545	
LA_E_1170998_0001	Boundary	True	True			
LA_E_1170998_0001	Interior_A	True	False	-160.00000000000003	-160.00000000000003	incomplete_strict_phone_support_for_nine_point_cpps_trajectory
LA_E_1170998_0001	Interior_B	True	False	-160.00000000000014	-160.00000000000003	incomplete_strict_phone_support_for_nine_point_cpps_trajectory
LA_E_1170998_0002	Boundary	True	True			
LA_E_1170998_0002	Interior_A	True	False	-160.00000000000014	-160.00000000000003	incomplete_strict_phone_support_for_nine_point_cpps_trajectory
LA_E_1170998_0002	Interior_B	True	False	0.0	1.1102230246251565e-13	incomplete_strict_phone_support_for_nine_point_cpps_trajectory
LA_E_1170998_0003	Boundary	True	True			
LA_E_1170998_0003	Interior_A	True	False	0.0	1.1102230246251565e-13	incomplete_strict_phone_support_for_nine_point_cpps_trajectory
LA_E_1170998_0003	Interior_B	True	True	160.00000000000014	159.9999999999998	
LA_E_1170998_0007	Boundary	True	False			official_v6_boundary_cpps_invalid_or_incomplete_support
LA_E_1170998_0007	Interior_A	True	False	-80.00000000000007	-79.99999999999952	incomplete_strict_phone_support_for_nine_point_cpps_trajectory
LA_E_1170998_0007	Interior_B	True	True	79.9999999999983	80.00000000000063	
LA_E_1170998_0008	Boundary	True	False			official_v6_boundary_cpps_invalid_or_incomplete_support
LA_E_1170998_0008	Interior_A	True	True	79.9999999999983	80.00000000000063	
LA_E_1170998_0008	Interior_B	True	True	80.00000000000007	79.99999999999885	
LA_E_1170998_0018	Boundary	True	False			official_v6_boundary_cpps_invalid_or_incomplete_support
LA_E_1170998_0018	Interior_A	True	True	160.00000000000014	159.99999999999716	
LA_E_1170998_0018	Interior_B	True	False	-80.00000000000185	-79.99999999999774	incomplete_strict_phone_support_for_nine_point_cpps_trajectory
LA_E_1170998_0019	Boundary	True	True			
LA_E_1170998_0019	Interior_A	True	False	-80.00000000000185	-79.99999999999774	incomplete_strict_phone_support_for_nine_point_cpps_trajectory
LA_E_1170998_0019	Interior_B	True	True	79.9999999999983	80.0000000000024	
LA_E_1170998_0020	Boundary	True	True			
LA_E_1170998_0020	Interior_A	True	True	79.9999999999983	80.0000000000024	
LA_E_1170998_0020	Interior_B	True	False	-160.00000000000014	-160.00000000000313	incomplete_strict_phone_support_for_nine_point_cpps_trajectory
LA_E_1170998_0023	Boundary	True	False			official_v6_boundary_cpps_invalid_or_incomplete_support
LA_E_1170998_0023	Interior_A	True	False	-79.9999999999983	-80.0000000000013	incomplete_strict_phone_support_for_nine_point_cpps_trajectory
LA_E_1170998_0023	Interior_B	True	False	-160.00000000000014	-159.99999999999957	incomplete_strict_phone_support_for_nine_point_cpps_trajectory
LA_E_1170998_0024	Boundary	True	False			official_v6_boundary_cpps_invalid_or_incomplete_support
LA_E_1170998_0024	Interior_A	True	False	-160.00000000000014	-159.99999999999957	incomplete_strict_phone_support_for_nine_point_cpps_trajectory
LA_E_1170998_0024	Interior_B	True	False	-160.00000000000014	-159.99999999999957	incomplete_strict_phone_support_for_nine_point_cpps_trajectory
LA_E_1170998_0025	Boundary	True	True			
LA_E_1170998_0025	Interior_A	True	False	-160.00000000000014	-159.99999999999957	incomplete_strict_phone_support_for_nine_point_cpps_trajectory
LA_E_1170998_0025	Interior_B	True	True	79.9999999999983	79.99999999999885	
LA_E_1170998_0030	Boundary	True	False			official_v6_boundary_cpps_invalid_or_incomplete_support
LA_E_1170998_0030	Interior_A	True	True	399.9999999999986	399.99999999999915	
LA_E_1170998_0030	Interior_B	True	True	559.9999999999987	560.0000000000028	
LA_E_1172364_0000	Boundary	True	True			
LA_E_1172364_0000	Interior_A	True	False	-160.00000000000003	-160.00000000000003	incomplete_strict_phone_support_for_nine_point_cpps_trajectory
LA_E_1172364_0000	Interior_B	True	True	319.99999999999983	319.99999999999994	
LA_E_1172364_0003	Boundary	True	True			
LA_E_1172364_0003	Interior_A	True	False	-79.99999999999963	-80.0000000000004	incomplete_strict_phone_support_for_nine_point_cpps_trajectory
LA_E_1172364_0003	Interior_B	True	True	160.00000000000014	159.9999999999998	
LA_E_1172364_0004	Boundary	True	True			
LA_E_1172364_0004	Interior_A	True	True	160.00000000000014	159.9999999999998	
LA_E_1172364_0004	Interior_B	True	True	720.0000000000007	719.9999999999994	
LA_E_1172364_0007	Boundary	True	True			
LA_E_1172364_0007	Interior_A	True	True	80.00000000000007	79.99999999999885	
LA_E_1172364_0007	Interior_B	True	False	-160.00000000000014	-160.00000000000136	incomplete_strict_phone_support_for_nine_point_cpps_trajectory
LA_E_1172749_0000	Boundary	True	True			
LA_E_1172749_0000	Interior_A	True	False	-160.00000000000003	-160.00000000000003	incomplete_strict_phone_support_for_nine_point_cpps_trajectory
LA_E_1172749_0000	Interior_B	True	False	-80.00000000000007	-79.99999999999996	incomplete_strict_phone_support_for_nine_point_cpps_trajectory
LA_E_1172749_0003	Boundary	True	False			official_v6_boundary_cpps_invalid_or_incomplete_support
LA_E_1172749_0003	Interior_A	True	True	80.00000000000007	79.99999999999974	
LA_E_1172749_0003	Interior_B	True	False	-8.881784197001252e-13	1.4432899320127035e-12	incomplete_strict_phone_support_for_nine_point_cpps_trajectory
LA_E_1172749_0004	Boundary	True	False			official_v6_boundary_cpps_invalid_or_incomplete_support
LA_E_1172749_0004	Interior_A	True	False	-8.881784197001252e-13	1.4432899320127035e-12	incomplete_strict_phone_support_for_nine_point_cpps_trajectory
LA_E_1172749_0004	Interior_B	True	False	0.0	5.551115123125783e-13	incomplete_strict_phone_support_for_nine_point_cpps_trajectory
LA_E_1172749_0007	Boundary	True	False			official_v6_boundary_cpps_invalid_or_incomplete_support
LA_E_1172749_0007	Interior_A	True	True	399.9999999999986	400.0000000000009	
LA_E_1172749_0007	Interior_B	True	False	-1.7763568394002505e-12	5.551115123125783e-13	incomplete_strict_phone_support_for_nine_point_cpps_trajectory
LA_E_1172749_0008	Boundary	True	False			official_v6_boundary_cpps_invalid_or_incomplete_support
LA_E_1172749_0008	Interior_A	True	False	-1.7763568394002505e-12	5.551115123125783e-13	incomplete_strict_phone_support_for_nine_point_cpps_trajectory
LA_E_1172749_0008	Interior_B	True	True	80.00000000000007	80.00000000000063	
LA_E_1172749_0011	Boundary	True	True			
LA_E_1172749_0011	Interior_A	True	True	160.00000000000014	160.0000000000007	
LA_E_1172749_0011	Interior_B	True	True	1039.9999999999973	1039.9999999999995	
LA_E_1172749_0016	Boundary	True	True			
LA_E_1172749_0016	Interior_A	True	False	-79.9999999999983	-80.0000000000013	incomplete_strict_phone_support_for_nine_point_cpps_trajectory
LA_E_1172749_0016	Interior_B	True	True	159.9999999999966	160.00000000000426	
LA_E_1172749_0019	Boundary	True	False			official_v6_boundary_cpps_invalid_or_incomplete_support
LA_E_1172749_0019	Interior_A	True	True	160.0000000000037	159.99999999999716	
LA_E_1172749_0019	Interior_B	True	True	79.9999999999983	79.99999999999885	
LA_E_1172749_0020	Boundary	True	False			official_v6_boundary_cpps_invalid_or_incomplete_support
LA_E_1172749_0020	Interior_A	True	True	79.9999999999983	79.99999999999885	
LA_E_1172749_0020	Interior_B	True	False	-159.9999999999966	-160.00000000000313	incomplete_strict_phone_support_for_nine_point_cpps_trajectory
LA_E_1172749_0021	Boundary	True	False			official_v6_boundary_cpps_invalid_or_incomplete_support
LA_E_1172749_0021	Interior_A	True	False	-159.9999999999966	-160.00000000000313	incomplete_strict_phone_support_for_nine_point_cpps_trajectory
LA_E_1172749_0021	Interior_B	True	True	160.0000000000037	159.99999999999716	
LA_E_1172749_0022	Boundary	True	True			
LA_E_1172749_0022	Interior_A	True	True	160.0000000000037	159.99999999999716	
LA_E_1172749_0022	Interior_B	True	False	-159.9999999999966	-160.00000000000313	incomplete_strict_phone_support_for_nine_point_cpps_trajectory
LA_E_1172749_0023	Boundary	True	True			
LA_E_1172749_0023	Interior_A	True	False	-159.9999999999966	-160.00000000000313	incomplete_strict_phone_support_for_nine_point_cpps_trajectory
LA_E_1172749_0023	Interior_B	True	True	240.000000000002	239.99999999999545	
LA_E_1172749_0026	Boundary	True	False			official_v6_boundary_cpps_invalid_or_incomplete_support
LA_E_1172749_0026	Interior_A	True	True	239.99999999999488	240.00000000000256	
LA_E_1172749_0026	Interior_B	True	True	640.0000000000006	640.0000000000011	
LA_E_1172749_0027	Boundary	True	False			official_v6_boundary_cpps_invalid_or_incomplete_support
LA_E_1172749_0027	Interior_A	True	True	640.0000000000006	640.0000000000011	
LA_E_1172749_0027	Interior_B	True	False	0.0	-6.5503158452884236e-12	incomplete_strict_phone_support_for_nine_point_cpps_trajectory
LA_E_1172749_0028	Boundary	True	False			official_v6_boundary_cpps_invalid_or_incomplete_support
LA_E_1172749_0028	Interior_A	True	False	0.0	-6.5503158452884236e-12	incomplete_strict_phone_support_for_nine_point_cpps_trajectory
LA_E_1172749_0028	Interior_B	True	False	0.0	5.551115123125783e-13	incomplete_strict_phone_support_for_nine_point_cpps_trajectory
LA_E_1172749_0029	Boundary	True	True			
LA_E_1172749_0029	Interior_A	True	False	0.0	5.551115123125783e-13	incomplete_strict_phone_support_for_nine_point_cpps_trajectory
LA_E_1172749_0029	Interior_B	True	False	-159.9999999999966	-160.00000000000313	incomplete_strict_phone_support_for_nine_point_cpps_trajectory
LA_E_1172749_0030	Boundary	True	True			
LA_E_1172749_0030	Interior_A	True	False	-159.9999999999966	-160.00000000000313	incomplete_strict_phone_support_for_nine_point_cpps_trajectory
LA_E_1172749_0030	Interior_B	True	True	80.0000000000054	79.99999999999885	
LA_E_1172749_0031	Boundary	True	False			official_v6_boundary_cpps_invalid_or_incomplete_support
LA_E_1172749_0031	Interior_A	True	True	80.0000000000054	79.99999999999885	
LA_E_1172749_0031	Interior_B	True	True	239.99999999999488	240.00000000000256	
LA_E_1172749_0032	Boundary	True	False			official_v6_boundary_cpps_invalid_or_incomplete_support
LA_E_1172749_0032	Interior_A	True	True	239.99999999999488	240.00000000000256	
LA_E_1172749_0032	Interior_B	True	True	79.9999999999983	79.99999999999885	
LA_E_1172749_0033	Boundary	True	True			
LA_E_1172749_0033	Interior_A	True	True	79.9999999999983	79.99999999999885	
LA_E_1172749_0033	Interior_B	True	True	79.9999999999983	79.99999999999885	
LA_E_1172749_0034	Boundary	True	False			official_v6_boundary_cpps_invalid_or_incomplete_support
LA_E_1172749_0034	Interior_A	True	True	79.9999999999983	79.99999999999885	
LA_E_1172749_0034	Interior_B	True	True	400.0000000000057	399.99999999999915	
LA_E_1172749_0035	Boundary	True	False			official_v6_boundary_cpps_invalid_or_incomplete_support
LA_E_1172749_0035	Interior_A	True	True	400.0000000000057	399.99999999999915	
LA_E_1172749_0035	Interior_B	True	False	0.0	5.551115123125783e-13	incomplete_strict_phone_support_for_nine_point_cpps_trajectory
LA_E_1172749_0036	Boundary	True	True			
LA_E_1172749_0036	Interior_A	True	False	0.0	5.551115123125783e-13	incomplete_strict_phone_support_for_nine_point_cpps_trajectory
LA_E_1172749_0036	Interior_B	True	False	-160.0000000000037	-160.00000000000313	incomplete_strict_phone_support_for_nine_point_cpps_trajectory
LA_E_1172749_0037	Boundary	True	True			
LA_E_1172749_0037	Interior_A	True	False	-160.0000000000037	-160.00000000000313	incomplete_strict_phone_support_for_nine_point_cpps_trajectory
LA_E_1172749_0037	Interior_B	True	False	-79.9999999999983	-79.99999999999774	incomplete_strict_phone_support_for_nine_point_cpps_trajectory
LA_E_1172749_0038	Boundary	True	True			
LA_E_1172749_0038	Interior_A	True	False	-79.9999999999983	-79.99999999999774	incomplete_strict_phone_support_for_nine_point_cpps_trajectory
LA_E_1172749_0038	Interior_B	True	True	79.9999999999983	79.99999999999885	
LA_E_1172749_0046	Boundary	True	False			official_v6_boundary_cpps_invalid_or_incomplete_support
LA_E_1172749_0046	Interior_A	True	True	320.0000000000074	319.99999999999375	
LA_E_1172749_0046	Interior_B	True	False	0.0	-1.3655743202889425e-11	incomplete_strict_phone_support_for_nine_point_cpps_trajectory
LA_E_1172749_0047	Boundary	True	False			official_v6_boundary_cpps_invalid_or_incomplete_support
LA_E_1172749_0047	Interior_A	True	False	0.0	-1.3655743202889425e-11	incomplete_strict_phone_support_for_nine_point_cpps_trajectory
LA_E_1172749_0047	Interior_B	True	True	320.0000000000074	319.99999999999375	
LA_E_1172749_0048	Boundary	True	False			official_v6_boundary_cpps_invalid_or_incomplete_support
LA_E_1172749_0048	Interior_A	True	True	320.0000000000074	319.99999999999375	
LA_E_1172749_0048	Interior_B	True	True	719.9999999999989	719.9999999999994	
LA_E_1172749_0049	Boundary	True	True			
LA_E_1172749_0049	Interior_A	True	True	719.9999999999989	719.9999999999994	
LA_E_1172749_0049	Interior_B	True	True	319.9999999999932	320.00000000000796	
LA_E_1176163_0001	Boundary	True	False			official_v6_boundary_cpps_invalid_or_incomplete_support
LA_E_1176163_0001	Interior_A	True	True	240.00000000000153	239.9999999999999	
LA_E_1176163_0001	Interior_B	True	False	0.0	1.1102230246251565e-13	incomplete_strict_phone_support_for_nine_point_cpps_trajectory
LA_E_1176163_0002	Boundary	True	False			official_v6_boundary_cpps_invalid_or_incomplete_support
LA_E_1176163_0002	Interior_A	True	False	0.0	1.1102230246251565e-13	incomplete_strict_phone_support_for_nine_point_cpps_trajectory
LA_E_1176163_0002	Interior_B	True	True	240.00000000000023	239.9999999999999	
LA_E_1176163_0005	Boundary	True	True			
LA_E_1176163_0005	Interior_A	True	False	0.0	-3.3306690738754696e-13	incomplete_strict_phone_support_for_nine_point_cpps_trajectory
LA_E_1176163_0005	Interior_B	True	False	-159.99999999999926	-159.99999999999957	incomplete_strict_phone_support_for_nine_point_cpps_trajectory
LA_E_1176163_0006	Boundary	True	True			
LA_E_1176163_0006	Interior_A	True	False	-159.99999999999926	-159.99999999999957	incomplete_strict_phone_support_for_nine_point_cpps_trajectory
LA_E_1176163_0006	Interior_B	True	False	-80.00000000000185	-79.99999999999952	incomplete_strict_phone_support_for_nine_point_cpps_trajectory
LA_E_1176163_0007	Boundary	True	True			
LA_E_1176163_0007	Interior_A	True	False	-80.00000000000185	-79.99999999999952	incomplete_strict_phone_support_for_nine_point_cpps_trajectory
LA_E_1176163_0007	Interior_B	True	True	799.999999999999	800.0000000000013	
LA_E_1176163_0011	Boundary	True	True			
LA_E_1176163_0011	Interior_A	True	False	-80.00000000000007	-80.0000000000013	incomplete_strict_phone_support_for_nine_point_cpps_trajectory
LA_E_1176163_0011	Interior_B	True	True	80.00000000000007	80.00000000000063	
LA_E_1176163_0012	Boundary	True	False			official_v6_boundary_cpps_invalid_or_incomplete_support
LA_E_1176163_0012	Interior_A	True	True	80.00000000000007	80.00000000000063	
LA_E_1176163_0012	Interior_B	True	True	719.9999999999989	719.9999999999994	
LA_E_1176163_0016	Boundary	True	False			official_v6_boundary_cpps_invalid_or_incomplete_support
LA_E_1176163_0016	Interior_A	True	True	320.0000000000003	319.99999999999727	
LA_E_1176163_0016	Interior_B	True	False	-160.00000000000014	-159.99999999999957	incomplete_strict_phone_support_for_nine_point_cpps_trajectory
LA_E_1176163_0017	Boundary	True	True			
LA_E_1176163_0017	Interior_A	True	False	-160.00000000000014	-159.99999999999957	incomplete_strict_phone_support_for_nine_point_cpps_trajectory
LA_E_1176163_0017	Interior_B	True	False	0.0	5.551115123125783e-13	incomplete_strict_phone_support_for_nine_point_cpps_trajectory
LA_E_1176163_0018	Boundary	True	False			official_v6_boundary_cpps_invalid_or_incomplete_support
LA_E_1176163_0018	Interior_A	True	False	0.0	5.551115123125783e-13	incomplete_strict_phone_support_for_nine_point_cpps_trajectory
LA_E_1176163_0018	Interior_B	True	False	0.0	-2.9976021664879227e-12	incomplete_strict_phone_support_for_nine_point_cpps_trajectory
LA_E_1176163_0025	Boundary	True	False			official_v6_boundary_cpps_invalid_or_incomplete_support
LA_E_1176163_0025	Interior_A	True	False	-3.552713678800501e-12	5.551115123125783e-13	incomplete_strict_phone_support_for_nine_point_cpps_trajectory
LA_E_1176163_0025	Interior_B	True	False	-79.9999999999983	-80.00000000000485	incomplete_strict_phone_support_for_nine_point_cpps_trajectory
LA_E_1176163_0026	Boundary	True	False			official_v6_boundary_cpps_invalid_or_incomplete_support
LA_E_1176163_0026	Interior_A	True	False	-79.9999999999983	-80.00000000000485	incomplete_strict_phone_support_for_nine_point_cpps_trajectory
LA_E_1176163_0026	Interior_B	True	True	240.000000000002	240.00000000000256	
LA_E_1176163_0027	Boundary	True	True			
LA_E_1176163_0027	Interior_A	True	True	240.000000000002	240.00000000000256	
LA_E_1176163_0027	Interior_B	True	False	-159.9999999999966	-160.00000000000313	incomplete_strict_phone_support_for_nine_point_cpps_trajectory
LA_E_1176163_0031	Boundary	True	False			official_v6_boundary_cpps_invalid_or_incomplete_support
LA_E_1176163_0031	Interior_A	True	False	-160.0000000000037	-159.99999999999602	incomplete_strict_phone_support_for_nine_point_cpps_trajectory
LA_E_1176163_0031	Interior_B	True	False	-159.9999999999966	-160.00000000000313	incomplete_strict_phone_support_for_nine_point_cpps_trajectory
LA_E_1176163_0032	Boundary	True	False			official_v6_boundary_cpps_invalid_or_incomplete_support
LA_E_1176163_0032	Interior_A	True	False	-159.9999999999966	-160.00000000000313	incomplete_strict_phone_support_for_nine_point_cpps_trajectory
LA_E_1176163_0032	Interior_B	True	True	79.9999999999983	79.99999999999885	
LA_E_1176163_0033	Boundary	True	False			official_v6_boundary_cpps_invalid_or_incomplete_support
LA_E_1176163_0033	Interior_A	True	True	79.9999999999983	79.99999999999885	
LA_E_1176163_0033	Interior_B	True	True	560.0000000000023	559.9999999999957	
LA_E_1178088_0005	Boundary	True	True			
LA_E_1178088_0005	Interior_A	True	False	-160.00000000000193	-159.99999999999957	incomplete_strict_phone_support_for_nine_point_cpps_trajectory
LA_E_1178088_0005	Interior_B	True	True	240.00000000000023	240.00000000000077	
LA_E_1178088_0006	Boundary	True	False			official_v6_boundary_cpps_invalid_or_incomplete_support
LA_E_1178088_0006	Interior_A	True	True	240.00000000000023	240.00000000000077	
LA_E_1178088_0006	Interior_B	True	True	79.9999999999983	80.00000000000063	
LA_E_1178088_0011	Boundary	True	True			
LA_E_1178088_0011	Interior_A	True	False	0.0	-2.9976021664879227e-12	incomplete_strict_phone_support_for_nine_point_cpps_trajectory
LA_E_1178088_0011	Interior_B	True	False	-160.00000000000014	-159.99999999999957	incomplete_strict_phone_support_for_nine_point_cpps_trajectory
LA_E_1178088_0012	Boundary	True	False			official_v6_boundary_cpps_invalid_or_incomplete_support
LA_E_1178088_0012	Interior_A	True	False	-160.00000000000014	-159.99999999999957	incomplete_strict_phone_support_for_nine_point_cpps_trajectory
LA_E_1178088_0012	Interior_B	True	False	0.0	5.551115123125783e-13	incomplete_strict_phone_support_for_nine_point_cpps_trajectory
LA_E_1178088_0013	Boundary	True	False			official_v6_boundary_cpps_invalid_or_incomplete_support
LA_E_1178088_0013	Interior_A	True	False	0.0	5.551115123125783e-13	incomplete_strict_phone_support_for_nine_point_cpps_trajectory
LA_E_1178088_0013	Interior_B	True	True	160.00000000000014	159.99999999999716	
LA_E_1178088_0014	Boundary	True	False			official_v6_boundary_cpps_invalid_or_incomplete_support
LA_E_1178088_0014	Interior_A	True	True	160.00000000000014	159.99999999999716	
LA_E_1178088_0014	Interior_B	True	True	560.0000000000023	559.9999999999993	
LA_E_1178088_0023	Boundary	True	True			
LA_E_1178088_0023	Interior_A	True	True	239.99999999999844	239.999999999999	
LA_E_1178088_0023	Interior_B	True	False	-79.9999999999983	-80.00000000000485	incomplete_strict_phone_support_for_nine_point_cpps_trajectory
LA_E_1178240_0006	Boundary	True	False			official_v6_boundary_cpps_invalid_or_incomplete_support
LA_E_1178240_0006	Interior_A	True	True	400.00000000000034	400.0	
LA_E_1178240_0006	Interior_B	True	False	0.0	5.551115123125783e-13	incomplete_strict_phone_support_for_nine_point_cpps_trajectory
LA_E_1178240_0007	Boundary	True	False			official_v6_boundary_cpps_invalid_or_incomplete_support
LA_E_1178240_0007	Interior_A	True	False	0.0	5.551115123125783e-13	incomplete_strict_phone_support_for_nine_point_cpps_trajectory
LA_E_1178240_0007	Interior_B	True	True	959.9999999999991	959.9999999999997	
LA_E_1179172_0005	Boundary	True	True			
LA_E_1179172_0005	Interior_A	True	False	-80.00000000000007	-79.99999999999952	incomplete_strict_phone_support_for_nine_point_cpps_trajectory
LA_E_1179172_0005	Interior_B	True	False	0.0	-3.3306690738754696e-13	incomplete_strict_phone_support_for_nine_point_cpps_trajectory
LA_E_1179172_0006	Boundary	True	False			official_v6_boundary_cpps_invalid_or_incomplete_support
LA_E_1179172_0006	Interior_A	True	False	0.0	-3.3306690738754696e-13	incomplete_strict_phone_support_for_nine_point_cpps_trajectory
LA_E_1179172_0006	Interior_B	True	True	240.00000000000023	240.00000000000077	
LA_E_1179172_0009	Boundary	True	False			official_v6_boundary_cpps_invalid_or_incomplete_support
LA_E_1179172_0009	Interior_A	True	True	319.9999999999985	320.00000000000085	
LA_E_1179172_0009	Interior_B	True	True	80.00000000000007	80.00000000000063	
LA_E_1179172_0010	Boundary	True	False			official_v6_boundary_cpps_invalid_or_incomplete_support
LA_E_1179172_0010	Interior_A	True	True	80.00000000000007	80.00000000000063	
LA_E_1179172_0010	Interior_B	True	False	0.0	-1.2212453270876722e-12	incomplete_strict_phone_support_for_nine_point_cpps_trajectory
LA_E_1179172_0011	Boundary	True	True			
LA_E_1179172_0011	Interior_A	True	False	0.0	-1.2212453270876722e-12	incomplete_strict_phone_support_for_nine_point_cpps_trajectory
LA_E_1179172_0011	Interior_B	True	True	479.99999999999864	480.00000000000097	
LA_E_1179559_0000	Boundary	True	True			
LA_E_1179559_0000	Interior_A	True	True	159.99999999999991	160.00000000000026	
LA_E_1179559_0000	Interior_B	True	False	-80.00000000000051	-79.99999999999996	incomplete_strict_phone_support_for_nine_point_cpps_trajectory
LA_E_1179559_0008	Boundary	True	False			official_v6_boundary_cpps_invalid_or_incomplete_support
LA_E_1179559_0008	Interior_A	True	False	-159.99999999999926	-159.99999999999957	incomplete_strict_phone_support_for_nine_point_cpps_trajectory
LA_E_1179559_0008	Interior_B	True	True	160.00000000000014	159.99999999999892	
LA_E_1179559_0011	Boundary	True	False			official_v6_boundary_cpps_invalid_or_incomplete_support
LA_E_1179559_0011	Interior_A	True	False	-1.7763568394002505e-12	5.551115123125783e-13	incomplete_strict_phone_support_for_nine_point_cpps_trajectory
LA_E_1179559_0011	Interior_B	True	True	79.9999999999983	80.00000000000063	
LA_E_1179559_0012	Boundary	True	False			official_v6_boundary_cpps_invalid_or_incomplete_support
LA_E_1179559_0012	Interior_A	True	True	79.9999999999983	80.00000000000063	
LA_E_1179559_0012	Interior_B	True	True	159.99999999999835	160.0000000000007	
LA_E_1179559_0015	Boundary	True	True			
LA_E_1179559_0015	Interior_A	True	False	-80.00000000000185	-79.99999999999774	incomplete_strict_phone_support_for_nine_point_cpps_trajectory
LA_E_1179559_0015	Interior_B	True	True	160.00000000000014	159.99999999999716	
LA_E_1179559_0016	Boundary	True	True			
LA_E_1179559_0016	Interior_A	True	True	160.00000000000014	159.99999999999716	
LA_E_1179559_0016	Interior_B	True	False	0.0	5.551115123125783e-13	incomplete_strict_phone_support_for_nine_point_cpps_trajectory
LA_E_1179559_0017	Boundary	True	True			
LA_E_1179559_0017	Interior_A	True	False	0.0	5.551115123125783e-13	incomplete_strict_phone_support_for_nine_point_cpps_trajectory
LA_E_1179559_0017	Interior_B	True	True	160.00000000000014	160.0000000000007	
LA_E_1179559_0023	Boundary	True	True			
LA_E_1179559_0023	Interior_A	True	False	-160.00000000000014	-159.99999999999957	incomplete_strict_phone_support_for_nine_point_cpps_trajectory
LA_E_1179559_0023	Interior_B	True	True	160.00000000000014	159.99999999999716	
LA_E_1179559_0024	Boundary	True	True			
LA_E_1179559_0024	Interior_A	True	True	160.00000000000014	159.99999999999716	
LA_E_1179559_0024	Interior_B	True	False	-160.00000000000014	-159.99999999999957	incomplete_strict_phone_support_for_nine_point_cpps_trajectory
LA_E_1179559_0025	Boundary	True	True			
LA_E_1179559_0025	Interior_A	True	False	-160.00000000000014	-159.99999999999957	incomplete_strict_phone_support_for_nine_point_cpps_trajectory
LA_E_1179559_0025	Interior_B	True	False	0.0	5.551115123125783e-13	incomplete_strict_phone_support_for_nine_point_cpps_trajectory
LA_E_1179559_0026	Boundary	True	False			official_v6_boundary_cpps_invalid_or_incomplete_support
LA_E_1179559_0026	Interior_A	True	False	0.0	5.551115123125783e-13	incomplete_strict_phone_support_for_nine_point_cpps_trajectory
LA_E_1179559_0026	Interior_B	True	True	560.0000000000023	559.9999999999957	
LA_E_1179559_0027	Boundary	True	False			official_v6_boundary_cpps_invalid_or_incomplete_support
LA_E_1179559_0027	Interior_A	True	True	560.0000000000023	559.9999999999957	
LA_E_1179559_0027	Interior_B	True	True	79.9999999999983	79.99999999999885	
LA_E_1179598_0003	Boundary	True	False			official_v6_boundary_cpps_invalid_or_incomplete_support
LA_E_1179598_0003	Interior_A	True	True	399.9999999999999	400.0	
LA_E_1179598_0003	Interior_B	True	True	240.00000000000023	239.9999999999999	
LA_E_1179598_0018	Boundary	True	False			official_v6_boundary_cpps_invalid_or_incomplete_support
LA_E_1179598_0018	Interior_A	True	False	-160.00000000000014	-159.99999999999957	incomplete_strict_phone_support_for_nine_point_cpps_trajectory
LA_E_1179598_0018	Interior_B	True	False	-160.00000000000014	-159.99999999999957	incomplete_strict_phone_support_for_nine_point_cpps_trajectory
LA_E_1179598_0021	Boundary	True	True			
LA_E_1179598_0021	Interior_A	True	False	-80.00000000000185	-79.99999999999774	incomplete_strict_phone_support_for_nine_point_cpps_trajectory
LA_E_1179598_0021	Interior_B	True	True	79.9999999999983	79.99999999999885	
LA_E_1179598_0028	Boundary	True	True			
LA_E_1179598_0028	Interior_A	True	False	-160.00000000000014	-159.99999999999957	incomplete_strict_phone_support_for_nine_point_cpps_trajectory
LA_E_1179598_0028	Interior_B	True	True	79.9999999999983	79.99999999999885	
LA_E_1179598_0029	Boundary	True	True			
LA_E_1179598_0029	Interior_A	True	True	79.9999999999983	79.99999999999885	
LA_E_1179598_0029	Interior_B	True	False	0.0	5.551115123125783e-13	incomplete_strict_phone_support_for_nine_point_cpps_trajectory
LA_E_1179598_0030	Boundary	True	True			
LA_E_1179598_0030	Interior_A	True	False	0.0	5.551115123125783e-13	incomplete_strict_phone_support_for_nine_point_cpps_trajectory
LA_E_1179598_0030	Interior_B	True	True	160.00000000000014	159.99999999999716	
LA_E_1179598_0031	Boundary	True	True			
LA_E_1179598_0031	Interior_A	True	True	160.00000000000014	159.99999999999716	
LA_E_1179598_0031	Interior_B	True	True	80.0000000000054	79.99999999999885	
LA_E_1179598_0040	Boundary	True	True			
LA_E_1179598_0040	Interior_A	True	False	-159.9999999999966	-160.00000000000313	incomplete_strict_phone_support_for_nine_point_cpps_trajectory
LA_E_1179598_0040	Interior_B	True	False	-159.9999999999966	-160.00000000000313	incomplete_strict_phone_support_for_nine_point_cpps_trajectory
LA_E_1179598_0041	Boundary	True	False			official_v6_boundary_cpps_invalid_or_incomplete_support
LA_E_1179598_0041	Interior_A	True	False	-159.9999999999966	-160.00000000000313	incomplete_strict_phone_support_for_nine_point_cpps_trajectory
LA_E_1179598_0041	Interior_B	True	False	-159.9999999999966	-160.00000000000313	incomplete_strict_phone_support_for_nine_point_cpps_trajectory
LA_E_1179598_0042	Boundary	True	False			official_v6_boundary_cpps_invalid_or_incomplete_support
LA_E_1179598_0042	Interior_A	True	False	-159.9999999999966	-160.00000000000313	incomplete_strict_phone_support_for_nine_point_cpps_trajectory
LA_E_1179598_0042	Interior_B	True	False	-159.9999999999966	-160.00000000000313	incomplete_strict_phone_support_for_nine_point_cpps_trajectory
LA_E_1179598_0043	Boundary	True	True			
LA_E_1179598_0043	Interior_A	True	False	-159.9999999999966	-160.00000000000313	incomplete_strict_phone_support_for_nine_point_cpps_trajectory
LA_E_1179598_0043	Interior_B	True	False	-79.9999999999983	-80.00000000000485	incomplete_strict_phone_support_for_nine_point_cpps_trajectory
LA_E_1179598_0044	Boundary	True	True			
LA_E_1179598_0044	Interior_A	True	False	-79.9999999999983	-80.00000000000485	incomplete_strict_phone_support_for_nine_point_cpps_trajectory
LA_E_1179598_0044	Interior_B	True	True	160.0000000000037	159.99999999999716	
LA_E_1179598_0050	Boundary	True	False			official_v6_boundary_cpps_invalid_or_incomplete_support
LA_E_1179598_0050	Interior_A	True	True	320.0000000000003	320.00000000000085	
LA_E_1179598_0050	Interior_B	True	False	-160.0000000000037	-159.99999999999602	incomplete_strict_phone_support_for_nine_point_cpps_trajectory
LA_E_1179598_0053	Boundary	True	False			official_v6_boundary_cpps_invalid_or_incomplete_support
LA_E_1179598_0053	Interior_A	True	True	80.0000000000054	79.99999999999885	
LA_E_1179598_0053	Interior_B	True	True	79.9999999999983	79.99999999999885	
LA_E_1179598_0054	Boundary	True	True			
LA_E_1179598_0054	Interior_A	True	True	79.9999999999983	79.99999999999885	
LA_E_1179598_0054	Interior_B	True	False	0.0	5.551115123125783e-13	incomplete_strict_phone_support_for_nine_point_cpps_trajectory
LA_E_1180083_0010	Boundary	True	True			
LA_E_1180083_0010	Interior_A	True	False	-80.00000000000007	-79.99999999999952	incomplete_strict_phone_support_for_nine_point_cpps_trajectory
LA_E_1180083_0010	Interior_B	True	True	80.00000000000007	79.99999999999885	
LA_E_1180083_0011	Boundary	True	False			official_v6_boundary_cpps_invalid_or_incomplete_support
LA_E_1180083_0011	Interior_A	True	True	80.00000000000007	79.99999999999885	
LA_E_1180083_0011	Interior_B	True	True	160.00000000000014	159.99999999999892	
LA_E_1180083_0012	Boundary	True	False			official_v6_boundary_cpps_invalid_or_incomplete_support
LA_E_1180083_0012	Interior_A	True	True	160.00000000000014	159.99999999999892	
LA_E_1180083_0012	Interior_B	True	True	159.99999999999835	160.0000000000007	
LA_E_1180083_0016	Boundary	True	True			
LA_E_1180083_0016	Interior_A	True	False	-160.00000000000014	-160.00000000000313	incomplete_strict_phone_support_for_nine_point_cpps_trajectory
LA_E_1180083_0016	Interior_B	True	True	560.0000000000023	559.9999999999993	
LA_E_1180083_0017	Boundary	True	True			
LA_E_1180083_0017	Interior_A	True	True	560.0000000000023	559.9999999999993	
LA_E_1180083_0017	Interior_B	True	False	-79.9999999999983	-80.0000000000013	incomplete_strict_phone_support_for_nine_point_cpps_trajectory
LA_E_1180083_0022	Boundary	True	False			official_v6_boundary_cpps_invalid_or_incomplete_support
LA_E_1180083_0022	Interior_A	True	True	480.00000000000045	480.00000000000097	
LA_E_1180083_0022	Interior_B	True	False	-3.552713678800501e-12	5.551115123125783e-13	incomplete_strict_phone_support_for_nine_point_cpps_trajectory
LA_E_1180083_0023	Boundary	True	False			official_v6_boundary_cpps_invalid_or_incomplete_support
LA_E_1180083_0023	Interior_A	True	False	-3.552713678800501e-12	5.551115123125783e-13	incomplete_strict_phone_support_for_nine_point_cpps_trajectory
LA_E_1180083_0023	Interior_B	True	False	-160.00000000000014	-159.99999999999957	incomplete_strict_phone_support_for_nine_point_cpps_trajectory
LA_E_1180083_0024	Boundary	True	False			official_v6_boundary_cpps_invalid_or_incomplete_support
LA_E_1180083_0024	Interior_A	True	False	-160.00000000000014	-159.99999999999957	incomplete_strict_phone_support_for_nine_point_cpps_trajectory
LA_E_1180083_0024	Interior_B	True	True	79.9999999999983	80.0000000000024	
LA_E_1180083_0030	Boundary	True	False			official_v6_boundary_cpps_invalid_or_incomplete_support
LA_E_1180083_0030	Interior_A	True	True	559.9999999999987	560.0000000000028	
LA_E_1180083_0030	Interior_B	True	True	79.9999999999983	79.99999999999885	
LA_E_1180083_0031	Boundary	True	False			official_v6_boundary_cpps_invalid_or_incomplete_support
LA_E_1180083_0031	Interior_A	True	True	79.9999999999983	79.99999999999885	
LA_E_1180083_0031	Interior_B	True	True	240.000000000002	239.99999999999545	
LA_E_1180083_0032	Boundary	True	False			official_v6_boundary_cpps_invalid_or_incomplete_support
LA_E_1180083_0032	Interior_A	True	True	240.000000000002	239.99999999999545	
LA_E_1180083_0032	Interior_B	True	False	0.0	5.551115123125783e-13	incomplete_strict_phone_support_for_nine_point_cpps_trajectory
LA_E_1180083_0033	Boundary	True	False			official_v6_boundary_cpps_invalid_or_incomplete_support
LA_E_1180083_0033	Interior_A	True	False	0.0	5.551115123125783e-13	incomplete_strict_phone_support_for_nine_point_cpps_trajectory
LA_E_1180083_0033	Interior_B	True	False	-79.9999999999983	-79.99999999999774	incomplete_strict_phone_support_for_nine_point_cpps_trajectory
LA_E_1180083_0034	Boundary	True	True			
LA_E_1180083_0034	Interior_A	True	False	-79.9999999999983	-79.99999999999774	incomplete_strict_phone_support_for_nine_point_cpps_trajectory
LA_E_1180083_0034	Interior_B	True	True	799.9999999999972	799.9999999999977	
LA_E_1180083_0041	Boundary	True	True			
LA_E_1180083_0041	Interior_A	True	False	0.0	5.551115123125783e-13	incomplete_strict_phone_support_for_nine_point_cpps_trajectory
LA_E_1180083_0041	Interior_B	True	False	0.0	5.551115123125783e-13	incomplete_strict_phone_support_for_nine_point_cpps_trajectory
LA_E_1180083_0042	Boundary	True	True			
LA_E_1180083_0042	Interior_A	True	False	0.0	5.551115123125783e-13	incomplete_strict_phone_support_for_nine_point_cpps_trajectory
LA_E_1180083_0042	Interior_B	True	False	-80.0000000000054	-79.99999999999774	incomplete_strict_phone_support_for_nine_point_cpps_trajectory
LA_E_1180083_0046	Boundary	True	False			official_v6_boundary_cpps_invalid_or_incomplete_support
LA_E_1180083_0046	Interior_A	True	True	239.99999999999488	240.00000000000256	
LA_E_1180083_0046	Interior_B	True	True	160.0000000000037	159.99999999999716	
LA_E_1183071_0000	Boundary	True	False			official_v6_boundary_cpps_invalid_or_incomplete_support
LA_E_1183071_0000	Interior_A	True	True	240.00000000000153	239.9999999999999	
LA_E_1183071_0000	Interior_B	True	False	0.0	-3.3306690738754696e-13	incomplete_strict_phone_support_for_nine_point_cpps_trajectory
LA_E_1183071_0001	Boundary	True	True			
LA_E_1183071_0001	Interior_A	True	False	0.0	-3.3306690738754696e-13	incomplete_strict_phone_support_for_nine_point_cpps_trajectory
LA_E_1183071_0001	Interior_B	True	False	-8.881784197001252e-13	1.4432899320127035e-12	incomplete_strict_phone_support_for_nine_point_cpps_trajectory
LA_E_1183071_0012	Boundary	True	False			official_v6_boundary_cpps_invalid_or_incomplete_support
LA_E_1183071_0012	Interior_A	True	True	479.99999999999864	480.00000000000097	
LA_E_1183071_0012	Interior_B	True	False	-80.00000000000185	-79.99999999999774	incomplete_strict_phone_support_for_nine_point_cpps_trajectory
LA_E_1183071_0020	Boundary	True	True			
LA_E_1183071_0020	Interior_A	True	False	0.0	5.551115123125783e-13	incomplete_strict_phone_support_for_nine_point_cpps_trajectory
LA_E_1183071_0020	Interior_B	True	False	0.0	5.551115123125783e-13	incomplete_strict_phone_support_for_nine_point_cpps_trajectory
LA_E_1183071_0021	Boundary	True	False			official_v6_boundary_cpps_invalid_or_incomplete_support
LA_E_1183071_0021	Interior_A	True	False	0.0	5.551115123125783e-13	incomplete_strict_phone_support_for_nine_point_cpps_trajectory
LA_E_1183071_0021	Interior_B	True	True	480.00000000000045	479.99999999999744	
LA_E_1183071_0022	Boundary	True	False			official_v6_boundary_cpps_invalid_or_incomplete_support
LA_E_1183071_0022	Interior_A	True	True	480.00000000000045	479.99999999999744	
LA_E_1183071_0022	Interior_B	True	True	80.00000000000185	79.99999999999885	
LA_E_1183071_0023	Boundary	True	False			official_v6_boundary_cpps_invalid_or_incomplete_support
LA_E_1183071_0023	Interior_A	True	True	80.00000000000185	79.99999999999885	
LA_E_1183071_0023	Interior_B	True	False	-80.00000000000185	-79.99999999999774	incomplete_strict_phone_support_for_nine_point_cpps_trajectory
LA_E_1183071_0026	Boundary	True	False			official_v6_boundary_cpps_invalid_or_incomplete_support
LA_E_1183071_0026	Interior_A	True	False	0.0	5.551115123125783e-13	incomplete_strict_phone_support_for_nine_point_cpps_trajectory
LA_E_1183071_0026	Interior_B	True	False	-160.00000000000014	-159.99999999999957	incomplete_strict_phone_support_for_nine_point_cpps_trajectory
LA_E_1183071_0027	Boundary	True	False			official_v6_boundary_cpps_invalid_or_incomplete_support
LA_E_1183071_0027	Interior_A	True	False	-160.00000000000014	-159.99999999999957	incomplete_strict_phone_support_for_nine_point_cpps_trajectory
LA_E_1183071_0027	Interior_B	True	False	0.0	5.551115123125783e-13	incomplete_strict_phone_support_for_nine_point_cpps_trajectory
LA_E_1183071_0028	Boundary	True	False			official_v6_boundary_cpps_invalid_or_incomplete_support
LA_E_1183071_0028	Interior_A	True	False	0.0	5.551115123125783e-13	incomplete_strict_phone_support_for_nine_point_cpps_trajectory
LA_E_1183071_0028	Interior_B	True	False	-160.0000000000037	-159.99999999999602	incomplete_strict_phone_support_for_nine_point_cpps_trajectory
LA_E_1183071_0032	Boundary	True	True			
LA_E_1183071_0032	Interior_A	True	False	-160.0000000000037	-160.00000000000313	incomplete_strict_phone_support_for_nine_point_cpps_trajectory
LA_E_1183071_0032	Interior_B	True	True	80.0000000000054	79.99999999999885	
LA_E_1183833_0000	Boundary	True	True			
LA_E_1183833_0000	Interior_A	True	False	0.0	-1.1102230246251565e-13	incomplete_strict_phone_support_for_nine_point_cpps_trajectory
LA_E_1183833_0000	Interior_B	True	False	0.0	1.1102230246251565e-13	incomplete_strict_phone_support_for_nine_point_cpps_trajectory
LA_E_1183833_0001	Boundary	True	True			
LA_E_1183833_0001	Interior_A	True	False	0.0	1.1102230246251565e-13	incomplete_strict_phone_support_for_nine_point_cpps_trajectory
LA_E_1183833_0001	Interior_B	True	False	-160.00000000000014	-160.00000000000003	incomplete_strict_phone_support_for_nine_point_cpps_trajectory
LA_E_1183833_0019	Boundary	True	True			
LA_E_1183833_0019	Interior_A	True	False	-160.00000000000014	-159.99999999999957	incomplete_strict_phone_support_for_nine_point_cpps_trajectory
LA_E_1183833_0019	Interior_B	True	False	-160.0000000000037	-159.99999999999957	incomplete_strict_phone_support_for_nine_point_cpps_trajectory
LA_E_1183833_0027	Boundary	True	False			official_v6_boundary_cpps_invalid_or_incomplete_support
LA_E_1183833_0027	Interior_A	True	False	0.0	5.551115123125783e-13	incomplete_strict_phone_support_for_nine_point_cpps_trajectory
LA_E_1183833_0027	Interior_B	True	False	0.0	5.551115123125783e-13	incomplete_strict_phone_support_for_nine_point_cpps_trajectory
LA_E_1183833_0028	Boundary	True	False			official_v6_boundary_cpps_invalid_or_incomplete_support
LA_E_1183833_0028	Interior_A	True	False	0.0	5.551115123125783e-13	incomplete_strict_phone_support_for_nine_point_cpps_trajectory
LA_E_1183833_0028	Interior_B	True	True	239.99999999999844	239.999999999999	
LA_E_1183833_0029	Boundary	True	False			official_v6_boundary_cpps_invalid_or_incomplete_support
LA_E_1183833_0029	Interior_A	True	True	239.99999999999844	239.999999999999	
LA_E_1183833_0029	Interior_B	True	True	1280.0000000000011	1279.999999999998	
LA_E_1184318_0000	Boundary	True	True			
LA_E_1184318_0000	Interior_A	True	False	-79.99999999999841	-79.99999999999996	incomplete_strict_phone_support_for_nine_point_cpps_trajectory
LA_E_1184318_0000	Interior_B	True	False	-159.99999999999991	-160.00000000000003	incomplete_strict_phone_support_for_nine_point_cpps_trajectory
LA_E_1184318_0001	Boundary	True	True			
LA_E_1184318_0001	Interior_A	True	False	-159.99999999999991	-160.00000000000003	incomplete_strict_phone_support_for_nine_point_cpps_trajectory
LA_E_1184318_0001	Interior_B	True	False	-160.00000000000014	-160.00000000000003	incomplete_strict_phone_support_for_nine_point_cpps_trajectory
LA_E_1184318_0002	Boundary	True	True			
LA_E_1184318_0002	Interior_A	True	False	-160.00000000000014	-160.00000000000003	incomplete_strict_phone_support_for_nine_point_cpps_trajectory
LA_E_1184318_0002	Interior_B	True	True	80.00000000000007	79.99999999999974	
LA_E_1184318_0008	Boundary	True	False			official_v6_boundary_cpps_invalid_or_incomplete_support
LA_E_1184318_0008	Interior_A	True	True	160.00000000000014	159.99999999999892	
LA_E_1184318_0008	Interior_B	True	True	159.99999999999835	160.0000000000007	
LA_E_1184318_0009	Boundary	True	False			official_v6_boundary_cpps_invalid_or_incomplete_support
LA_E_1184318_0009	Interior_A	True	True	159.99999999999835	160.0000000000007	
LA_E_1184318_0009	Interior_B	True	False	-80.00000000000007	-79.99999999999952	incomplete_strict_phone_support_for_nine_point_cpps_trajectory
LA_E_1184318_0015	Boundary	True	False			official_v6_boundary_cpps_invalid_or_incomplete_support
LA_E_1184318_0015	Interior_A	True	False	-160.00000000000014	-159.99999999999957	incomplete_strict_phone_support_for_nine_point_cpps_trajectory
LA_E_1184318_0015	Interior_B	True	False	-79.9999999999983	-80.0000000000013	incomplete_strict_phone_support_for_nine_point_cpps_trajectory
LA_E_1184318_0021	Boundary	True	False			official_v6_boundary_cpps_invalid_or_incomplete_support
LA_E_1184318_0021	Interior_A	True	True	159.9999999999966	160.0000000000007	
LA_E_1184318_0021	Interior_B	True	True	160.00000000000014	160.0000000000007	
LA_E_1184318_0022	Boundary	True	True			
LA_E_1184318_0022	Interior_A	True	True	160.00000000000014	160.0000000000007	
LA_E_1184318_0022	Interior_B	True	False	-80.00000000000185	-79.99999999999774	incomplete_strict_phone_support_for_nine_point_cpps_trajectory
LA_E_1184318_0025	Boundary	True	False			official_v6_boundary_cpps_invalid_or_incomplete_support
LA_E_1184318_0025	Interior_A	True	False	-160.00000000000014	-159.99999999999957	incomplete_strict_phone_support_for_nine_point_cpps_trajectory
LA_E_1184318_0025	Interior_B	True	False	-160.00000000000014	-159.99999999999957	incomplete_strict_phone_support_for_nine_point_cpps_trajectory
LA_E_1184318_0026	Boundary	True	True			
LA_E_1184318_0026	Interior_A	True	False	-160.00000000000014	-159.99999999999957	incomplete_strict_phone_support_for_nine_point_cpps_trajectory
LA_E_1184318_0026	Interior_B	True	False	0.0	5.551115123125783e-13	incomplete_strict_phone_support_for_nine_point_cpps_trajectory
LA_E_1184318_0027	Boundary	True	False			official_v6_boundary_cpps_invalid_or_incomplete_support
LA_E_1184318_0027	Interior_A	True	False	0.0	5.551115123125783e-13	incomplete_strict_phone_support_for_nine_point_cpps_trajectory
LA_E_1184318_0027	Interior_B	True	False	-80.00000000000185	-80.0000000000013	incomplete_strict_phone_support_for_nine_point_cpps_trajectory
LA_E_1184318_0028	Boundary	True	False			official_v6_boundary_cpps_invalid_or_incomplete_support
LA_E_1184318_0028	Interior_A	True	False	-80.00000000000185	-80.0000000000013	incomplete_strict_phone_support_for_nine_point_cpps_trajectory
LA_E_1184318_0028	Interior_B	True	False	0.0	5.551115123125783e-13	incomplete_strict_phone_support_for_nine_point_cpps_trajectory
LA_E_1184318_0034	Boundary	True	True			
LA_E_1184318_0034	Interior_A	True	False	-159.9999999999966	-160.00000000000313	incomplete_strict_phone_support_for_nine_point_cpps_trajectory
LA_E_1184318_0034	Interior_B	True	False	-160.0000000000037	-159.99999999999602	incomplete_strict_phone_support_for_nine_point_cpps_trajectory
LA_E_1184318_0035	Boundary	True	True			
LA_E_1184318_0035	Interior_A	True	False	-160.0000000000037	-159.99999999999602	incomplete_strict_phone_support_for_nine_point_cpps_trajectory
LA_E_1184318_0035	Interior_B	True	False	-160.0000000000037	-160.00000000000313	incomplete_strict_phone_support_for_nine_point_cpps_trajectory
LA_E_1184318_0039	Boundary	True	True			
LA_E_1184318_0039	Interior_A	True	False	0.0	5.551115123125783e-13	incomplete_strict_phone_support_for_nine_point_cpps_trajectory
LA_E_1184318_0039	Interior_B	True	True	719.9999999999989	719.9999999999994	
LA_E_1184318_0040	Boundary	True	True			
LA_E_1184318_0040	Interior_A	True	True	719.9999999999989	719.9999999999994	
LA_E_1184318_0040	Interior_B	True	False	-79.9999999999983	-79.99999999999774	incomplete_strict_phone_support_for_nine_point_cpps_trajectory
LA_E_1184318_0041	Boundary	True	True			
LA_E_1184318_0041	Interior_A	True	False	-79.9999999999983	-79.99999999999774	incomplete_strict_phone_support_for_nine_point_cpps_trajectory
LA_E_1184318_0041	Interior_B	True	True	159.9999999999966	159.99999999999716	
LA_E_1184318_0042	Boundary	True	True			
LA_E_1184318_0042	Interior_A	True	True	159.9999999999966	159.99999999999716	
LA_E_1184318_0042	Interior_B	True	True	80.0000000000054	79.99999999999885	
LA_E_1184779_0002	Boundary	True	True			
LA_E_1184779_0002	Interior_A	True	False	-160.00000000000014	-160.00000000000003	incomplete_strict_phone_support_for_nine_point_cpps_trajectory
LA_E_1184779_0002	Interior_B	True	True	79.99999999999963	80.00000000000063	
LA_E_1184779_0010	Boundary	True	False			official_v6_boundary_cpps_invalid_or_incomplete_support
LA_E_1184779_0010	Interior_A	True	True	80.00000000000007	79.99999999999885	
LA_E_1184779_0010	Interior_B	True	False	0.0	-1.2212453270876722e-12	incomplete_strict_phone_support_for_nine_point_cpps_trajectory
LA_E_1184779_0016	Boundary	True	True			
LA_E_1184779_0016	Interior_A	True	False	0.0	5.551115123125783e-13	incomplete_strict_phone_support_for_nine_point_cpps_trajectory
LA_E_1184779_0016	Interior_B	True	True	239.99999999999844	239.999999999999	
LA_E_1184779_0017	Boundary	True	False			official_v6_boundary_cpps_invalid_or_incomplete_support
LA_E_1184779_0017	Interior_A	True	True	239.99999999999844	239.999999999999	
LA_E_1184779_0017	Interior_B	True	False	-79.9999999999983	-80.0000000000013	incomplete_strict_phone_support_for_nine_point_cpps_trajectory
LA_E_1184779_0020	Boundary	True	True			
LA_E_1184779_0020	Interior_A	True	False	-160.00000000000014	-160.00000000000313	incomplete_strict_phone_support_for_nine_point_cpps_trajectory
LA_E_1184779_0020	Interior_B	True	False	-80.00000000000185	-79.99999999999774	incomplete_strict_phone_support_for_nine_point_cpps_trajectory
LA_E_1184779_0021	Boundary	True	True			
LA_E_1184779_0021	Interior_A	True	False	-80.00000000000185	-79.99999999999774	incomplete_strict_phone_support_for_nine_point_cpps_trajectory
LA_E_1184779_0021	Interior_B	True	True	160.00000000000014	160.0000000000007	
LA_E_1184779_0022	Boundary	True	True			
LA_E_1184779_0022	Interior_A	True	True	160.00000000000014	160.0000000000007	
LA_E_1184779_0022	Interior_B	True	True	79.9999999999983	79.99999999999885	
LA_E_1184779_0031	Boundary	True	False			official_v6_boundary_cpps_invalid_or_incomplete_support
LA_E_1184779_0031	Interior_A	True	True	160.00000000000014	159.99999999999716	
LA_E_1184779_0031	Interior_B	True	False	-159.9999999999966	-160.00000000000313	incomplete_strict_phone_support_for_nine_point_cpps_trajectory
LA_E_1184779_0034	Boundary	True	False			official_v6_boundary_cpps_invalid_or_incomplete_support
LA_E_1184779_0034	Interior_A	True	True	159.9999999999966	159.99999999999716	
LA_E_1184779_0034	Interior_B	True	False	-159.9999999999966	-160.00000000000313	incomplete_strict_phone_support_for_nine_point_cpps_trajectory
LA_E_1184779_0035	Boundary	True	True			
LA_E_1184779_0035	Interior_A	True	False	-159.9999999999966	-160.00000000000313	incomplete_strict_phone_support_for_nine_point_cpps_trajectory
LA_E_1184779_0035	Interior_B	True	True	960.0000000000009	960.0000000000014	
LA_E_1184779_0054	Boundary	True	True			
LA_E_1184779_0054	Interior_A	True	False	-159.9999999999966	-160.00000000000313	incomplete_strict_phone_support_for_nine_point_cpps_trajectory
LA_E_1184779_0054	Interior_B	True	False	-159.9999999999966	-160.00000000000313	incomplete_strict_phone_support_for_nine_point_cpps_trajectory
LA_E_1184779_0055	Boundary	True	True			
LA_E_1184779_0055	Interior_A	True	False	-159.9999999999966	-160.00000000000313	incomplete_strict_phone_support_for_nine_point_cpps_trajectory
LA_E_1184779_0055	Interior_B	True	True	159.9999999999966	160.00000000000426	
LA_E_1184779_0060	Boundary	True	True			
LA_E_1184779_0060	Interior_A	True	False	-160.0000000000037	-159.99999999999602	incomplete_strict_phone_support_for_nine_point_cpps_trajectory
LA_E_1184779_0060	Interior_B	True	True	79.9999999999983	79.99999999999885	
LA_E_1184779_0061	Boundary	True	True			
LA_E_1184779_0061	Interior_A	True	True	79.9999999999983	79.99999999999885	
LA_E_1184779_0061	Interior_B	True	True	159.9999999999966	159.99999999999716	
LA_E_1184779_0062	Boundary	True	False			official_v6_boundary_cpps_invalid_or_incomplete_support
LA_E_1184779_0062	Interior_A	True	True	159.9999999999966	159.99999999999716	
LA_E_1184779_0062	Interior_B	True	True	480.000000000004	480.00000000000455	
LA_E_1184915_0000	Boundary	True	True			
LA_E_1184915_0000	Interior_A	True	False	-160.00000000000003	-160.00000000000003	incomplete_strict_phone_support_for_nine_point_cpps_trajectory
LA_E_1184915_0000	Interior_B	True	False	-80.00000000000007	-79.99999999999996	incomplete_strict_phone_support_for_nine_point_cpps_trajectory
LA_E_1184915_0001	Boundary	True	True			
LA_E_1184915_0001	Interior_A	True	False	-80.00000000000007	-79.99999999999996	incomplete_strict_phone_support_for_nine_point_cpps_trajectory
LA_E_1184915_0001	Interior_B	True	False	-160.00000000000014	-160.00000000000003	incomplete_strict_phone_support_for_nine_point_cpps_trajectory
LA_E_1184915_0004	Boundary	True	False			official_v6_boundary_cpps_invalid_or_incomplete_support
LA_E_1184915_0004	Interior_A	True	True	80.00000000000007	79.99999999999974	
LA_E_1184915_0004	Interior_B	True	False	8.881784197001252e-13	-3.3306690738754696e-13	incomplete_strict_phone_support_for_nine_point_cpps_trajectory
LA_E_1184915_0010	Boundary	True	True			
LA_E_1184915_0010	Interior_A	True	False	-80.00000000000007	-79.99999999999952	incomplete_strict_phone_support_for_nine_point_cpps_trajectory
LA_E_1184915_0010	Interior_B	True	True	240.00000000000023	239.999999999999	
LA_E_1184915_0027	Boundary	True	True			
LA_E_1184915_0027	Interior_A	True	True	1039.999999999999	1039.9999999999995	
LA_E_1184915_0027	Interior_B	True	True	1200.0000000000027	1199.9999999999961	
LA_E_1185334_0000	Boundary	True	True			
LA_E_1185334_0000	Interior_A	True	False	-160.00000000000014	-159.99999999999957	incomplete_strict_phone_support_for_nine_point_cpps_trajectory
LA_E_1185334_0000	Interior_B	True	False	-160.00000000000014	-160.00000000000136	incomplete_strict_phone_support_for_nine_point_cpps_trajectory
LA_E_1185334_0002	Boundary	True	True			
LA_E_1185334_0002	Interior_A	True	False	0.0	5.551115123125783e-13	incomplete_strict_phone_support_for_nine_point_cpps_trajectory
LA_E_1185334_0002	Interior_B	True	True	80.00000000000007	79.99999999999885	
LA_E_1185334_0003	Boundary	True	False			official_v6_boundary_cpps_invalid_or_incomplete_support
LA_E_1185334_0003	Interior_A	True	True	80.00000000000007	79.99999999999885	
LA_E_1185334_0003	Interior_B	True	False	-160.00000000000014	-159.99999999999957	incomplete_strict_phone_support_for_nine_point_cpps_trajectory
LA_E_1185334_0008	Boundary	True	True			
LA_E_1185334_0008	Interior_A	True	False	-160.00000000000014	-159.99999999999957	incomplete_strict_phone_support_for_nine_point_cpps_trajectory
LA_E_1185334_0008	Interior_B	True	True	239.99999999999844	239.999999999999	
LA_E_1185334_0009	Boundary	True	True			
LA_E_1185334_0009	Interior_A	True	True	239.99999999999844	239.999999999999	
LA_E_1185334_0009	Interior_B	True	False	0.0	5.551115123125783e-13	incomplete_strict_phone_support_for_nine_point_cpps_trajectory
LA_E_1185334_0010	Boundary	True	True			
LA_E_1185334_0010	Interior_A	True	False	0.0	5.551115123125783e-13	incomplete_strict_phone_support_for_nine_point_cpps_trajectory
LA_E_1185334_0010	Interior_B	True	False	-80.00000000000185	-79.99999999999774	incomplete_strict_phone_support_for_nine_point_cpps_trajectory
LA_E_1185334_0011	Boundary	True	True			
LA_E_1185334_0011	Interior_A	True	False	-80.00000000000185	-79.99999999999774	incomplete_strict_phone_support_for_nine_point_cpps_trajectory
LA_E_1185334_0011	Interior_B	True	True	239.99999999999844	239.999999999999	
LA_E_1185334_0012	Boundary	True	True			
LA_E_1185334_0012	Interior_A	True	True	239.99999999999844	239.999999999999	
LA_E_1185334_0012	Interior_B	True	True	399.9999999999986	400.0000000000027	
LA_E_1185334_0013	Boundary	True	False			official_v6_boundary_cpps_invalid_or_incomplete_support
LA_E_1185334_0013	Interior_A	True	True	399.9999999999986	400.0000000000027	
LA_E_1185334_0013	Interior_B	True	True	160.00000000000014	159.99999999999716	
LA_E_1185334_0014	Boundary	True	False			official_v6_boundary_cpps_invalid_or_incomplete_support
LA_E_1185334_0014	Interior_A	True	True	160.00000000000014	159.99999999999716	
LA_E_1185334_0014	Interior_B	True	True	80.00000000000185	79.99999999999885	
LA_E_1185334_0019	Boundary	True	False			official_v6_boundary_cpps_invalid_or_incomplete_support
LA_E_1185334_0019	Interior_A	True	True	240.000000000002	239.99999999999545	
LA_E_1185334_0019	Interior_B	True	False	0.0	5.551115123125783e-13	incomplete_strict_phone_support_for_nine_point_cpps_trajectory
LA_E_1185334_0020	Boundary	True	False			official_v6_boundary_cpps_invalid_or_incomplete_support
LA_E_1185334_0020	Interior_A	True	False	0.0	5.551115123125783e-13	incomplete_strict_phone_support_for_nine_point_cpps_trajectory
LA_E_1185334_0020	Interior_B	True	False	-79.9999999999983	-79.99999999999774	incomplete_strict_phone_support_for_nine_point_cpps_trajectory
LA_E_1185334_0029	Boundary	True	True			
LA_E_1185334_0029	Interior_A	True	False	-79.9999999999983	-80.00000000000485	incomplete_strict_phone_support_for_nine_point_cpps_trajectory
LA_E_1185334_0029	Interior_B	True	False	-79.9999999999983	-79.99999999999774	incomplete_strict_phone_support_for_nine_point_cpps_trajectory
LA_E_1185733_0000	Boundary	True	False			official_v6_boundary_cpps_invalid_or_incomplete_support
LA_E_1185733_0000	Interior_A	True	True	80.00000000000007	79.99999999999996	
LA_E_1185733_0000	Interior_B	True	True	319.99999999999983	319.99999999999994	
LA_E_1185733_0001	Boundary	True	False			official_v6_boundary_cpps_invalid_or_incomplete_support
LA_E_1185733_0001	Interior_A	True	True	319.99999999999983	319.99999999999994	
LA_E_1185733_0001	Interior_B	True	True	160.00000000000014	159.9999999999998	
LA_E_1185733_0002	Boundary	True	True			
LA_E_1185733_0002	Interior_A	True	True	160.00000000000014	159.9999999999998	
LA_E_1185733_0002	Interior_B	True	False	-159.99999999999926	-160.00000000000048	incomplete_strict_phone_support_for_nine_point_cpps_trajectory
LA_E_1185733_0006	Boundary	True	True			
LA_E_1185733_0006	Interior_A	True	False	0.0	-1.2212453270876722e-12	incomplete_strict_phone_support_for_nine_point_cpps_trajectory
LA_E_1185733_0006	Interior_B	True	False	-80.00000000000007	-79.99999999999952	incomplete_strict_phone_support_for_nine_point_cpps_trajectory
LA_E_1185733_0008	Boundary	True	True			
LA_E_1185733_0008	Interior_A	True	False	-160.00000000000193	-159.99999999999957	incomplete_strict_phone_support_for_nine_point_cpps_trajectory
LA_E_1185733_0008	Interior_B	True	True	160.00000000000014	160.0000000000007	
LA_E_1185733_0009	Boundary	True	True			
LA_E_1185733_0009	Interior_A	True	True	160.00000000000014	160.0000000000007	
LA_E_1185733_0009	Interior_B	True	True	239.99999999999844	240.00000000000077	
LA_E_1185733_0014	Boundary	True	False			official_v6_boundary_cpps_invalid_or_incomplete_support
LA_E_1185733_0014	Interior_A	True	True	320.0000000000003	319.99999999999727	
LA_E_1185733_0014	Interior_B	True	True	400.00000000000216	399.99999999999915	
LA_E_1185733_0018	Boundary	True	True			
LA_E_1185733_0018	Interior_A	True	False	-3.552713678800501e-12	5.551115123125783e-13	incomplete_strict_phone_support_for_nine_point_cpps_trajectory
LA_E_1185733_0018	Interior_B	True	True	160.00000000000014	160.0000000000007	
LA_E_1186792_0002	Boundary	True	True			
LA_E_1186792_0002	Interior_A	True	False	-159.99999999999991	-160.00000000000003	incomplete_strict_phone_support_for_nine_point_cpps_trajectory
LA_E_1186792_0002	Interior_B	True	True	239.99999999999977	240.0000000000003	
LA_E_1186792_0010	Boundary	True	True			
LA_E_1186792_0010	Interior_A	True	True	159.99999999999835	160.0000000000007	
LA_E_1186792_0010	Interior_B	True	False	-160.00000000000014	-159.99999999999957	incomplete_strict_phone_support_for_nine_point_cpps_trajectory
LA_E_1186792_0011	Boundary	True	True			
LA_E_1186792_0011	Interior_A	True	False	-160.00000000000014	-159.99999999999957	incomplete_strict_phone_support_for_nine_point_cpps_trajectory
LA_E_1186792_0011	Interior_B	True	False	-160.00000000000014	-160.00000000000136	incomplete_strict_phone_support_for_nine_point_cpps_trajectory
LA_E_1186792_0014	Boundary	True	False			official_v6_boundary_cpps_invalid_or_incomplete_support
LA_E_1186792_0014	Interior_A	True	False	-80.00000000000007	-80.0000000000013	incomplete_strict_phone_support_for_nine_point_cpps_trajectory
LA_E_1186792_0014	Interior_B	True	True	239.99999999999844	240.00000000000256	
LA_E_1186792_0015	Boundary	True	False			official_v6_boundary_cpps_invalid_or_incomplete_support
LA_E_1186792_0015	Interior_A	True	True	239.99999999999844	240.00000000000256	
LA_E_1186792_0015	Interior_B	True	True	399.9999999999986	399.99999999999915	
LA_E_1186792_0016	Boundary	True	True			
LA_E_1186792_0016	Interior_A	True	True	399.9999999999986	399.99999999999915	
LA_E_1186792_0016	Interior_B	True	False	-160.00000000000014	-159.99999999999957	incomplete_strict_phone_support_for_nine_point_cpps_trajectory
LA_E_1186792_0017	Boundary	True	False			official_v6_boundary_cpps_invalid_or_incomplete_support
LA_E_1186792_0017	Interior_A	True	False	-160.00000000000014	-159.99999999999957	incomplete_strict_phone_support_for_nine_point_cpps_trajectory
LA_E_1186792_0017	Interior_B	True	False	-80.00000000000185	-79.99999999999774	incomplete_strict_phone_support_for_nine_point_cpps_trajectory
LA_E_1190405_0004	Boundary	True	True			
LA_E_1190405_0004	Interior_A	True	True	8.881784197001252e-13	5.551115123125783e-13	
LA_E_1190405_0004	Interior_B	True	False	-160.00000000000014	-160.00000000000136	incomplete_strict_phone_support_for_nine_point_cpps_trajectory
LA_E_1190405_0006	Boundary	True	True			
LA_E_1190405_0006	Interior_A	True	False	-80.00000000000007	-79.99999999999952	incomplete_strict_phone_support_for_nine_point_cpps_trajectory
LA_E_1190405_0006	Interior_B	True	False	-80.00000000000007	-80.0000000000013	incomplete_strict_phone_support_for_nine_point_cpps_trajectory
LA_E_1190405_0007	Boundary	True	True			
LA_E_1190405_0007	Interior_A	True	False	-80.00000000000007	-80.0000000000013	incomplete_strict_phone_support_for_nine_point_cpps_trajectory
LA_E_1190405_0007	Interior_B	True	False	-80.00000000000185	-79.99999999999952	incomplete_strict_phone_support_for_nine_point_cpps_trajectory
LA_E_1190405_0008	Boundary	True	True			
LA_E_1190405_0008	Interior_A	True	False	-80.00000000000185	-79.99999999999952	incomplete_strict_phone_support_for_nine_point_cpps_trajectory
LA_E_1190405_0008	Interior_B	True	False	-80.00000000000007	-79.99999999999952	incomplete_strict_phone_support_for_nine_point_cpps_trajectory
LA_E_1190405_0009	Boundary	True	True			
LA_E_1190405_0009	Interior_A	True	False	-80.00000000000007	-79.99999999999952	incomplete_strict_phone_support_for_nine_point_cpps_trajectory
LA_E_1190405_0009	Interior_B	True	True	479.99999999999864	480.00000000000097	
LA_E_1190405_0011	Boundary	True	True			
LA_E_1190405_0011	Interior_A	True	True	160.00000000000014	159.99999999999716	
LA_E_1190405_0011	Interior_B	True	False	-79.9999999999983	-80.0000000000013	incomplete_strict_phone_support_for_nine_point_cpps_trajectory
LA_E_1190405_0012	Boundary	True	True			
LA_E_1190405_0012	Interior_A	True	False	-79.9999999999983	-80.0000000000013	incomplete_strict_phone_support_for_nine_point_cpps_trajectory
LA_E_1190405_0012	Interior_B	True	False	-160.00000000000014	-159.99999999999957	incomplete_strict_phone_support_for_nine_point_cpps_trajectory
LA_E_1190405_0024	Boundary	True	False			official_v6_boundary_cpps_invalid_or_incomplete_support
LA_E_1190405_0024	Interior_A	True	False	-160.0000000000037	-159.99999999999957	incomplete_strict_phone_support_for_nine_point_cpps_trajectory
LA_E_1190405_0024	Interior_B	True	False	-79.9999999999983	-80.0000000000013	incomplete_strict_phone_support_for_nine_point_cpps_trajectory
LA_E_1190405_0025	Boundary	True	False			official_v6_boundary_cpps_invalid_or_incomplete_support
LA_E_1190405_0025	Interior_A	True	False	-79.9999999999983	-80.0000000000013	incomplete_strict_phone_support_for_nine_point_cpps_trajectory
LA_E_1190405_0025	Interior_B	True	False	-79.9999999999983	-80.00000000000485	incomplete_strict_phone_support_for_nine_point_cpps_trajectory
LA_E_1190405_0032	Boundary	True	True			
LA_E_1190405_0032	Interior_A	True	False	-159.9999999999966	-160.00000000000313	incomplete_strict_phone_support_for_nine_point_cpps_trajectory
LA_E_1190405_0032	Interior_B	True	True	80.0000000000054	79.99999999999885	
LA_E_1190458_0005	Boundary	True	False			official_v6_boundary_cpps_invalid_or_incomplete_support
LA_E_1190458_0005	Interior_A	True	False	-80.00000000000097	-79.99999999999862	incomplete_strict_phone_support_for_nine_point_cpps_trajectory
LA_E_1190458_0005	Interior_B	True	False	-159.99999999999926	-160.00000000000048	incomplete_strict_phone_support_for_nine_point_cpps_trajectory
LA_E_1190458_0007	Boundary	True	True			
LA_E_1190458_0007	Interior_A	True	False	-80.00000000000097	-79.99999999999862	incomplete_strict_phone_support_for_nine_point_cpps_trajectory
LA_E_1190458_0007	Interior_B	True	False	-79.99999999999918	-79.99999999999952	incomplete_strict_phone_support_for_nine_point_cpps_trajectory
LA_E_1190458_0015	Boundary	True	True			
LA_E_1190458_0015	Interior_A	True	False	-160.00000000000014	-160.00000000000136	incomplete_strict_phone_support_for_nine_point_cpps_trajectory
LA_E_1190458_0015	Interior_B	True	False	-80.00000000000007	-79.99999999999952	incomplete_strict_phone_support_for_nine_point_cpps_trajectory
LA_E_1190458_0018	Boundary	True	True			
LA_E_1190458_0018	Interior_A	True	True	160.00000000000014	159.99999999999716	
LA_E_1190458_0018	Interior_B	True	False	-160.00000000000014	-159.99999999999957	incomplete_strict_phone_support_for_nine_point_cpps_trajectory
LA_E_1190458_0023	Boundary	True	False			official_v6_boundary_cpps_invalid_or_incomplete_support
LA_E_1190458_0023	Interior_A	True	False	-79.9999999999983	-80.0000000000013	incomplete_strict_phone_support_for_nine_point_cpps_trajectory
LA_E_1190458_0023	Interior_B	True	False	-160.00000000000014	-159.99999999999957	incomplete_strict_phone_support_for_nine_point_cpps_trajectory
LA_E_1190458_0024	Boundary	True	True			
LA_E_1190458_0024	Interior_A	True	False	-160.00000000000014	-159.99999999999957	incomplete_strict_phone_support_for_nine_point_cpps_trajectory
LA_E_1190458_0024	Interior_B	True	False	-160.00000000000014	-159.99999999999957	incomplete_strict_phone_support_for_nine_point_cpps_trajectory
LA_E_1190458_0025	Boundary	True	True			
LA_E_1190458_0025	Interior_A	True	False	-160.00000000000014	-159.99999999999957	incomplete_strict_phone_support_for_nine_point_cpps_trajectory
LA_E_1190458_0025	Interior_B	True	False	-80.00000000000185	-80.0000000000013	incomplete_strict_phone_support_for_nine_point_cpps_trajectory
LA_E_1190458_0026	Boundary	True	False			official_v6_boundary_cpps_invalid_or_incomplete_support
LA_E_1190458_0026	Interior_A	True	False	-80.00000000000185	-80.0000000000013	incomplete_strict_phone_support_for_nine_point_cpps_trajectory
LA_E_1190458_0026	Interior_B	True	True	239.99999999999844	240.00000000000256	
LA_E_1190458_0034	Boundary	True	True			
LA_E_1190458_0034	Interior_A	True	True	80.0000000000054	79.99999999999885	
LA_E_1190458_0034	Interior_B	True	False	-160.0000000000037	-159.99999999999602	incomplete_strict_phone_support_for_nine_point_cpps_trajectory
LA_E_1190458_0035	Boundary	True	False			official_v6_boundary_cpps_invalid_or_incomplete_support
LA_E_1190458_0035	Interior_A	True	False	-160.0000000000037	-159.99999999999602	incomplete_strict_phone_support_for_nine_point_cpps_trajectory
LA_E_1190458_0035	Interior_B	True	True	159.9999999999966	159.99999999999716	
LA_E_1190458_0040	Boundary	True	False			official_v6_boundary_cpps_invalid_or_incomplete_support
LA_E_1190458_0040	Interior_A	True	False	-79.9999999999983	-80.00000000000485	incomplete_strict_phone_support_for_nine_point_cpps_trajectory
LA_E_1190458_0040	Interior_B	True	False	-79.9999999999983	-80.00000000000485	incomplete_strict_phone_support_for_nine_point_cpps_trajectory
LA_E_1190458_0043	Boundary	True	True			
LA_E_1190458_0043	Interior_A	True	False	-79.9999999999983	-79.99999999999774	incomplete_strict_phone_support_for_nine_point_cpps_trajectory
LA_E_1190458_0043	Interior_B	True	False	-79.9999999999983	-80.00000000000485	incomplete_strict_phone_support_for_nine_point_cpps_trajectory
LA_E_1190458_0044	Boundary	True	False			official_v6_boundary_cpps_invalid_or_incomplete_support
LA_E_1190458_0044	Interior_A	True	False	-79.9999999999983	-80.00000000000485	incomplete_strict_phone_support_for_nine_point_cpps_trajectory
LA_E_1190458_0044	Interior_B	True	True	79.9999999999983	79.99999999999885	
LA_E_1190458_0052	Boundary	True	True			
LA_E_1190458_0052	Interior_A	True	True	79.9999999999983	79.99999999999885	
LA_E_1190458_0052	Interior_B	True	False	0.0	5.551115123125783e-13	incomplete_strict_phone_support_for_nine_point_cpps_trajectory
LA_E_1190458_0053	Boundary	True	True			
LA_E_1190458_0053	Interior_A	True	False	0.0	5.551115123125783e-13	incomplete_strict_phone_support_for_nine_point_cpps_trajectory
LA_E_1190458_0053	Interior_B	True	True	79.9999999999983	80.00000000000595	
LA_E_1190458_0060	Boundary	True	True			
LA_E_1190458_0060	Interior_A	True	False	-159.9999999999966	-160.00000000000313	incomplete_strict_phone_support_for_nine_point_cpps_trajectory
LA_E_1190458_0060	Interior_B	True	False	0.0	5.551115123125783e-13	incomplete_strict_phone_support_for_nine_point_cpps_trajectory
LA_E_1190458_0061	Boundary	True	True			
LA_E_1190458_0061	Interior_A	True	False	0.0	5.551115123125783e-13	incomplete_strict_phone_support_for_nine_point_cpps_trajectory
LA_E_1190458_0061	Interior_B	True	True	79.9999999999983	79.99999999999885	
LA_E_1190458_0062	Boundary	True	True			
LA_E_1190458_0062	Interior_A	True	True	79.9999999999983	79.99999999999885	
LA_E_1190458_0062	Interior_B	True	False	-79.9999999999983	-79.99999999999774	incomplete_strict_phone_support_for_nine_point_cpps_trajectory
LA_E_1190458_0065	Boundary	True	False			official_v6_boundary_cpps_invalid_or_incomplete_support
LA_E_1190458_0065	Interior_A	True	True	160.0000000000037	159.99999999999716	
LA_E_1190458_0065	Interior_B	True	False	-79.9999999999983	-80.00000000001195	incomplete_strict_phone_support_for_nine_point_cpps_trajectory
LA_E_1190458_0066	Boundary	True	True			
LA_E_1190458_0066	Interior_A	True	False	-79.9999999999983	-80.00000000001195	incomplete_strict_phone_support_for_nine_point_cpps_trajectory
LA_E_1190458_0066	Interior_B	True	True	240.0000000000091	239.99999999999545	
LA_E_1190458_0070	Boundary	True	True			
LA_E_1190458_0070	Interior_A	True	True	159.9999999999966	159.99999999999716	
LA_E_1190458_0070	Interior_B	True	False	0.0	5.551115123125783e-13	incomplete_strict_phone_support_for_nine_point_cpps_trajectory
LA_E_1190458_0077	Boundary	True	False			official_v6_boundary_cpps_invalid_or_incomplete_support
LA_E_1190458_0077	Interior_A	True	True	560.0000000000023	560.0000000000028	
LA_E_1190458_0077	Interior_B	True	False	-160.0000000000108	-159.99999999999602	incomplete_strict_phone_support_for_nine_point_cpps_trajectory
LA_E_1190458_0078	Boundary	True	False			official_v6_boundary_cpps_invalid_or_incomplete_support
LA_E_1190458_0078	Interior_A	True	False	-160.0000000000108	-159.99999999999602	incomplete_strict_phone_support_for_nine_point_cpps_trajectory
LA_E_1190458_0078	Interior_B	True	True	80.0000000000125	79.99999999999885	
LA_E_1190458_0081	Boundary	True	True			
LA_E_1190458_0081	Interior_A	True	False	0.0	5.551115123125783e-13	incomplete_strict_phone_support_for_nine_point_cpps_trajectory
LA_E_1190458_0081	Interior_B	True	True	159.9999999999966	159.99999999999716	
LA_E_1190778_0002	Boundary	True	True			
LA_E_1190778_0002	Interior_A	True	False	-160.00000000000014	-160.00000000000003	incomplete_strict_phone_support_for_nine_point_cpps_trajectory
LA_E_1190778_0002	Interior_B	True	False	-160.00000000000014	-160.00000000000003	incomplete_strict_phone_support_for_nine_point_cpps_trajectory
LA_E_1190778_0012	Boundary	True	True			
LA_E_1190778_0012	Interior_A	True	True	319.9999999999985	320.00000000000085	
LA_E_1190778_0012	Interior_B	True	True	320.0000000000003	319.9999999999991	
LA_E_1190778_0013	Boundary	True	True			
LA_E_1190778_0013	Interior_A	True	True	320.0000000000003	319.9999999999991	
LA_E_1190778_0013	Interior_B	True	False	0.0	5.551115123125783e-13	incomplete_strict_phone_support_for_nine_point_cpps_trajectory
LA_E_1190778_0019	Boundary	True	False			official_v6_boundary_cpps_invalid_or_incomplete_support
LA_E_1190778_0019	Interior_A	True	True	160.00000000000014	160.0000000000007	
LA_E_1190778_0019	Interior_B	True	True	559.9999999999987	559.9999999999993	
LA_E_1190778_0026	Boundary	True	True			
LA_E_1190778_0026	Interior_A	True	True	240.000000000002	240.00000000000256	
LA_E_1190778_0026	Interior_B	True	False	-79.9999999999983	-80.00000000000485	incomplete_strict_phone_support_for_nine_point_cpps_trajectory
LA_E_1190778_0027	Boundary	True	True			
LA_E_1190778_0027	Interior_A	True	False	-79.9999999999983	-80.00000000000485	incomplete_strict_phone_support_for_nine_point_cpps_trajectory
LA_E_1190778_0027	Interior_B	True	False	-79.9999999999983	-80.00000000000485	incomplete_strict_phone_support_for_nine_point_cpps_trajectory
LA_E_1190778_0033	Boundary	True	False			official_v6_boundary_cpps_invalid_or_incomplete_support
LA_E_1190778_0033	Interior_A	True	True	159.9999999999966	160.00000000000426	
LA_E_1190778_0033	Interior_B	True	False	-160.0000000000037	-159.99999999999602	incomplete_strict_phone_support_for_nine_point_cpps_trajectory
LA_E_1190778_0034	Boundary	True	True			
LA_E_1190778_0034	Interior_A	True	False	-160.0000000000037	-159.99999999999602	incomplete_strict_phone_support_for_nine_point_cpps_trajectory
LA_E_1190778_0034	Interior_B	True	True	239.99999999999488	240.00000000000256	
LA_E_1190778_0039	Boundary	True	True			
LA_E_1190778_0039	Interior_A	True	True	79.9999999999983	79.99999999999885	
LA_E_1190778_0039	Interior_B	True	False	-159.9999999999966	-160.00000000000313	incomplete_strict_phone_support_for_nine_point_cpps_trajectory
LA_E_1190778_0042	Boundary	True	True			
LA_E_1190778_0042	Interior_A	True	False	-79.9999999999983	-80.00000000000485	incomplete_strict_phone_support_for_nine_point_cpps_trajectory
LA_E_1190778_0042	Interior_B	True	True	160.0000000000037	159.99999999999716	
LA_E_1190778_0043	Boundary	True	True			
LA_E_1190778_0043	Interior_A	True	True	160.0000000000037	159.99999999999716	
LA_E_1190778_0043	Interior_B	True	False	-80.0000000000054	-79.99999999999774	incomplete_strict_phone_support_for_nine_point_cpps_trajectory
LA_E_1190778_0044	Boundary	True	True			
LA_E_1190778_0044	Interior_A	True	False	-80.0000000000054	-79.99999999999774	incomplete_strict_phone_support_for_nine_point_cpps_trajectory
LA_E_1190778_0044	Interior_B	True	False	-159.9999999999966	-160.00000000000313	incomplete_strict_phone_support_for_nine_point_cpps_trajectory
LA_E_1190778_0045	Boundary	True	False			official_v6_boundary_cpps_invalid_or_incomplete_support
LA_E_1190778_0045	Interior_A	True	False	-159.9999999999966	-160.00000000000313	incomplete_strict_phone_support_for_nine_point_cpps_trajectory
LA_E_1190778_0045	Interior_B	True	True	320.0000000000003	320.00000000000085	
LA_E_1191098_0001	Boundary	True	True			
LA_E_1191098_0001	Interior_A	True	False	-160.00000000000102	-159.9999999999987	incomplete_strict_phone_support_for_nine_point_cpps_trajectory
LA_E_1191098_0001	Interior_B	True	False	-79.99999999999918	-80.0000000000004	incomplete_strict_phone_support_for_nine_point_cpps_trajectory
LA_E_1191098_0004	Boundary	True	True			
LA_E_1191098_0004	Interior_A	True	True	80.00000000000097	80.00000000000063	
LA_E_1191098_0004	Interior_B	True	False	-160.00000000000014	-160.00000000000136	incomplete_strict_phone_support_for_nine_point_cpps_trajectory
LA_E_1191098_0006	Boundary	True	True			
LA_E_1191098_0006	Interior_A	True	False	-160.00000000000014	-159.99999999999957	incomplete_strict_phone_support_for_nine_point_cpps_trajectory
LA_E_1191098_0006	Interior_B	True	True	319.9999999999985	320.00000000000085	
LA_E_1191098_0007	Boundary	True	True			
LA_E_1191098_0007	Interior_A	True	True	319.9999999999985	320.00000000000085	
LA_E_1191098_0007	Interior_B	True	False	0.0	-1.2212453270876722e-12	incomplete_strict_phone_support_for_nine_point_cpps_trajectory
LA_E_1191098_0020	Boundary	True	True			
LA_E_1191098_0020	Interior_A	True	False	0.0	5.551115123125783e-13	incomplete_strict_phone_support_for_nine_point_cpps_trajectory
LA_E_1191098_0020	Interior_B	True	False	-80.00000000000185	-80.0000000000013	incomplete_strict_phone_support_for_nine_point_cpps_trajectory
LA_E_1191098_0025	Boundary	True	False			official_v6_boundary_cpps_invalid_or_incomplete_support
LA_E_1191098_0025	Interior_A	True	True	79.9999999999983	79.99999999999885	
LA_E_1191098_0025	Interior_B	True	True	80.00000000000185	79.99999999999885	
LA_E_1191098_0028	Boundary	True	False			official_v6_boundary_cpps_invalid_or_incomplete_support
LA_E_1191098_0028	Interior_A	True	False	-159.9999999999966	-160.00000000000313	incomplete_strict_phone_support_for_nine_point_cpps_trajectory
LA_E_1191098_0028	Interior_B	True	False	-159.9999999999966	-160.00000000000313	incomplete_strict_phone_support_for_nine_point_cpps_trajectory
LA_E_1191098_0039	Boundary	True	False			official_v6_boundary_cpps_invalid_or_incomplete_support
LA_E_1191098_0039	Interior_A	True	False	0.0	5.551115123125783e-13	incomplete_strict_phone_support_for_nine_point_cpps_trajectory
LA_E_1191098_0039	Interior_B	True	False	0.0	5.551115123125783e-13	incomplete_strict_phone_support_for_nine_point_cpps_trajectory
LA_E_1191098_0045	Boundary	True	True			
LA_E_1191098_0045	Interior_A	True	True	79.9999999999983	79.99999999999885	
LA_E_1191098_0045	Interior_B	True	False	0.0	5.551115123125783e-13	incomplete_strict_phone_support_for_nine_point_cpps_trajectory
LA_E_1191098_0046	Boundary	True	True			
LA_E_1191098_0046	Interior_A	True	False	0.0	5.551115123125783e-13	incomplete_strict_phone_support_for_nine_point_cpps_trajectory
LA_E_1191098_0046	Interior_B	True	False	-159.9999999999966	-160.00000000000313	incomplete_strict_phone_support_for_nine_point_cpps_trajectory
LA_E_1192472_0006	Boundary	True	False			official_v6_boundary_cpps_invalid_or_incomplete_support
LA_E_1192472_0006	Interior_A	True	False	-80.00000000000007	-79.99999999999952	incomplete_strict_phone_support_for_nine_point_cpps_trajectory
LA_E_1192472_0006	Interior_B	True	False	-80.00000000000007	-80.0000000000004	incomplete_strict_phone_support_for_nine_point_cpps_trajectory
LA_E_1192472_0009	Boundary	True	True			
LA_E_1192472_0009	Interior_A	True	False	-160.00000000000014	-159.99999999999957	incomplete_strict_phone_support_for_nine_point_cpps_trajectory
LA_E_1192472_0009	Interior_B	True	False	-80.00000000000185	-79.99999999999952	incomplete_strict_phone_support_for_nine_point_cpps_trajectory
LA_E_1192472_0012	Boundary	True	False			official_v6_boundary_cpps_invalid_or_incomplete_support
LA_E_1192472_0012	Interior_A	True	True	80.00000000000007	79.99999999999885	
LA_E_1192472_0012	Interior_B	True	True	80.00000000000007	80.00000000000063	
LA_E_1192472_0020	Boundary	True	False			official_v6_boundary_cpps_invalid_or_incomplete_support
LA_E_1192472_0020	Interior_A	True	False	-160.00000000000014	-159.99999999999957	incomplete_strict_phone_support_for_nine_point_cpps_trajectory
LA_E_1192472_0020	Interior_B	True	True	399.9999999999986	399.99999999999915	
LA_E_1192472_0036	Boundary	True	True			
LA_E_1192472_0036	Interior_A	True	False	-160.0000000000037	-159.99999999999602	incomplete_strict_phone_support_for_nine_point_cpps_trajectory
LA_E_1192472_0036	Interior_B	True	True	160.0000000000037	159.99999999999716	
LA_E_1192472_0037	Boundary	True	False			official_v6_boundary_cpps_invalid_or_incomplete_support
LA_E_1192472_0037	Interior_A	True	True	160.0000000000037	159.99999999999716	
LA_E_1192472_0037	Interior_B	True	True	239.99999999999488	240.00000000000256	
LA_E_1192472_0038	Boundary	True	False			official_v6_boundary_cpps_invalid_or_incomplete_support
LA_E_1192472_0038	Interior_A	True	True	239.99999999999488	240.00000000000256	
LA_E_1192472_0038	Interior_B	True	False	-79.9999999999983	-80.00000000000485	incomplete_strict_phone_support_for_nine_point_cpps_trajectory
LA_E_1192472_0042	Boundary	True	False			official_v6_boundary_cpps_invalid_or_incomplete_support
LA_E_1192472_0042	Interior_A	True	False	0.0	5.551115123125783e-13	incomplete_strict_phone_support_for_nine_point_cpps_trajectory
LA_E_1192472_0042	Interior_B	True	True	479.9999999999969	479.99999999999744	
LA_E_1192472_0043	Boundary	True	False			official_v6_boundary_cpps_invalid_or_incomplete_support
LA_E_1192472_0043	Interior_A	True	True	479.9999999999969	479.99999999999744	
LA_E_1192472_0043	Interior_B	True	True	240.000000000002	240.00000000000256	
LA_E_1193863_0002	Boundary	True	False			official_v6_boundary_cpps_invalid_or_incomplete_support
LA_E_1193863_0002	Interior_A	True	True	160.00000000000014	160.0000000000007	
LA_E_1193863_0002	Interior_B	True	False	0.0	-3.3306690738754696e-13	incomplete_strict_phone_support_for_nine_point_cpps_trajectory
LA_E_1193863_0008	Boundary	True	True			
LA_E_1193863_0008	Interior_A	True	False	-160.00000000000193	-159.99999999999957	incomplete_strict_phone_support_for_nine_point_cpps_trajectory
LA_E_1193863_0008	Interior_B	True	False	0.0	5.551115123125783e-13	incomplete_strict_phone_support_for_nine_point_cpps_trajectory
LA_E_1193863_0009	Boundary	True	True			
LA_E_1193863_0009	Interior_A	True	False	0.0	5.551115123125783e-13	incomplete_strict_phone_support_for_nine_point_cpps_trajectory
LA_E_1193863_0009	Interior_B	True	False	-80.00000000000185	-79.99999999999952	incomplete_strict_phone_support_for_nine_point_cpps_trajectory
LA_E_1194807_0001	Boundary	True	False			official_v6_boundary_cpps_invalid_or_incomplete_support
LA_E_1194807_0001	Interior_A	True	False	-160.00000000000003	-160.00000000000003	incomplete_strict_phone_support_for_nine_point_cpps_trajectory
LA_E_1194807_0001	Interior_B	True	True	319.99999999999983	319.99999999999994	
LA_E_1194807_0002	Boundary	True	False			official_v6_boundary_cpps_invalid_or_incomplete_support
LA_E_1194807_0002	Interior_A	True	True	319.99999999999983	319.99999999999994	
LA_E_1194807_0002	Interior_B	True	False	-4.440892098500626e-13	5.551115123125783e-13	incomplete_strict_phone_support_for_nine_point_cpps_trajectory
LA_E_1194807_0003	Boundary	True	False			official_v6_boundary_cpps_invalid_or_incomplete_support
LA_E_1194807_0003	Interior_A	True	False	-4.440892098500626e-13	5.551115123125783e-13	incomplete_strict_phone_support_for_nine_point_cpps_trajectory
LA_E_1194807_0003	Interior_B	True	True	639.9999999999997	640.0000000000002	
LA_E_1194807_0011	Boundary	True	True			
LA_E_1194807_0011	Interior_A	True	False	-80.00000000000185	-79.99999999999952	incomplete_strict_phone_support_for_nine_point_cpps_trajectory
LA_E_1194807_0011	Interior_B	True	True	480.00000000000045	479.9999999999992	
LA_E_1194807_0012	Boundary	True	True			
LA_E_1194807_0012	Interior_A	True	True	480.00000000000045	479.9999999999992	
LA_E_1194807_0012	Interior_B	True	False	-160.00000000000014	-159.99999999999957	incomplete_strict_phone_support_for_nine_point_cpps_trajectory
LA_E_1194807_0013	Boundary	True	False			official_v6_boundary_cpps_invalid_or_incomplete_support
LA_E_1194807_0013	Interior_A	True	False	-160.00000000000014	-159.99999999999957	incomplete_strict_phone_support_for_nine_point_cpps_trajectory
LA_E_1194807_0013	Interior_B	True	False	0.0	-2.9976021664879227e-12	incomplete_strict_phone_support_for_nine_point_cpps_trajectory
LA_E_1194807_0016	Boundary	True	True			
LA_E_1194807_0016	Interior_A	True	True	160.00000000000014	160.0000000000007	
LA_E_1194807_0016	Interior_B	True	False	0.0	5.551115123125783e-13	incomplete_strict_phone_support_for_nine_point_cpps_trajectory
LA_E_1194807_0022	Boundary	True	True			
LA_E_1194807_0022	Interior_A	True	True	1279.9999999999975	1280.0000000000016	
LA_E_1194807_0022	Interior_B	True	False	0.0	5.551115123125783e-13	incomplete_strict_phone_support_for_nine_point_cpps_trajectory
LA_E_1194807_0023	Boundary	True	True			
LA_E_1194807_0023	Interior_A	True	False	0.0	5.551115123125783e-13	incomplete_strict_phone_support_for_nine_point_cpps_trajectory
LA_E_1194807_0023	Interior_B	True	False	-3.552713678800501e-12	5.551115123125783e-13	incomplete_strict_phone_support_for_nine_point_cpps_trajectory
LA_E_1194807_0024	Boundary	True	False			official_v6_boundary_cpps_invalid_or_incomplete_support
LA_E_1194807_0024	Interior_A	True	False	-3.552713678800501e-12	5.551115123125783e-13	incomplete_strict_phone_support_for_nine_point_cpps_trajectory
LA_E_1194807_0024	Interior_B	True	True	400.00000000000216	399.99999999999557	
LA_E_1194807_0029	Boundary	True	False			official_v6_boundary_cpps_invalid_or_incomplete_support
LA_E_1194807_0029	Interior_A	True	True	639.9999999999934	640.0000000000011	
LA_E_1194807_0029	Interior_B	True	True	160.0000000000037	159.99999999999716	
LA_E_1194807_0036	Boundary	True	False			official_v6_boundary_cpps_invalid_or_incomplete_support
LA_E_1194807_0036	Interior_A	True	False	-160.0000000000037	-159.99999999999602	incomplete_strict_phone_support_for_nine_point_cpps_trajectory
LA_E_1194807_0036	Interior_B	True	False	-79.9999999999983	-80.00000000000485	incomplete_strict_phone_support_for_nine_point_cpps_trajectory
LA_E_1194807_0037	Boundary	True	False			official_v6_boundary_cpps_invalid_or_incomplete_support
LA_E_1194807_0037	Interior_A	True	False	-79.9999999999983	-80.00000000000485	incomplete_strict_phone_support_for_nine_point_cpps_trajectory
LA_E_1194807_0037	Interior_B	True	False	-79.9999999999983	-79.99999999999774	incomplete_strict_phone_support_for_nine_point_cpps_trajectory
LA_E_1194807_0038	Boundary	True	True			
LA_E_1194807_0038	Interior_A	True	False	-79.9999999999983	-79.99999999999774	incomplete_strict_phone_support_for_nine_point_cpps_trajectory
LA_E_1194807_0038	Interior_B	True	False	-160.0000000000037	-160.00000000000313	incomplete_strict_phone_support_for_nine_point_cpps_trajectory
LA_E_1194807_0039	Boundary	True	True			
LA_E_1194807_0039	Interior_A	True	False	-160.0000000000037	-160.00000000000313	incomplete_strict_phone_support_for_nine_point_cpps_trajectory
LA_E_1194807_0039	Interior_B	True	True	560.0000000000023	560.0000000000028	
LA_E_1197802_0000	Boundary	True	True			
LA_E_1197802_0000	Interior_A	True	True	80.00000000000007	79.99999999999996	
LA_E_1197802_0000	Interior_B	True	False	-1.7763568394002505e-12	1.4432899320127035e-12	incomplete_strict_phone_support_for_nine_point_cpps_trajectory
LA_E_1197802_0017	Boundary	True	False			official_v6_boundary_cpps_invalid_or_incomplete_support
LA_E_1197802_0017	Interior_A	True	True	80.00000000000185	79.99999999999885	
LA_E_1197802_0017	Interior_B	True	True	160.00000000000014	160.0000000000007	
LA_E_1197802_0018	Boundary	True	False			official_v6_boundary_cpps_invalid_or_incomplete_support
LA_E_1197802_0018	Interior_A	True	True	160.00000000000014	160.0000000000007	
LA_E_1197802_0018	Interior_B	True	True	79.9999999999983	79.99999999999885	
LA_E_1197802_0019	Boundary	True	False			official_v6_boundary_cpps_invalid_or_incomplete_support
LA_E_1197802_0019	Interior_A	True	True	79.9999999999983	79.99999999999885	
LA_E_1197802_0019	Interior_B	True	False	-79.9999999999983	-80.0000000000013	incomplete_strict_phone_support_for_nine_point_cpps_trajectory
LA_E_1197802_0020	Boundary	True	True			
LA_E_1197802_0020	Interior_A	True	False	-79.9999999999983	-80.0000000000013	incomplete_strict_phone_support_for_nine_point_cpps_trajectory
LA_E_1197802_0020	Interior_B	True	False	-160.00000000000014	-159.99999999999957	incomplete_strict_phone_support_for_nine_point_cpps_trajectory
LA_E_1197802_0021	Boundary	True	True			
LA_E_1197802_0021	Interior_A	True	False	-160.00000000000014	-159.99999999999957	incomplete_strict_phone_support_for_nine_point_cpps_trajectory
LA_E_1197802_0021	Interior_B	True	False	-80.00000000000185	-80.0000000000013	incomplete_strict_phone_support_for_nine_point_cpps_trajectory
LA_E_1197802_0024	Boundary	True	False			official_v6_boundary_cpps_invalid_or_incomplete_support
LA_E_1197802_0024	Interior_A	True	False	0.0	5.551115123125783e-13	incomplete_strict_phone_support_for_nine_point_cpps_trajectory
LA_E_1197802_0024	Interior_B	True	False	-80.00000000000185	-79.99999999999774	incomplete_strict_phone_support_for_nine_point_cpps_trajectory
LA_E_1197802_0027	Boundary	True	True			
LA_E_1197802_0027	Interior_A	True	False	-3.552713678800501e-12	5.551115123125783e-13	incomplete_strict_phone_support_for_nine_point_cpps_trajectory
LA_E_1197802_0027	Interior_B	True	False	-79.9999999999983	-80.00000000000485	incomplete_strict_phone_support_for_nine_point_cpps_trajectory
LA_E_1197802_0034	Boundary	True	False			official_v6_boundary_cpps_invalid_or_incomplete_support
LA_E_1197802_0034	Interior_A	True	True	239.99999999999488	240.00000000000256	
LA_E_1197802_0034	Interior_B	True	True	160.0000000000037	159.99999999999716	
LA_E_1197802_0035	Boundary	True	True			
LA_E_1197802_0035	Interior_A	True	True	160.0000000000037	159.99999999999716	
LA_E_1197802_0035	Interior_B	True	False	-79.9999999999983	-80.00000000000485	incomplete_strict_phone_support_for_nine_point_cpps_trajectory
LA_E_1197802_0036	Boundary	True	True			
LA_E_1197802_0036	Interior_A	True	False	-79.9999999999983	-80.00000000000485	incomplete_strict_phone_support_for_nine_point_cpps_trajectory
LA_E_1197802_0036	Interior_B	True	False	0.0	5.551115123125783e-13	incomplete_strict_phone_support_for_nine_point_cpps_trajectory
LA_E_1197802_0037	Boundary	True	True			
LA_E_1197802_0037	Interior_A	True	False	0.0	5.551115123125783e-13	incomplete_strict_phone_support_for_nine_point_cpps_trajectory
LA_E_1197802_0037	Interior_B	True	False	-80.0000000000054	-79.99999999999774	incomplete_strict_phone_support_for_nine_point_cpps_trajectory
LA_E_1197802_0043	Boundary	True	True			
LA_E_1197802_0043	Interior_A	True	True	240.000000000002	240.00000000000256	
LA_E_1197802_0043	Interior_B	True	False	-7.105427357601002e-12	5.551115123125783e-13	incomplete_strict_phone_support_for_nine_point_cpps_trajectory
LA_E_1197802_0044	Boundary	True	True			
LA_E_1197802_0044	Interior_A	True	False	-7.105427357601002e-12	5.551115123125783e-13	incomplete_strict_phone_support_for_nine_point_cpps_trajectory
LA_E_1197802_0044	Interior_B	True	True	80.0000000000054	79.99999999999885	
LA_E_1197802_0045	Boundary	True	False			official_v6_boundary_cpps_invalid_or_incomplete_support
LA_E_1197802_0045	Interior_A	True	True	80.0000000000054	79.99999999999885	
LA_E_1197802_0045	Interior_B	True	False	-80.0000000000054	-79.99999999999774	incomplete_strict_phone_support_for_nine_point_cpps_trajectory
LA_E_1197802_0050	Boundary	True	True			
LA_E_1197802_0050	Interior_A	True	False	-79.9999999999983	-79.99999999999774	incomplete_strict_phone_support_for_nine_point_cpps_trajectory
LA_E_1197802_0050	Interior_B	True	False	-79.9999999999983	-80.00000000000485	incomplete_strict_phone_support_for_nine_point_cpps_trajectory
LA_E_1197802_0051	Boundary	True	True			
LA_E_1197802_0051	Interior_A	True	False	-79.9999999999983	-80.00000000000485	incomplete_strict_phone_support_for_nine_point_cpps_trajectory
LA_E_1197802_0051	Interior_B	True	False	-160.0000000000037	-159.99999999999602	incomplete_strict_phone_support_for_nine_point_cpps_trajectory
LA_E_1197802_0052	Boundary	True	True			
LA_E_1197802_0052	Interior_A	True	False	-160.0000000000037	-159.99999999999602	incomplete_strict_phone_support_for_nine_point_cpps_trajectory
LA_E_1197802_0052	Interior_B	True	False	-79.9999999999983	-80.00000000000485	incomplete_strict_phone_support_for_nine_point_cpps_trajectory
LA_E_1197802_0053	Boundary	True	False			official_v6_boundary_cpps_invalid_or_incomplete_support
LA_E_1197802_0053	Interior_A	True	False	-79.9999999999983	-80.00000000000485	incomplete_strict_phone_support_for_nine_point_cpps_trajectory
LA_E_1197802_0053	Interior_B	True	False	-159.9999999999966	-160.00000000000313	incomplete_strict_phone_support_for_nine_point_cpps_trajectory
LA_E_1197802_0057	Boundary	True	True			
LA_E_1197802_0057	Interior_A	True	False	-160.0000000000037	-160.00000000000313	incomplete_strict_phone_support_for_nine_point_cpps_trajectory
LA_E_1197802_0057	Interior_B	True	False	-79.9999999999983	-79.99999999999774	incomplete_strict_phone_support_for_nine_point_cpps_trajectory
LA_E_1197802_0058	Boundary	True	False			official_v6_boundary_cpps_invalid_or_incomplete_support
LA_E_1197802_0058	Interior_A	True	False	-79.9999999999983	-79.99999999999774	incomplete_strict_phone_support_for_nine_point_cpps_trajectory
LA_E_1197802_0058	Interior_B	True	False	-80.0000000000054	-79.99999999999774	incomplete_strict_phone_support_for_nine_point_cpps_trajectory
LA_E_1197802_0059	Boundary	True	False			official_v6_boundary_cpps_invalid_or_incomplete_support
LA_E_1197802_0059	Interior_A	True	False	-80.0000000000054	-79.99999999999774	incomplete_strict_phone_support_for_nine_point_cpps_trajectory
LA_E_1197802_0059	Interior_B	True	False	-159.9999999999966	-160.00000000000313	incomplete_strict_phone_support_for_nine_point_cpps_trajectory
LA_E_1199727_0003	Boundary	True	True			
LA_E_1199727_0003	Interior_A	True	False	-160.00000000000014	-160.00000000000003	incomplete_strict_phone_support_for_nine_point_cpps_trajectory
LA_E_1199727_0003	Interior_B	True	False	-160.00000000000014	-160.00000000000003	incomplete_strict_phone_support_for_nine_point_cpps_trajectory
LA_E_1199727_0006	Boundary	True	True			
LA_E_1199727_0006	Interior_A	True	False	-80.00000000000097	-79.99999999999862	incomplete_strict_phone_support_for_nine_point_cpps_trajectory
LA_E_1199727_0006	Interior_B	True	True	80.00000000000007	80.00000000000063	
LA_E_1199727_0007	Boundary	True	False			official_v6_boundary_cpps_invalid_or_incomplete_support
LA_E_1199727_0007	Interior_A	True	True	80.00000000000007	80.00000000000063	
LA_E_1199727_0007	Interior_B	True	True	160.00000000000014	160.0000000000007	
LA_E_1199727_0008	Boundary	True	False			official_v6_boundary_cpps_invalid_or_incomplete_support
LA_E_1199727_0008	Interior_A	True	True	160.00000000000014	160.0000000000007	
LA_E_1199727_0008	Interior_B	True	True	419.9999999999982	420.0000000000005	
LA_E_1200423_0002	Boundary	True	True			
LA_E_1200423_0002	Interior_A	True	True	239.99999999999977	240.0000000000003	
LA_E_1200423_0002	Interior_B	True	True	160.00000000000014	159.9999999999998	
LA_E_1200423_0007	Boundary	True	True			
LA_E_1200423_0007	Interior_A	True	True	80.00000000000097	80.00000000000063	
LA_E_1200423_0007	Interior_B	True	False	-160.00000000000014	-160.00000000000136	incomplete_strict_phone_support_for_nine_point_cpps_trajectory
LA_E_1200423_0011	Boundary	True	True			
LA_E_1200423_0011	Interior_A	True	False	-80.00000000000185	-79.99999999999952	incomplete_strict_phone_support_for_nine_point_cpps_trajectory
LA_E_1200423_0011	Interior_B	True	True	80.00000000000007	80.00000000000063	
LA_E_1200423_0013	Boundary	True	True			
LA_E_1200423_0013	Interior_A	True	False	-160.00000000000193	-159.99999999999957	incomplete_strict_phone_support_for_nine_point_cpps_trajectory
LA_E_1200423_0013	Interior_B	True	False	-80.00000000000185	-79.99999999999774	incomplete_strict_phone_support_for_nine_point_cpps_trajectory
LA_E_1200423_0014	Boundary	True	False			official_v6_boundary_cpps_invalid_or_incomplete_support
LA_E_1200423_0014	Interior_A	True	False	-80.00000000000185	-79.99999999999774	incomplete_strict_phone_support_for_nine_point_cpps_trajectory
LA_E_1200423_0014	Interior_B	True	True	160.00000000000014	159.99999999999716	
LA_E_1200423_0015	Boundary	True	False			official_v6_boundary_cpps_invalid_or_incomplete_support
LA_E_1200423_0015	Interior_A	True	True	160.00000000000014	159.99999999999716	
LA_E_1200423_0015	Interior_B	True	False	-80.00000000000185	-79.99999999999774	incomplete_strict_phone_support_for_nine_point_cpps_trajectory
LA_E_1200423_0016	Boundary	True	False			official_v6_boundary_cpps_invalid_or_incomplete_support
LA_E_1200423_0016	Interior_A	True	False	-80.00000000000185	-79.99999999999774	incomplete_strict_phone_support_for_nine_point_cpps_trajectory
LA_E_1200423_0016	Interior_B	True	True	239.99999999999844	240.00000000000256	
LA_E_1200423_0017	Boundary	True	False			official_v6_boundary_cpps_invalid_or_incomplete_support
LA_E_1200423_0017	Interior_A	True	True	239.99999999999844	240.00000000000256	
LA_E_1200423_0017	Interior_B	True	True	79.9999999999983	79.99999999999885	
LA_E_1200423_0020	Boundary	True	False			official_v6_boundary_cpps_invalid_or_incomplete_support
LA_E_1200423_0020	Interior_A	True	True	559.9999999999987	560.0000000000028	
LA_E_1200423_0020	Interior_B	True	False	-3.552713678800501e-12	5.551115123125783e-13	incomplete_strict_phone_support_for_nine_point_cpps_trajectory
LA_E_1200423_0021	Boundary	True	False			official_v6_boundary_cpps_invalid_or_incomplete_support
LA_E_1200423_0021	Interior_A	True	False	-3.552713678800501e-12	5.551115123125783e-13	incomplete_strict_phone_support_for_nine_point_cpps_trajectory
LA_E_1200423_0021	Interior_B	True	False	0.0	5.551115123125783e-13	incomplete_strict_phone_support_for_nine_point_cpps_trajectory
LA_E_1200423_0025	Boundary	True	False			official_v6_boundary_cpps_invalid_or_incomplete_support
LA_E_1200423_0025	Interior_A	True	False	-160.00000000000014	-160.00000000000313	incomplete_strict_phone_support_for_nine_point_cpps_trajectory
LA_E_1200423_0025	Interior_B	True	True	800.0000000000007	799.9999999999977	
LA_E_1200423_0028	Boundary	True	False			official_v6_boundary_cpps_invalid_or_incomplete_support
LA_E_1200423_0028	Interior_A	True	True	160.0000000000037	159.99999999999716	
LA_E_1200423_0028	Interior_B	True	False	-79.9999999999983	-80.00000000000485	incomplete_strict_phone_support_for_nine_point_cpps_trajectory
LA_E_1200423_0029	Boundary	True	False			official_v6_boundary_cpps_invalid_or_incomplete_support
LA_E_1200423_0029	Interior_A	True	False	-79.9999999999983	-80.00000000000485	incomplete_strict_phone_support_for_nine_point_cpps_trajectory
LA_E_1200423_0029	Interior_B	True	False	-159.9999999999966	-160.00000000000313	incomplete_strict_phone_support_for_nine_point_cpps_trajectory
LA_E_1200423_0030	Boundary	True	True			
LA_E_1200423_0030	Interior_A	True	False	-159.9999999999966	-160.00000000000313	incomplete_strict_phone_support_for_nine_point_cpps_trajectory
LA_E_1200423_0030	Interior_B	True	False	0.0	5.551115123125783e-13	incomplete_strict_phone_support_for_nine_point_cpps_trajectory
LA_E_1200423_0031	Boundary	True	True			
LA_E_1200423_0031	Interior_A	True	False	0.0	5.551115123125783e-13	incomplete_strict_phone_support_for_nine_point_cpps_trajectory
LA_E_1200423_0031	Interior_B	True	False	-79.9999999999983	-79.99999999999774	incomplete_strict_phone_support_for_nine_point_cpps_trajectory
LA_E_1200423_0032	Boundary	True	False			official_v6_boundary_cpps_invalid_or_incomplete_support
LA_E_1200423_0032	Interior_A	True	False	-79.9999999999983	-79.99999999999774	incomplete_strict_phone_support_for_nine_point_cpps_trajectory
LA_E_1200423_0032	Interior_B	True	True	159.9999999999966	159.99999999999716	
LA_E_1200423_0033	Boundary	True	False			official_v6_boundary_cpps_invalid_or_incomplete_support
LA_E_1200423_0033	Interior_A	True	True	159.9999999999966	159.99999999999716	
LA_E_1200423_0033	Interior_B	True	False	-159.9999999999966	-160.00000000000313	incomplete_strict_phone_support_for_nine_point_cpps_trajectory
LA_E_1200423_0034	Boundary	True	False			official_v6_boundary_cpps_invalid_or_incomplete_support
LA_E_1200423_0034	Interior_A	True	False	-159.9999999999966	-160.00000000000313	incomplete_strict_phone_support_for_nine_point_cpps_trajectory
LA_E_1200423_0034	Interior_B	True	True	800.0000000000043	799.9999999999977	
LA_E_1200423_0035	Boundary	True	True			
LA_E_1200423_0035	Interior_A	True	True	800.0000000000043	799.9999999999977	
LA_E_1200423_0035	Interior_B	True	True	799.9999999999972	799.9999999999977	
LA_E_1200423_0036	Boundary	True	False			official_v6_boundary_cpps_invalid_or_incomplete_support
LA_E_1200423_0036	Interior_A	True	True	799.9999999999972	799.9999999999977	
LA_E_1200423_0036	Interior_B	True	False	0.0	5.551115123125783e-13	incomplete_strict_phone_support_for_nine_point_cpps_trajectory
LA_E_1200423_0040	Boundary	True	False			official_v6_boundary_cpps_invalid_or_incomplete_support
LA_E_1200423_0040	Interior_A	True	True	159.9999999999966	159.99999999999716	
LA_E_1200423_0040	Interior_B	True	False	0.0	5.551115123125783e-13	incomplete_strict_phone_support_for_nine_point_cpps_trajectory
LA_E_1200423_0041	Boundary	True	False			official_v6_boundary_cpps_invalid_or_incomplete_support
LA_E_1200423_0041	Interior_A	True	False	0.0	5.551115123125783e-13	incomplete_strict_phone_support_for_nine_point_cpps_trajectory
LA_E_1200423_0041	Interior_B	True	False	-159.9999999999966	-160.00000000000313	incomplete_strict_phone_support_for_nine_point_cpps_trajectory
LA_E_1200423_0042	Boundary	True	False			official_v6_boundary_cpps_invalid_or_incomplete_support
LA_E_1200423_0042	Interior_A	True	False	-159.9999999999966	-160.00000000000313	incomplete_strict_phone_support_for_nine_point_cpps_trajectory
LA_E_1200423_0042	Interior_B	True	True	320.0000000000003	320.00000000000085	
LA_E_1200423_0049	Boundary	True	True			
LA_E_1200423_0049	Interior_A	True	False	-159.9999999999966	-160.00000000000313	incomplete_strict_phone_support_for_nine_point_cpps_trajectory
LA_E_1200423_0049	Interior_B	True	True	160.0000000000037	159.99999999999005	
LA_E_1200423_0055	Boundary	True	True			
LA_E_1200423_0055	Interior_A	True	True	79.9999999999983	79.99999999999885	
LA_E_1200423_0055	Interior_B	True	True	159.9999999999966	159.99999999999716	
LA_E_1200423_0056	Boundary	True	True			
LA_E_1200423_0056	Interior_A	True	True	159.9999999999966	159.99999999999716	
LA_E_1200423_0056	Interior_B	True	True	79.9999999999983	79.99999999999885	
LA_E_1200423_0065	Boundary	True	True			
LA_E_1200423_0065	Interior_A	True	False	0.0	5.551115123125783e-13	incomplete_strict_phone_support_for_nine_point_cpps_trajectory
LA_E_1200423_0065	Interior_B	True	True	799.9999999999972	799.9999999999977	
LA_E_1200423_0066	Boundary	True	True			
LA_E_1200423_0066	Interior_A	True	True	799.9999999999972	799.9999999999977	
LA_E_1200423_0066	Interior_B	True	True	480.000000000004	479.99999999999034	
LA_E_1202203_0000	Boundary	True	False			official_v6_boundary_cpps_invalid_or_incomplete_support
LA_E_1202203_0000	Interior_A	True	True	239.99999999999977	239.9999999999999	
LA_E_1202203_0000	Interior_B	True	True	320.0000000000003	319.99999999999994	
LA_E_1202203_0001	Boundary	True	True			
LA_E_1202203_0001	Interior_A	True	True	320.0000000000003	319.99999999999994	
LA_E_1202203_0001	Interior_B	True	True	400.00000000000034	400.0	
LA_E_1202203_0002	Boundary	True	True			
LA_E_1202203_0002	Interior_A	True	True	400.00000000000034	400.0	
LA_E_1202203_0002	Interior_B	True	False	-159.99999999999926	-159.99999999999957	incomplete_strict_phone_support_for_nine_point_cpps_trajectory
LA_E_1202203_0003	Boundary	True	False			official_v6_boundary_cpps_invalid_or_incomplete_support
LA_E_1202203_0003	Interior_A	True	False	-159.99999999999926	-159.99999999999957	incomplete_strict_phone_support_for_nine_point_cpps_trajectory
LA_E_1202203_0003	Interior_B	True	True	160.00000000000014	159.99999999999892	
LA_E_1202203_0004	Boundary	True	False			official_v6_boundary_cpps_invalid_or_incomplete_support
LA_E_1202203_0004	Interior_A	True	True	160.00000000000014	159.99999999999892	
LA_E_1202203_0004	Interior_B	True	True	400.00000000000034	399.99999999999915	
LA_E_1202203_0007	Boundary	True	True			
LA_E_1202203_0007	Interior_A	True	True	160.00000000000014	159.99999999999892	
LA_E_1202203_0007	Interior_B	True	False	-80.00000000000185	-79.99999999999952	incomplete_strict_phone_support_for_nine_point_cpps_trajectory
LA_E_1202203_0008	Boundary	True	True			
LA_E_1202203_0008	Interior_A	True	False	-80.00000000000185	-79.99999999999952	incomplete_strict_phone_support_for_nine_point_cpps_trajectory
LA_E_1202203_0008	Interior_B	True	False	-160.00000000000014	-159.99999999999957	incomplete_strict_phone_support_for_nine_point_cpps_trajectory
LA_E_1202203_0009	Boundary	True	True			
LA_E_1202203_0009	Interior_A	True	False	-160.00000000000014	-159.99999999999957	incomplete_strict_phone_support_for_nine_point_cpps_trajectory
LA_E_1202203_0009	Interior_B	True	False	-79.9999999999983	-80.0000000000013	incomplete_strict_phone_support_for_nine_point_cpps_trajectory
LA_E_1202203_0018	Boundary	True	True			
LA_E_1202203_0018	Interior_A	True	False	-80.00000000000185	-79.99999999999774	incomplete_strict_phone_support_for_nine_point_cpps_trajectory
LA_E_1202203_0018	Interior_B	True	False	-80.00000000000185	-80.0000000000013	incomplete_strict_phone_support_for_nine_point_cpps_trajectory
LA_E_1202203_0019	Boundary	True	True			
LA_E_1202203_0019	Interior_A	True	False	-80.00000000000185	-80.0000000000013	incomplete_strict_phone_support_for_nine_point_cpps_trajectory
LA_E_1202203_0019	Interior_B	True	False	-160.00000000000014	-159.99999999999957	incomplete_strict_phone_support_for_nine_point_cpps_trajectory
LA_E_1202203_0020	Boundary	True	True			
LA_E_1202203_0020	Interior_A	True	False	-160.00000000000014	-159.99999999999957	incomplete_strict_phone_support_for_nine_point_cpps_trajectory
LA_E_1202203_0020	Interior_B	True	True	239.99999999999844	240.00000000000256	
LA_E_1202203_0021	Boundary	True	True			
LA_E_1202203_0021	Interior_A	True	True	239.99999999999844	240.00000000000256	
LA_E_1202203_0021	Interior_B	True	False	-160.0000000000037	-159.99999999999602	incomplete_strict_phone_support_for_nine_point_cpps_trajectory
LA_E_1202203_0022	Boundary	True	True			
LA_E_1202203_0022	Interior_A	True	False	-160.0000000000037	-159.99999999999602	incomplete_strict_phone_support_for_nine_point_cpps_trajectory
LA_E_1202203_0022	Interior_B	True	True	560.0000000000023	559.9999999999957	
LA_E_1202203_0023	Boundary	True	True			
LA_E_1202203_0023	Interior_A	True	True	560.0000000000023	559.9999999999957	
LA_E_1202203_0023	Interior_B	True	True	1039.999999999999	1039.9999999999995	
LA_E_1202262_0005	Boundary	True	False			official_v6_boundary_cpps_invalid_or_incomplete_support
LA_E_1202262_0005	Interior_A	True	True	479.99999999999864	480.00000000000097	
LA_E_1202262_0005	Interior_B	True	True	239.99999999999932	240.00000000000165	
LA_E_1202262_0006	Boundary	True	True			
LA_E_1202262_0006	Interior_A	True	True	239.99999999999932	240.00000000000165	
LA_E_1202262_0006	Interior_B	True	False	0.0	-1.2212453270876722e-12	incomplete_strict_phone_support_for_nine_point_cpps_trajectory
LA_E_1202262_0007	Boundary	True	True			
LA_E_1202262_0007	Interior_A	True	False	0.0	-1.2212453270876722e-12	incomplete_strict_phone_support_for_nine_point_cpps_trajectory
LA_E_1202262_0007	Interior_B	True	False	-80.00000000000007	-79.99999999999952	incomplete_strict_phone_support_for_nine_point_cpps_trajectory
LA_E_1202262_0012	Boundary	True	False			official_v6_boundary_cpps_invalid_or_incomplete_support
LA_E_1202262_0012	Interior_A	True	True	320.0000000000003	319.9999999999991	
LA_E_1202262_0012	Interior_B	True	True	479.99999999999864	480.00000000000097	
LA_E_1202262_0013	Boundary	True	True			
LA_E_1202262_0013	Interior_A	True	True	479.99999999999864	480.00000000000097	
LA_E_1202262_0013	Interior_B	True	True	559.9999999999987	559.9999999999993	
LA_E_1203813_0000	Boundary	True	True			
LA_E_1203813_0000	Interior_A	True	False	0.0	-1.1102230246251565e-13	incomplete_strict_phone_support_for_nine_point_cpps_trajectory
LA_E_1203813_0000	Interior_B	True	True	79.9999999999983	80.00000000000152	
LA_E_1203813_0001	Boundary	True	False			official_v6_boundary_cpps_invalid_or_incomplete_support
LA_E_1203813_0001	Interior_A	True	True	79.9999999999983	80.00000000000152	
LA_E_1203813_0001	Interior_B	True	False	0.0	-3.3306690738754696e-13	incomplete_strict_phone_support_for_nine_point_cpps_trajectory
LA_E_1203813_0002	Boundary	True	False			official_v6_boundary_cpps_invalid_or_incomplete_support
LA_E_1203813_0002	Interior_A	True	False	0.0	-3.3306690738754696e-13	incomplete_strict_phone_support_for_nine_point_cpps_trajectory
LA_E_1203813_0002	Interior_B	True	False	-80.00000000000097	-79.99999999999862	incomplete_strict_phone_support_for_nine_point_cpps_trajectory
LA_E_1203813_0005	Boundary	True	True			
LA_E_1203813_0005	Interior_A	True	True	79.99999999999918	80.00000000000152	
LA_E_1203813_0005	Interior_B	True	False	-80.00000000000097	-79.99999999999952	incomplete_strict_phone_support_for_nine_point_cpps_trajectory
LA_E_1203813_0006	Boundary	True	False			official_v6_boundary_cpps_invalid_or_incomplete_support
LA_E_1203813_0006	Interior_A	True	False	-80.00000000000097	-79.99999999999952	incomplete_strict_phone_support_for_nine_point_cpps_trajectory
LA_E_1203813_0006	Interior_B	True	False	-80.00000000000007	-79.99999999999952	incomplete_strict_phone_support_for_nine_point_cpps_trajectory
LA_E_1203813_0007	Boundary	True	False			official_v6_boundary_cpps_invalid_or_incomplete_support
LA_E_1203813_0007	Interior_A	True	False	-80.00000000000007	-79.99999999999952	incomplete_strict_phone_support_for_nine_point_cpps_trajectory
LA_E_1203813_0007	Interior_B	True	True	159.99999999999835	160.0000000000007	
LA_E_1203813_0008	Boundary	True	True			
LA_E_1203813_0008	Interior_A	True	True	159.99999999999835	160.0000000000007	
LA_E_1203813_0008	Interior_B	True	False	-160.00000000000014	-159.99999999999957	incomplete_strict_phone_support_for_nine_point_cpps_trajectory
LA_E_1203813_0009	Boundary	True	True			
LA_E_1203813_0009	Interior_A	True	False	-160.00000000000014	-159.99999999999957	incomplete_strict_phone_support_for_nine_point_cpps_trajectory
LA_E_1203813_0009	Interior_B	True	False	0.0	-1.2212453270876722e-12	incomplete_strict_phone_support_for_nine_point_cpps_trajectory
LA_E_1203813_0013	Boundary	True	False			official_v6_boundary_cpps_invalid_or_incomplete_support
LA_E_1203813_0013	Interior_A	True	False	-80.00000000000185	-79.99999999999774	incomplete_strict_phone_support_for_nine_point_cpps_trajectory
LA_E_1203813_0013	Interior_B	True	False	-80.00000000000185	-80.0000000000013	incomplete_strict_phone_support_for_nine_point_cpps_trajectory
LA_E_1203813_0014	Boundary	True	False			official_v6_boundary_cpps_invalid_or_incomplete_support
LA_E_1203813_0014	Interior_A	True	False	-80.00000000000185	-80.0000000000013	incomplete_strict_phone_support_for_nine_point_cpps_trajectory
LA_E_1203813_0014	Interior_B	True	True	240.000000000002	239.999999999999	
LA_E_1203813_0017	Boundary	True	False			official_v6_boundary_cpps_invalid_or_incomplete_support
LA_E_1203813_0017	Interior_A	True	False	-160.00000000000014	-159.99999999999957	incomplete_strict_phone_support_for_nine_point_cpps_trajectory
LA_E_1203813_0017	Interior_B	True	True	319.9999999999967	320.00000000000085	
LA_E_1203813_0018	Boundary	True	False			official_v6_boundary_cpps_invalid_or_incomplete_support
LA_E_1203813_0018	Interior_A	True	True	319.9999999999967	320.00000000000085	
LA_E_1203813_0018	Interior_B	True	True	79.9999999999983	80.0000000000024	
LA_E_1203813_0021	Boundary	True	True			
LA_E_1203813_0021	Interior_A	True	True	239.99999999999844	239.999999999999	
LA_E_1203813_0021	Interior_B	True	True	160.00000000000014	160.0000000000007	
LA_E_1203813_0022	Boundary	True	True			
LA_E_1203813_0022	Interior_A	True	True	160.00000000000014	160.0000000000007	
LA_E_1203813_0022	Interior_B	True	False	0.0	-2.9976021664879227e-12	incomplete_strict_phone_support_for_nine_point_cpps_trajectory
LA_E_1203813_0028	Boundary	True	True			
LA_E_1203813_0028	Interior_A	True	True	79.9999999999983	80.00000000000595	
LA_E_1203813_0028	Interior_B	True	False	-80.0000000000054	-79.99999999999774	incomplete_strict_phone_support_for_nine_point_cpps_trajectory
LA_E_1203813_0038	Boundary	True	False			official_v6_boundary_cpps_invalid_or_incomplete_support
LA_E_1203813_0038	Interior_A	True	False	-159.9999999999966	-160.00000000000313	incomplete_strict_phone_support_for_nine_point_cpps_trajectory
LA_E_1203813_0038	Interior_B	True	True	240.000000000002	239.99999999999545	
LA_E_1203813_0048	Boundary	True	False			official_v6_boundary_cpps_invalid_or_incomplete_support
LA_E_1203813_0048	Interior_A	True	False	-79.9999999999983	-80.00000000000485	incomplete_strict_phone_support_for_nine_point_cpps_trajectory
LA_E_1203813_0048	Interior_B	True	False	-79.9999999999983	-80.00000000000485	incomplete_strict_phone_support_for_nine_point_cpps_trajectory
LA_E_1203813_0049	Boundary	True	False			official_v6_boundary_cpps_invalid_or_incomplete_support
LA_E_1203813_0049	Interior_A	True	False	-79.9999999999983	-80.00000000000485	incomplete_strict_phone_support_for_nine_point_cpps_trajectory
LA_E_1203813_0049	Interior_B	True	True	320.0000000000003	320.00000000000085	
LA_E_1203813_0050	Boundary	True	True			
LA_E_1203813_0050	Interior_A	True	True	320.0000000000003	320.00000000000085	
LA_E_1203813_0050	Interior_B	True	True	79.9999999999983	79.99999999999885	
LA_E_1203813_0053	Boundary	True	False			official_v6_boundary_cpps_invalid_or_incomplete_support
LA_E_1203813_0053	Interior_A	True	False	0.0	5.551115123125783e-13	incomplete_strict_phone_support_for_nine_point_cpps_trajectory
LA_E_1203813_0053	Interior_B	True	False	-79.9999999999983	-79.99999999999774	incomplete_strict_phone_support_for_nine_point_cpps_trajectory
LA_E_1203813_0057	Boundary	True	False			official_v6_boundary_cpps_invalid_or_incomplete_support
LA_E_1203813_0057	Interior_A	True	True	159.9999999999966	160.00000000000426	
LA_E_1203813_0057	Interior_B	True	True	159.9999999999966	160.00000000000426	
LA_E_1203813_0058	Boundary	True	False			official_v6_boundary_cpps_invalid_or_incomplete_support
LA_E_1203813_0058	Interior_A	True	True	159.9999999999966	160.00000000000426	
LA_E_1203813_0058	Interior_B	True	True	79.9999999999983	79.99999999999885	
LA_E_1203813_0059	Boundary	True	False			official_v6_boundary_cpps_invalid_or_incomplete_support
LA_E_1203813_0059	Interior_A	True	True	79.9999999999983	79.99999999999885	
LA_E_1203813_0059	Interior_B	True	False	-159.9999999999966	-160.00000000001023	incomplete_strict_phone_support_for_nine_point_cpps_trajectory
LA_E_1203813_0060	Boundary	True	True			
LA_E_1203813_0060	Interior_A	True	False	-159.9999999999966	-160.00000000001023	incomplete_strict_phone_support_for_nine_point_cpps_trajectory
LA_E_1203813_0060	Interior_B	True	True	560.0000000000023	560.0000000000028	
LA_E_1203813_0061	Boundary	True	True			
LA_E_1203813_0061	Interior_A	True	True	560.0000000000023	560.0000000000028	
LA_E_1203813_0061	Interior_B	True	False	-79.9999999999983	-79.99999999999774	incomplete_strict_phone_support_for_nine_point_cpps_trajectory
LA_E_1203813_0062	Boundary	True	True			
LA_E_1203813_0062	Interior_A	True	False	-79.9999999999983	-79.99999999999774	incomplete_strict_phone_support_for_nine_point_cpps_trajectory
LA_E_1203813_0062	Interior_B	True	True	159.9999999999966	159.99999999999716	
LA_E_1203930_0006	Boundary	True	True			
LA_E_1203930_0006	Interior_A	True	False	-160.00000000000102	-159.9999999999987	incomplete_strict_phone_support_for_nine_point_cpps_trajectory
LA_E_1203930_0006	Interior_B	True	False	-159.99999999999926	-159.99999999999957	incomplete_strict_phone_support_for_nine_point_cpps_trajectory
LA_E_1203930_0007	Boundary	True	True			
LA_E_1203930_0007	Interior_A	True	False	-159.99999999999926	-159.99999999999957	incomplete_strict_phone_support_for_nine_point_cpps_trajectory
LA_E_1203930_0007	Interior_B	True	False	-160.00000000000014	-160.00000000000136	incomplete_strict_phone_support_for_nine_point_cpps_trajectory
LA_E_1203930_0012	Boundary	True	False			official_v6_boundary_cpps_invalid_or_incomplete_support
LA_E_1203930_0012	Interior_A	True	False	-80.00000000000007	-79.99999999999952	incomplete_strict_phone_support_for_nine_point_cpps_trajectory
LA_E_1203930_0012	Interior_B	True	False	-80.00000000000185	-79.99999999999952	incomplete_strict_phone_support_for_nine_point_cpps_trajectory
LA_E_1203930_0015	Boundary	True	False			official_v6_boundary_cpps_invalid_or_incomplete_support
LA_E_1203930_0015	Interior_A	True	False	-160.00000000000014	-160.00000000000136	incomplete_strict_phone_support_for_nine_point_cpps_trajectory
LA_E_1203930_0015	Interior_B	True	False	-160.00000000000014	-159.99999999999957	incomplete_strict_phone_support_for_nine_point_cpps_trajectory
LA_E_1203930_0022	Boundary	True	True			
LA_E_1203930_0022	Interior_A	True	True	160.00000000000014	159.99999999999716	
LA_E_1203930_0022	Interior_B	True	False	-160.00000000000014	-159.99999999999957	incomplete_strict_phone_support_for_nine_point_cpps_trajectory
LA_E_1203930_0026	Boundary	True	False			official_v6_boundary_cpps_invalid_or_incomplete_support
LA_E_1203930_0026	Interior_A	True	True	320.0000000000003	319.99999999999727	
LA_E_1203930_0026	Interior_B	True	False	-80.00000000000185	-79.99999999999774	incomplete_strict_phone_support_for_nine_point_cpps_trajectory
LA_E_1203930_0027	Boundary	True	True			
LA_E_1203930_0027	Interior_A	True	False	-80.00000000000185	-79.99999999999774	incomplete_strict_phone_support_for_nine_point_cpps_trajectory
LA_E_1203930_0027	Interior_B	True	True	79.9999999999983	80.0000000000024	
LA_E_1203930_0028	Boundary	True	True			
LA_E_1203930_0028	Interior_A	True	True	79.9999999999983	80.0000000000024	
LA_E_1203930_0028	Interior_B	True	True	160.00000000000014	159.99999999999716	
LA_E_1205588_0004	Boundary	True	True			
LA_E_1205588_0004	Interior_A	True	False	-80.00000000000007	-80.0000000000004	incomplete_strict_phone_support_for_nine_point_cpps_trajectory
LA_E_1205588_0004	Interior_B	True	False	-79.99999999999918	-80.0000000000004	incomplete_strict_phone_support_for_nine_point_cpps_trajectory
LA_E_1205588_0007	Boundary	True	True			
LA_E_1205588_0007	Interior_A	True	False	-159.99999999999926	-159.99999999999957	incomplete_strict_phone_support_for_nine_point_cpps_trajectory
LA_E_1205588_0007	Interior_B	True	True	239.99999999999844	240.00000000000077	
LA_E_1205588_0010	Boundary	True	False			official_v6_boundary_cpps_invalid_or_incomplete_support
LA_E_1205588_0010	Interior_A	True	False	-1.7763568394002505e-12	5.551115123125783e-13	incomplete_strict_phone_support_for_nine_point_cpps_trajectory
LA_E_1205588_0010	Interior_B	True	False	-160.00000000000014	-160.00000000000136	incomplete_strict_phone_support_for_nine_point_cpps_trajectory
LA_E_1205588_0012	Boundary	True	False			official_v6_boundary_cpps_invalid_or_incomplete_support
LA_E_1205588_0012	Interior_A	True	False	0.0	5.551115123125783e-13	incomplete_strict_phone_support_for_nine_point_cpps_trajectory
LA_E_1205588_0012	Interior_B	True	False	-80.00000000000007	-80.0000000000013	incomplete_strict_phone_support_for_nine_point_cpps_trajectory
LA_E_1205588_0013	Boundary	True	True			
LA_E_1205588_0013	Interior_A	True	False	-80.00000000000007	-80.0000000000013	incomplete_strict_phone_support_for_nine_point_cpps_trajectory
LA_E_1205588_0013	Interior_B	True	True	320.0000000000003	320.00000000000085	
LA_E_1205588_0014	Boundary	True	False			official_v6_boundary_cpps_invalid_or_incomplete_support
LA_E_1205588_0014	Interior_A	True	True	320.0000000000003	320.00000000000085	
LA_E_1205588_0014	Interior_B	True	True	559.9999999999987	559.9999999999993	
LA_E_1205588_0020	Boundary	True	True			
LA_E_1205588_0020	Interior_A	True	False	-160.00000000000014	-159.99999999999957	incomplete_strict_phone_support_for_nine_point_cpps_trajectory
LA_E_1205588_0020	Interior_B	True	False	0.0	5.551115123125783e-13	incomplete_strict_phone_support_for_nine_point_cpps_trajectory
LA_E_1205588_0030	Boundary	True	False			official_v6_boundary_cpps_invalid_or_incomplete_support
LA_E_1205588_0030	Interior_A	True	False	-159.9999999999966	-160.00000000000313	incomplete_strict_phone_support_for_nine_point_cpps_trajectory
LA_E_1205588_0030	Interior_B	True	False	-80.0000000000054	-79.99999999999774	incomplete_strict_phone_support_for_nine_point_cpps_trajectory
LA_E_1205588_0034	Boundary	True	False			official_v6_boundary_cpps_invalid_or_incomplete_support
LA_E_1205588_0034	Interior_A	True	False	-159.9999999999966	-160.00000000000313	incomplete_strict_phone_support_for_nine_point_cpps_trajectory
LA_E_1205588_0034	Interior_B	True	True	160.0000000000037	159.99999999999716	
LA_E_1205588_0035	Boundary	True	False			official_v6_boundary_cpps_invalid_or_incomplete_support
LA_E_1205588_0035	Interior_A	True	True	160.0000000000037	159.99999999999716	
LA_E_1205588_0035	Interior_B	True	True	719.9999999999989	719.9999999999994	
LA_E_1205588_0036	Boundary	True	False			official_v6_boundary_cpps_invalid_or_incomplete_support
LA_E_1205588_0036	Interior_A	True	True	719.9999999999989	719.9999999999994	
LA_E_1205588_0036	Interior_B	True	True	640.0000000000006	640.0000000000011	
LA_E_1205588_0042	Boundary	True	True			
LA_E_1205588_0042	Interior_A	True	False	0.0	5.551115123125783e-13	incomplete_strict_phone_support_for_nine_point_cpps_trajectory
LA_E_1205588_0042	Interior_B	True	False	0.0	5.551115123125783e-13	incomplete_strict_phone_support_for_nine_point_cpps_trajectory
LA_E_1205588_0051	Boundary	True	True			
LA_E_1205588_0051	Interior_A	True	True	160.0000000000037	159.99999999999716	
LA_E_1205588_0051	Interior_B	True	True	240.000000000002	239.99999999999545	
LA_E_1205588_0056	Boundary	True	True			
LA_E_1205588_0056	Interior_A	True	False	-159.9999999999966	-160.00000000000313	incomplete_strict_phone_support_for_nine_point_cpps_trajectory
LA_E_1205588_0056	Interior_B	True	True	720.0000000000059	719.9999999999994	
LA_E_1205588_0057	Boundary	True	False			official_v6_boundary_cpps_invalid_or_incomplete_support
LA_E_1205588_0057	Interior_A	True	True	720.0000000000059	719.9999999999994	
LA_E_1205588_0057	Interior_B	True	True	79.9999999999983	79.99999999999885	
LA_E_1205588_0064	Boundary	True	False			official_v6_boundary_cpps_invalid_or_incomplete_support
LA_E_1205588_0064	Interior_A	True	False	0.0	5.551115123125783e-13	incomplete_strict_phone_support_for_nine_point_cpps_trajectory
LA_E_1205588_0064	Interior_B	True	False	-159.9999999999966	-159.99999999999602	incomplete_strict_phone_support_for_nine_point_cpps_trajectory
LA_E_1205588_0068	Boundary	True	True			
LA_E_1205588_0068	Interior_A	True	False	0.0	5.551115123125783e-13	incomplete_strict_phone_support_for_nine_point_cpps_trajectory
LA_E_1205588_0068	Interior_B	True	True	159.9999999999966	159.99999999999716	
LA_E_1205588_0069	Boundary	True	False			official_v6_boundary_cpps_invalid_or_incomplete_support
LA_E_1205588_0069	Interior_A	True	True	159.9999999999966	159.99999999999716	
LA_E_1205588_0069	Interior_B	True	True	240.0000000000091	239.99999999999545	
LA_E_1205588_0070	Boundary	True	False			official_v6_boundary_cpps_invalid_or_incomplete_support
LA_E_1205588_0070	Interior_A	True	True	240.0000000000091	239.99999999999545	
LA_E_1205588_0070	Interior_B	True	False	-160.0000000000108	-159.99999999999602	incomplete_strict_phone_support_for_nine_point_cpps_trajectory
LA_E_1205588_0074	Boundary	True	True			
LA_E_1205588_0074	Interior_A	True	True	159.9999999999966	160.00000000001137	
LA_E_1205588_0074	Interior_B	True	True	159.9999999999966	159.99999999999716	
LA_E_1205588_0075	Boundary	True	True			
LA_E_1205588_0075	Interior_A	True	True	159.9999999999966	159.99999999999716	
LA_E_1205588_0075	Interior_B	True	True	399.9999999999915	400.00000000000625	
LA_E_1205588_0076	Boundary	True	True			
LA_E_1205588_0076	Interior_A	True	True	399.9999999999915	400.00000000000625	
LA_E_1205588_0076	Interior_B	True	True	1120.0000000000045	1119.9999999999907	
LA_E_1214383_0000	Boundary	True	True			
LA_E_1214383_0000	Interior_A	True	True	799.9999999999998	799.9999999999999	
LA_E_1214383_0000	Interior_B	True	True	240.00000000000023	239.9999999999999	
LA_E_1214383_0001	Boundary	True	True			
LA_E_1214383_0001	Interior_A	True	True	240.00000000000023	239.9999999999999	
LA_E_1214383_0001	Interior_B	True	False	-80.00000000000007	-79.99999999999952	incomplete_strict_phone_support_for_nine_point_cpps_trajectory
LA_E_1214383_0002	Boundary	True	True			
LA_E_1214383_0002	Interior_A	True	False	-80.00000000000007	-79.99999999999952	incomplete_strict_phone_support_for_nine_point_cpps_trajectory
LA_E_1214383_0002	Interior_B	True	False	0.0	-3.3306690738754696e-13	incomplete_strict_phone_support_for_nine_point_cpps_trajectory
LA_E_1214383_0012	Boundary	True	False			official_v6_boundary_cpps_invalid_or_incomplete_support
LA_E_1214383_0012	Interior_A	True	False	-80.00000000000007	-80.0000000000013	incomplete_strict_phone_support_for_nine_point_cpps_trajectory
LA_E_1214383_0012	Interior_B	True	False	-160.00000000000014	-159.99999999999957	incomplete_strict_phone_support_for_nine_point_cpps_trajectory
LA_E_1214383_0013	Boundary	True	False			official_v6_boundary_cpps_invalid_or_incomplete_support
LA_E_1214383_0013	Interior_A	True	False	-160.00000000000014	-159.99999999999957	incomplete_strict_phone_support_for_nine_point_cpps_trajectory
LA_E_1214383_0013	Interior_B	True	False	-80.00000000000185	-79.99999999999774	incomplete_strict_phone_support_for_nine_point_cpps_trajectory
LA_E_1214738_0001	Boundary	True	False			official_v6_boundary_cpps_invalid_or_incomplete_support
LA_E_1214738_0001	Interior_A	True	False	-160.00000000000003	-160.00000000000003	incomplete_strict_phone_support_for_nine_point_cpps_trajectory
LA_E_1214738_0001	Interior_B	True	True	159.9999999999997	160.00000000000026	
LA_E_1214738_0002	Boundary	True	False			official_v6_boundary_cpps_invalid_or_incomplete_support
LA_E_1214738_0002	Interior_A	True	True	159.9999999999997	160.00000000000026	
LA_E_1214738_0002	Interior_B	True	False	-160.00000000000014	-160.00000000000048	incomplete_strict_phone_support_for_nine_point_cpps_trajectory
LA_E_1214738_0009	Boundary	True	False			official_v6_boundary_cpps_invalid_or_incomplete_support
LA_E_1214738_0009	Interior_A	True	False	-159.99999999999926	-159.99999999999957	incomplete_strict_phone_support_for_nine_point_cpps_trajectory
LA_E_1214738_0009	Interior_B	True	True	239.99999999999844	240.00000000000077	
LA_E_1214738_0016	Boundary	True	True			
LA_E_1214738_0016	Interior_A	True	False	-80.00000000000007	-80.0000000000013	incomplete_strict_phone_support_for_nine_point_cpps_trajectory
LA_E_1214738_0016	Interior_B	True	True	959.9999999999973	960.0000000000014	
LA_E_1215354_0001	Boundary	True	False			official_v6_boundary_cpps_invalid_or_incomplete_support
LA_E_1215354_0001	Interior_A	True	True	240.00000000000023	240.0000000000001	
LA_E_1215354_0001	Interior_B	True	True	399.9999999999995	400.0	
LA_E_1215354_0004	Boundary	True	False			official_v6_boundary_cpps_invalid_or_incomplete_support
LA_E_1215354_0004	Interior_A	True	True	160.00000000000102	159.9999999999998	
LA_E_1215354_0004	Interior_B	True	True	560.0000000000005	559.9999999999993	
LA_E_1215354_0007	Boundary	True	False			official_v6_boundary_cpps_invalid_or_incomplete_support
LA_E_1215354_0007	Interior_A	True	True	80.00000000000007	79.99999999999885	
LA_E_1215354_0007	Interior_B	True	False	0.0	-1.2212453270876722e-12	incomplete_strict_phone_support_for_nine_point_cpps_trajectory
LA_E_1215354_0008	Boundary	True	True			
LA_E_1215354_0008	Interior_A	True	False	0.0	-1.2212453270876722e-12	incomplete_strict_phone_support_for_nine_point_cpps_trajectory
LA_E_1215354_0008	Interior_B	True	False	0.0	5.551115123125783e-13	incomplete_strict_phone_support_for_nine_point_cpps_trajectory
LA_E_1215354_0009	Boundary	True	True			
LA_E_1215354_0009	Interior_A	True	False	0.0	5.551115123125783e-13	incomplete_strict_phone_support_for_nine_point_cpps_trajectory
LA_E_1215354_0009	Interior_B	True	True	79.9999999999983	80.00000000000063	
LA_E_1215354_0010	Boundary	True	True			
LA_E_1215354_0010	Interior_A	True	True	79.9999999999983	80.00000000000063	
LA_E_1215354_0010	Interior_B	True	True	160.00000000000014	160.0000000000007	
LA_E_1215354_0013	Boundary	True	False			official_v6_boundary_cpps_invalid_or_incomplete_support
LA_E_1215354_0013	Interior_A	True	False	0.0	5.551115123125783e-13	incomplete_strict_phone_support_for_nine_point_cpps_trajectory
LA_E_1215354_0013	Interior_B	True	True	559.9999999999987	560.0000000000028	
LA_E_1215354_0017	Boundary	True	True			
LA_E_1215354_0017	Interior_A	True	False	-79.9999999999983	-80.0000000000013	incomplete_strict_phone_support_for_nine_point_cpps_trajectory
LA_E_1215354_0017	Interior_B	True	True	1039.999999999999	1039.9999999999995	
LA_E_1215807_0004	Boundary	True	True			
LA_E_1215807_0004	Interior_A	True	False	0.0	-1.2212453270876722e-12	incomplete_strict_phone_support_for_nine_point_cpps_trajectory
LA_E_1215807_0004	Interior_B	True	True	80.00000000000007	79.99999999999885	
LA_E_1215807_0005	Boundary	True	True			
LA_E_1215807_0005	Interior_A	True	True	80.00000000000007	79.99999999999885	
LA_E_1215807_0005	Interior_B	True	False	-80.00000000000007	-79.99999999999952	incomplete_strict_phone_support_for_nine_point_cpps_trajectory
LA_E_1215807_0006	Boundary	True	True			
LA_E_1215807_0006	Interior_A	True	False	-80.00000000000007	-79.99999999999952	incomplete_strict_phone_support_for_nine_point_cpps_trajectory
LA_E_1215807_0006	Interior_B	True	False	0.0	5.551115123125783e-13	incomplete_strict_phone_support_for_nine_point_cpps_trajectory
LA_E_1215807_0011	Boundary	True	True			
LA_E_1215807_0011	Interior_A	True	False	-79.9999999999983	-80.0000000000013	incomplete_strict_phone_support_for_nine_point_cpps_trajectory
LA_E_1215807_0011	Interior_B	True	True	160.00000000000014	160.0000000000007	
LA_E_1215807_0014	Boundary	True	False			official_v6_boundary_cpps_invalid_or_incomplete_support
LA_E_1215807_0014	Interior_A	True	False	-79.9999999999983	-80.0000000000013	incomplete_strict_phone_support_for_nine_point_cpps_trajectory
LA_E_1215807_0014	Interior_B	True	False	0.0	5.551115123125783e-13	incomplete_strict_phone_support_for_nine_point_cpps_trajectory
LA_E_1215807_0015	Boundary	True	False			official_v6_boundary_cpps_invalid_or_incomplete_support
LA_E_1215807_0015	Interior_A	True	False	0.0	5.551115123125783e-13	incomplete_strict_phone_support_for_nine_point_cpps_trajectory
LA_E_1215807_0015	Interior_B	True	False	0.0	-2.9976021664879227e-12	incomplete_strict_phone_support_for_nine_point_cpps_trajectory
LA_E_1215807_0019	Boundary	True	False			official_v6_boundary_cpps_invalid_or_incomplete_support
LA_E_1215807_0019	Interior_A	True	False	-160.00000000000014	-159.99999999999957	incomplete_strict_phone_support_for_nine_point_cpps_trajectory
LA_E_1215807_0019	Interior_B	True	True	559.9999999999987	559.9999999999993	
LA_E_1216283_0001	Boundary	True	True			
LA_E_1216283_0001	Interior_A	True	False	-79.99999999999984	-80.00000000000018	incomplete_strict_phone_support_for_nine_point_cpps_trajectory
LA_E_1216283_0001	Interior_B	True	True	80.00000000000007	79.99999999999974	
LA_E_1216283_0002	Boundary	True	True			
LA_E_1216283_0002	Interior_A	True	True	80.00000000000007	79.99999999999974	
LA_E_1216283_0002	Interior_B	True	True	560.0000000000005	560.0000000000001	
LA_E_1216283_0008	Boundary	True	False			official_v6_boundary_cpps_invalid_or_incomplete_support
LA_E_1216283_0008	Interior_A	True	False	0.0	-1.2212453270876722e-12	incomplete_strict_phone_support_for_nine_point_cpps_trajectory
LA_E_1216283_0008	Interior_B	True	True	479.99999999999864	480.00000000000097	
LA_E_1216283_0009	Boundary	True	True			
LA_E_1216283_0009	Interior_A	True	True	479.99999999999864	480.00000000000097	
LA_E_1216283_0009	Interior_B	True	False	-80.00000000000185	-79.99999999999952	incomplete_strict_phone_support_for_nine_point_cpps_trajectory
LA_E_1216283_0014	Boundary	True	True			
LA_E_1216283_0014	Interior_A	True	False	-160.00000000000014	-159.99999999999957	incomplete_strict_phone_support_for_nine_point_cpps_trajectory
LA_E_1216283_0014	Interior_B	True	True	79.9999999999983	79.99999999999885	
LA_E_1216283_0015	Boundary	True	True			
LA_E_1216283_0015	Interior_A	True	True	79.9999999999983	79.99999999999885	
LA_E_1216283_0015	Interior_B	True	False	-80.00000000000185	-79.99999999999774	incomplete_strict_phone_support_for_nine_point_cpps_trajectory
LA_E_1216283_0023	Boundary	True	True			
LA_E_1216283_0023	Interior_A	True	True	160.00000000000014	159.99999999999716	
LA_E_1216283_0023	Interior_B	True	False	0.0	5.551115123125783e-13	incomplete_strict_phone_support_for_nine_point_cpps_trajectory
LA_E_1216283_0024	Boundary	True	False			official_v6_boundary_cpps_invalid_or_incomplete_support
LA_E_1216283_0024	Interior_A	True	False	0.0	5.551115123125783e-13	incomplete_strict_phone_support_for_nine_point_cpps_trajectory
LA_E_1216283_0024	Interior_B	True	True	79.9999999999983	79.99999999999885	
LA_E_1216283_0025	Boundary	True	False			official_v6_boundary_cpps_invalid_or_incomplete_support
LA_E_1216283_0025	Interior_A	True	True	79.9999999999983	79.99999999999885	
LA_E_1216283_0025	Interior_B	True	False	-79.9999999999983	-79.99999999999774	incomplete_strict_phone_support_for_nine_point_cpps_trajectory
LA_E_1216283_0026	Boundary	True	False			official_v6_boundary_cpps_invalid_or_incomplete_support
LA_E_1216283_0026	Interior_A	True	False	-79.9999999999983	-79.99999999999774	incomplete_strict_phone_support_for_nine_point_cpps_trajectory
LA_E_1216283_0026	Interior_B	True	True	79.9999999999983	79.99999999999885	
LA_E_1216283_0027	Boundary	True	True			
LA_E_1216283_0027	Interior_A	True	True	79.9999999999983	79.99999999999885	
LA_E_1216283_0027	Interior_B	True	True	79.9999999999983	79.99999999999885	
LA_E_1216283_0028	Boundary	True	True			
LA_E_1216283_0028	Interior_A	True	True	79.9999999999983	79.99999999999885	
LA_E_1216283_0028	Interior_B	True	True	400.0000000000057	399.99999999999915	
LA_E_1216283_0033	Boundary	True	False			official_v6_boundary_cpps_invalid_or_incomplete_support
LA_E_1216283_0033	Interior_A	True	False	-160.0000000000037	-159.99999999999602	incomplete_strict_phone_support_for_nine_point_cpps_trajectory
LA_E_1216283_0033	Interior_B	True	True	159.9999999999966	160.00000000000426	
LA_E_1216283_0034	Boundary	True	False			official_v6_boundary_cpps_invalid_or_incomplete_support
LA_E_1216283_0034	Interior_A	True	True	159.9999999999966	160.00000000000426	
LA_E_1216283_0034	Interior_B	True	True	240.000000000002	239.99999999999545	
LA_E_1216283_0035	Boundary	True	True			
LA_E_1216283_0035	Interior_A	True	True	240.000000000002	239.99999999999545	
LA_E_1216283_0035	Interior_B	True	False	-79.9999999999983	-80.00000000000485	incomplete_strict_phone_support_for_nine_point_cpps_trajectory
LA_E_1216283_0044	Boundary	True	False			official_v6_boundary_cpps_invalid_or_incomplete_support
LA_E_1216283_0044	Interior_A	True	True	240.000000000002	239.99999999999545	
LA_E_1216283_0044	Interior_B	True	False	-159.9999999999966	-160.00000000000313	incomplete_strict_phone_support_for_nine_point_cpps_trajectory
LA_E_1216283_0045	Boundary	True	True			
LA_E_1216283_0045	Interior_A	True	False	-159.9999999999966	-160.00000000000313	incomplete_strict_phone_support_for_nine_point_cpps_trajectory
LA_E_1216283_0045	Interior_B	True	False	-79.9999999999983	-79.99999999999774	incomplete_strict_phone_support_for_nine_point_cpps_trajectory
LA_E_1216283_0046	Boundary	True	True			
LA_E_1216283_0046	Interior_A	True	False	-79.9999999999983	-79.99999999999774	incomplete_strict_phone_support_for_nine_point_cpps_trajectory
LA_E_1216283_0046	Interior_B	True	False	-160.0000000000037	-159.99999999999602	incomplete_strict_phone_support_for_nine_point_cpps_trajectory
LA_E_1216283_0049	Boundary	True	True			
LA_E_1216283_0049	Interior_A	True	False	0.0	5.551115123125783e-13	incomplete_strict_phone_support_for_nine_point_cpps_trajectory
LA_E_1216283_0049	Interior_B	True	False	0.0	5.551115123125783e-13	incomplete_strict_phone_support_for_nine_point_cpps_trajectory
LA_E_1216283_0050	Boundary	True	True			
LA_E_1216283_0050	Interior_A	True	False	0.0	5.551115123125783e-13	incomplete_strict_phone_support_for_nine_point_cpps_trajectory
LA_E_1216283_0050	Interior_B	True	False	-80.0000000000125	-79.99999999999774	incomplete_strict_phone_support_for_nine_point_cpps_trajectory
LA_E_1216283_0055	Boundary	True	False			official_v6_boundary_cpps_invalid_or_incomplete_support
LA_E_1216283_0055	Interior_A	True	False	-159.9999999999966	-160.00000000001023	incomplete_strict_phone_support_for_nine_point_cpps_trajectory
LA_E_1216283_0055	Interior_B	True	False	-159.9999999999966	-159.99999999999602	incomplete_strict_phone_support_for_nine_point_cpps_trajectory
LA_E_1216283_0056	Boundary	True	False			official_v6_boundary_cpps_invalid_or_incomplete_support
LA_E_1216283_0056	Interior_A	True	False	-159.9999999999966	-159.99999999999602	incomplete_strict_phone_support_for_nine_point_cpps_trajectory
LA_E_1216283_0056	Interior_B	True	False	0.0	5.551115123125783e-13	incomplete_strict_phone_support_for_nine_point_cpps_trajectory
LA_E_1216283_0057	Boundary	True	False			official_v6_boundary_cpps_invalid_or_incomplete_support
LA_E_1216283_0057	Interior_A	True	False	0.0	5.551115123125783e-13	incomplete_strict_phone_support_for_nine_point_cpps_trajectory
LA_E_1216283_0057	Interior_B	True	False	-80.0000000000125	-79.99999999999774	incomplete_strict_phone_support_for_nine_point_cpps_trajectory
LA_E_1216283_0067	Boundary	True	False			official_v6_boundary_cpps_invalid_or_incomplete_support
LA_E_1216283_0067	Interior_A	True	True	160.0000000000108	159.99999999999716	
LA_E_1216283_0067	Interior_B	True	False	0.0	-1.3655743202889425e-11	incomplete_strict_phone_support_for_nine_point_cpps_trajectory
LA_E_1216283_0068	Boundary	True	False			official_v6_boundary_cpps_invalid_or_incomplete_support
LA_E_1216283_0068	Interior_A	True	False	0.0	-1.3655743202889425e-11	incomplete_strict_phone_support_for_nine_point_cpps_trajectory
LA_E_1216283_0068	Interior_B	True	False	-79.9999999999983	-79.99999999999774	incomplete_strict_phone_support_for_nine_point_cpps_trajectory
LA_E_1216283_0069	Boundary	True	False			official_v6_boundary_cpps_invalid_or_incomplete_support
LA_E_1216283_0069	Interior_A	True	False	-79.9999999999983	-79.99999999999774	incomplete_strict_phone_support_for_nine_point_cpps_trajectory
LA_E_1216283_0069	Interior_B	True	False	0.0	5.551115123125783e-13	incomplete_strict_phone_support_for_nine_point_cpps_trajectory
LA_E_1216283_0072	Boundary	True	True			
LA_E_1216283_0072	Interior_A	True	False	-80.0000000000125	-79.99999999999774	incomplete_strict_phone_support_for_nine_point_cpps_trajectory
LA_E_1216283_0072	Interior_B	True	False	-79.9999999999983	-79.99999999999774	incomplete_strict_phone_support_for_nine_point_cpps_trajectory
LA_E_1216283_0073	Boundary	True	True			
LA_E_1216283_0073	Interior_A	True	False	-79.9999999999983	-79.99999999999774	incomplete_strict_phone_support_for_nine_point_cpps_trajectory
LA_E_1216283_0073	Interior_B	True	True	239.99999999999488	240.00000000000966	
LA_E_1216283_0080	Boundary	True	True			
LA_E_1216283_0080	Interior_A	True	False	0.0	5.551115123125783e-13	incomplete_strict_phone_support_for_nine_point_cpps_trajectory
LA_E_1216283_0080	Interior_B	True	False	-159.9999999999966	-159.99999999999602	incomplete_strict_phone_support_for_nine_point_cpps_trajectory
LA_E_1216283_0081	Boundary	True	True			
LA_E_1216283_0081	Interior_A	True	False	-159.9999999999966	-159.99999999999602	incomplete_strict_phone_support_for_nine_point_cpps_trajectory
LA_E_1216283_0081	Interior_B	True	False	0.0	5.551115123125783e-13	incomplete_strict_phone_support_for_nine_point_cpps_trajectory
LA_E_1216283_0086	Boundary	True	False			official_v6_boundary_cpps_invalid_or_incomplete_support
LA_E_1216283_0086	Interior_A	True	True	239.99999999999488	240.00000000000966	
LA_E_1216283_0086	Interior_B	True	False	0.0	5.551115123125783e-13	incomplete_strict_phone_support_for_nine_point_cpps_trajectory
LA_E_1216283_0087	Boundary	True	False			official_v6_boundary_cpps_invalid_or_incomplete_support
LA_E_1216283_0087	Interior_A	True	False	0.0	5.551115123125783e-13	incomplete_strict_phone_support_for_nine_point_cpps_trajectory
LA_E_1216283_0087	Interior_B	True	False	-159.9999999999966	-160.00000000001023	incomplete_strict_phone_support_for_nine_point_cpps_trajectory
LA_E_1216283_0090	Boundary	True	False			official_v6_boundary_cpps_invalid_or_incomplete_support
LA_E_1216283_0090	Interior_A	True	False	0.0	5.551115123125783e-13	incomplete_strict_phone_support_for_nine_point_cpps_trajectory
LA_E_1216283_0090	Interior_B	True	False	-79.9999999999983	-79.99999999999774	incomplete_strict_phone_support_for_nine_point_cpps_trajectory
LA_E_1216283_0091	Boundary	True	True			
LA_E_1216283_0091	Interior_A	True	False	-79.9999999999983	-79.99999999999774	incomplete_strict_phone_support_for_nine_point_cpps_trajectory
LA_E_1216283_0091	Interior_B	True	False	0.0	5.551115123125783e-13	incomplete_strict_phone_support_for_nine_point_cpps_trajectory
LA_E_1216283_0092	Boundary	True	True			
LA_E_1216283_0092	Interior_A	True	False	0.0	5.551115123125783e-13	incomplete_strict_phone_support_for_nine_point_cpps_trajectory
LA_E_1216283_0092	Interior_B	True	False	-159.9999999999966	-160.00000000001023	incomplete_strict_phone_support_for_nine_point_cpps_trajectory
LA_E_1216283_0093	Boundary	True	True			
LA_E_1216283_0093	Interior_A	True	False	-159.9999999999966	-160.00000000001023	incomplete_strict_phone_support_for_nine_point_cpps_trajectory
LA_E_1216283_0093	Interior_B	True	True	79.9999999999983	79.99999999999885	
LA_E_1216283_0094	Boundary	True	True			
LA_E_1216283_0094	Interior_A	True	True	79.9999999999983	79.99999999999885	
LA_E_1216283_0094	Interior_B	True	True	799.9999999999972	800.0000000000119	
LA_E_1216534_0000	Boundary	True	False			official_v6_boundary_cpps_invalid_or_incomplete_support
LA_E_1216534_0000	Interior_A	True	False	-79.99999999999996	-79.99999999999996	incomplete_strict_phone_support_for_nine_point_cpps_trajectory
LA_E_1216534_0000	Interior_B	True	False	-160.00000000000014	-160.00000000000003	incomplete_strict_phone_support_for_nine_point_cpps_trajectory
LA_E_1216534_0003	Boundary	True	True			
LA_E_1216534_0003	Interior_A	True	False	-160.00000000000014	-159.99999999999957	incomplete_strict_phone_support_for_nine_point_cpps_trajectory
LA_E_1216534_0003	Interior_B	True	True	479.99999999999864	480.00000000000097	
LA_E_1216534_0006	Boundary	True	False			official_v6_boundary_cpps_invalid_or_incomplete_support
LA_E_1216534_0006	Interior_A	True	False	-160.00000000000014	-159.99999999999957	incomplete_strict_phone_support_for_nine_point_cpps_trajectory
LA_E_1216534_0006	Interior_B	True	True	559.9999999999987	560.000000000001	
LA_E_1216534_0007	Boundary	True	False			official_v6_boundary_cpps_invalid_or_incomplete_support
LA_E_1216534_0007	Interior_A	True	True	559.9999999999987	560.000000000001	
LA_E_1216534_0007	Interior_B	True	True	880.0000000000008	879.9999999999995	
LA_E_1216534_0008	Boundary	True	False			official_v6_boundary_cpps_invalid_or_incomplete_support
LA_E_1216534_0008	Interior_A	True	True	879.999999999999	880.0000000000014	
LA_E_1216534_0008	Interior_B	True	True	720.0000000000007	719.9999999999994	
LA_E_1216629_0000	Boundary	True	False			official_v6_boundary_cpps_invalid_or_incomplete_support
LA_E_1216629_0000	Interior_A	True	True	160.00000000000003	160.00000000000003	
LA_E_1216629_0000	Interior_B	True	False	-80.00000000000007	-79.99999999999996	incomplete_strict_phone_support_for_nine_point_cpps_trajectory
LA_E_1216629_0005	Boundary	True	True			
LA_E_1216629_0005	Interior_A	True	False	-80.00000000000007	-79.99999999999952	incomplete_strict_phone_support_for_nine_point_cpps_trajectory
LA_E_1216629_0005	Interior_B	True	False	-160.00000000000014	-159.99999999999957	incomplete_strict_phone_support_for_nine_point_cpps_trajectory
LA_E_1216629_0010	Boundary	True	False			official_v6_boundary_cpps_invalid_or_incomplete_support
LA_E_1216629_0010	Interior_A	True	False	0.0	5.551115123125783e-13	incomplete_strict_phone_support_for_nine_point_cpps_trajectory
LA_E_1216629_0010	Interior_B	True	False	-1.7763568394002505e-12	5.551115123125783e-13	incomplete_strict_phone_support_for_nine_point_cpps_trajectory
LA_E_1216629_0011	Boundary	True	True			
LA_E_1216629_0011	Interior_A	True	False	-1.7763568394002505e-12	5.551115123125783e-13	incomplete_strict_phone_support_for_nine_point_cpps_trajectory
LA_E_1216629_0011	Interior_B	True	False	-160.00000000000014	-159.99999999999957	incomplete_strict_phone_support_for_nine_point_cpps_trajectory
LA_E_1216629_0012	Boundary	True	True			
LA_E_1216629_0012	Interior_A	True	False	-160.00000000000014	-159.99999999999957	incomplete_strict_phone_support_for_nine_point_cpps_trajectory
LA_E_1216629_0012	Interior_B	True	True	160.00000000000014	159.99999999999892	
LA_E_1216629_0013	Boundary	True	True			
LA_E_1216629_0013	Interior_A	True	True	160.00000000000014	159.99999999999892	
LA_E_1216629_0013	Interior_B	True	True	159.99999999999835	160.0000000000007	
LA_E_1216629_0018	Boundary	True	False			official_v6_boundary_cpps_invalid_or_incomplete_support
LA_E_1216629_0018	Interior_A	True	False	-80.00000000000185	-80.0000000000013	incomplete_strict_phone_support_for_nine_point_cpps_trajectory
LA_E_1216629_0018	Interior_B	True	True	160.00000000000014	160.0000000000007	
LA_E_1216629_0019	Boundary	True	False			official_v6_boundary_cpps_invalid_or_incomplete_support
LA_E_1216629_0019	Interior_A	True	True	160.00000000000014	160.0000000000007	
LA_E_1216629_0019	Interior_B	True	False	-79.9999999999983	-80.0000000000013	incomplete_strict_phone_support_for_nine_point_cpps_trajectory
LA_E_1216629_0020	Boundary	True	False			official_v6_boundary_cpps_invalid_or_incomplete_support
LA_E_1216629_0020	Interior_A	True	False	-79.9999999999983	-80.0000000000013	incomplete_strict_phone_support_for_nine_point_cpps_trajectory
LA_E_1216629_0020	Interior_B	True	False	-160.0000000000037	-159.99999999999957	incomplete_strict_phone_support_for_nine_point_cpps_trajectory
LA_E_1216725_0004	Boundary	True	False			official_v6_boundary_cpps_invalid_or_incomplete_support
LA_E_1216725_0004	Interior_A	True	True	80.00000000000007	79.99999999999885	
LA_E_1216725_0004	Interior_B	True	False	-80.00000000000007	-79.99999999999952	incomplete_strict_phone_support_for_nine_point_cpps_trajectory
LA_E_1216725_0005	Boundary	True	False			official_v6_boundary_cpps_invalid_or_incomplete_support
LA_E_1216725_0005	Interior_A	True	False	-80.00000000000007	-79.99999999999952	incomplete_strict_phone_support_for_nine_point_cpps_trajectory
LA_E_1216725_0005	Interior_B	True	True	160.00000000000014	160.0000000000007	
LA_E_1216725_0013	Boundary	True	True			
LA_E_1216725_0013	Interior_A	True	False	-160.00000000000014	-159.99999999999957	incomplete_strict_phone_support_for_nine_point_cpps_trajectory
LA_E_1216725_0013	Interior_B	True	False	-160.00000000000014	-159.99999999999957	incomplete_strict_phone_support_for_nine_point_cpps_trajectory
LA_E_1216725_0017	Boundary	True	True			
LA_E_1216725_0017	Interior_A	True	False	-160.00000000000014	-159.99999999999957	incomplete_strict_phone_support_for_nine_point_cpps_trajectory
LA_E_1216725_0017	Interior_B	True	False	-160.00000000000014	-159.99999999999957	incomplete_strict_phone_support_for_nine_point_cpps_trajectory
LA_E_1216725_0018	Boundary	True	True			
LA_E_1216725_0018	Interior_A	True	False	-160.00000000000014	-159.99999999999957	incomplete_strict_phone_support_for_nine_point_cpps_trajectory
LA_E_1216725_0018	Interior_B	True	True	239.99999999999844	239.999999999999	
LA_E_1216725_0019	Boundary	True	True			
LA_E_1216725_0019	Interior_A	True	True	239.99999999999844	239.999999999999	
LA_E_1216725_0019	Interior_B	True	True	160.00000000000014	160.0000000000007	
LA_E_1216725_0020	Boundary	True	False			official_v6_boundary_cpps_invalid_or_incomplete_support
LA_E_1216725_0020	Interior_A	True	True	160.00000000000014	160.0000000000007	
LA_E_1216725_0020	Interior_B	True	False	-80.00000000000185	-79.99999999999774	incomplete_strict_phone_support_for_nine_point_cpps_trajectory
LA_E_1216725_0021	Boundary	True	False			official_v6_boundary_cpps_invalid_or_incomplete_support
LA_E_1216725_0021	Interior_A	True	False	-80.00000000000185	-79.99999999999774	incomplete_strict_phone_support_for_nine_point_cpps_trajectory
LA_E_1216725_0021	Interior_B	True	False	-160.0000000000037	-159.99999999999602	incomplete_strict_phone_support_for_nine_point_cpps_trajectory
LA_E_1216725_0022	Boundary	True	False			official_v6_boundary_cpps_invalid_or_incomplete_support
LA_E_1216725_0022	Interior_A	True	False	-160.0000000000037	-159.99999999999602	incomplete_strict_phone_support_for_nine_point_cpps_trajectory
LA_E_1216725_0022	Interior_B	True	False	0.0	5.551115123125783e-13	incomplete_strict_phone_support_for_nine_point_cpps_trajectory
LA_E_1216725_0023	Boundary	True	True			
LA_E_1216725_0023	Interior_A	True	False	0.0	5.551115123125783e-13	incomplete_strict_phone_support_for_nine_point_cpps_trajectory
LA_E_1216725_0023	Interior_B	True	False	-79.9999999999983	-80.00000000000485	incomplete_strict_phone_support_for_nine_point_cpps_trajectory
LA_E_1216725_0026	Boundary	True	True			
LA_E_1216725_0026	Interior_A	True	False	-159.9999999999966	-160.00000000000313	incomplete_strict_phone_support_for_nine_point_cpps_trajectory
LA_E_1216725_0026	Interior_B	True	False	0.0	5.551115123125783e-13	incomplete_strict_phone_support_for_nine_point_cpps_trajectory
LA_E_1216725_0027	Boundary	True	True			
LA_E_1216725_0027	Interior_A	True	False	0.0	5.551115123125783e-13	incomplete_strict_phone_support_for_nine_point_cpps_trajectory
LA_E_1216725_0027	Interior_B	True	False	-160.0000000000037	-159.99999999999602	incomplete_strict_phone_support_for_nine_point_cpps_trajectory
LA_E_1216725_0033	Boundary	True	False			official_v6_boundary_cpps_invalid_or_incomplete_support
LA_E_1216725_0033	Interior_A	True	False	-79.9999999999983	-80.00000000000485	incomplete_strict_phone_support_for_nine_point_cpps_trajectory
LA_E_1216725_0033	Interior_B	True	False	-160.0000000000037	-159.99999999999602	incomplete_strict_phone_support_for_nine_point_cpps_trajectory
LA_E_1216725_0034	Boundary	True	False			official_v6_boundary_cpps_invalid_or_incomplete_support
LA_E_1216725_0034	Interior_A	True	False	-160.0000000000037	-159.99999999999602	incomplete_strict_phone_support_for_nine_point_cpps_trajectory
LA_E_1216725_0034	Interior_B	True	False	0.0	5.551115123125783e-13	incomplete_strict_phone_support_for_nine_point_cpps_trajectory
LA_E_1216725_0038	Boundary	True	False			official_v6_boundary_cpps_invalid_or_incomplete_support
LA_E_1216725_0038	Interior_A	True	True	80.0000000000054	79.99999999999885	
LA_E_1216725_0038	Interior_B	True	False	-80.0000000000054	-79.99999999999774	incomplete_strict_phone_support_for_nine_point_cpps_trajectory
LA_E_1216725_0039	Boundary	True	False			official_v6_boundary_cpps_invalid_or_incomplete_support
LA_E_1216725_0039	Interior_A	True	False	-80.0000000000054	-79.99999999999774	incomplete_strict_phone_support_for_nine_point_cpps_trajectory
LA_E_1216725_0039	Interior_B	True	False	0.0	5.551115123125783e-13	incomplete_strict_phone_support_for_nine_point_cpps_trajectory
LA_E_1216725_0050	Boundary	True	False			official_v6_boundary_cpps_invalid_or_incomplete_support
LA_E_1216725_0050	Interior_A	True	False	-160.0000000000037	-159.99999999999602	incomplete_strict_phone_support_for_nine_point_cpps_trajectory
LA_E_1216725_0050	Interior_B	True	True	79.9999999999983	79.99999999999885	
LA_E_1216725_0056	Boundary	True	True			
LA_E_1216725_0056	Interior_A	True	True	240.0000000000091	239.99999999999545	
LA_E_1216725_0056	Interior_B	True	False	-160.0000000000108	-159.99999999999602	incomplete_strict_phone_support_for_nine_point_cpps_trajectory
LA_E_1216725_0057	Boundary	True	True			
LA_E_1216725_0057	Interior_A	True	False	-160.0000000000108	-159.99999999999602	incomplete_strict_phone_support_for_nine_point_cpps_trajectory
LA_E_1216725_0057	Interior_B	True	True	240.0000000000091	239.99999999999545	
LA_E_1217732_0000	Boundary	True	True			
LA_E_1217732_0000	Interior_A	True	False	-160.00000000000014	-160.00000000000003	incomplete_strict_phone_support_for_nine_point_cpps_trajectory
LA_E_1217732_0000	Interior_B	True	True	159.9999999999997	160.00000000000026	
LA_E_1217732_0001	Boundary	True	False			official_v6_boundary_cpps_invalid_or_incomplete_support
LA_E_1217732_0001	Interior_A	True	True	159.9999999999997	160.00000000000026	
LA_E_1217732_0001	Interior_B	True	True	320.0000000000003	319.99999999999994	
LA_E_1217732_0015	Boundary	True	True			
LA_E_1217732_0015	Interior_A	True	False	-80.00000000000185	-80.0000000000013	incomplete_strict_phone_support_for_nine_point_cpps_trajectory
LA_E_1217732_0015	Interior_B	True	False	0.0	5.551115123125783e-13	incomplete_strict_phone_support_for_nine_point_cpps_trajectory
LA_E_1217732_0016	Boundary	True	True			
LA_E_1217732_0016	Interior_A	True	False	0.0	5.551115123125783e-13	incomplete_strict_phone_support_for_nine_point_cpps_trajectory
LA_E_1217732_0016	Interior_B	True	False	-160.00000000000014	-159.99999999999957	incomplete_strict_phone_support_for_nine_point_cpps_trajectory
LA_E_1217732_0017	Boundary	True	False			official_v6_boundary_cpps_invalid_or_incomplete_support
LA_E_1217732_0017	Interior_A	True	False	-160.00000000000014	-159.99999999999957	incomplete_strict_phone_support_for_nine_point_cpps_trajectory
LA_E_1217732_0017	Interior_B	True	False	0.0	5.551115123125783e-13	incomplete_strict_phone_support_for_nine_point_cpps_trajectory
LA_E_1217732_0018	Boundary	True	False			official_v6_boundary_cpps_invalid_or_incomplete_support
LA_E_1217732_0018	Interior_A	True	False	0.0	5.551115123125783e-13	incomplete_strict_phone_support_for_nine_point_cpps_trajectory
LA_E_1217732_0018	Interior_B	True	True	319.9999999999967	320.00000000000085	
LA_E_1217732_0023	Boundary	True	False			official_v6_boundary_cpps_invalid_or_incomplete_support
LA_E_1217732_0023	Interior_A	True	False	-3.552713678800501e-12	5.551115123125783e-13	incomplete_strict_phone_support_for_nine_point_cpps_trajectory
LA_E_1217732_0023	Interior_B	True	False	-79.9999999999983	-80.0000000000013	incomplete_strict_phone_support_for_nine_point_cpps_trajectory
LA_E_1217732_0030	Boundary	True	False			official_v6_boundary_cpps_invalid_or_incomplete_support
LA_E_1217732_0030	Interior_A	True	True	399.9999999999986	399.99999999999915	
LA_E_1217732_0030	Interior_B	True	True	79.9999999999983	80.00000000000595	
LA_E_1217732_0031	Boundary	True	False			official_v6_boundary_cpps_invalid_or_incomplete_support
LA_E_1217732_0031	Interior_A	True	True	79.9999999999983	80.00000000000595	
LA_E_1217732_0031	Interior_B	True	False	-7.105427357601002e-12	5.551115123125783e-13	incomplete_strict_phone_support_for_nine_point_cpps_trajectory
LA_E_1217732_0032	Boundary	True	False			official_v6_boundary_cpps_invalid_or_incomplete_support
LA_E_1217732_0032	Interior_A	True	False	-7.105427357601002e-12	5.551115123125783e-13	incomplete_strict_phone_support_for_nine_point_cpps_trajectory
LA_E_1217732_0032	Interior_B	True	True	320.0000000000003	320.00000000000085	
LA_E_1217732_0042	Boundary	True	True			
LA_E_1217732_0042	Interior_A	True	True	79.9999999999983	80.00000000000595	
LA_E_1217732_0042	Interior_B	True	True	79.9999999999983	79.99999999999885	
LA_E_1224488_0008	Boundary	True	False			official_v6_boundary_cpps_invalid_or_incomplete_support
LA_E_1224488_0008	Interior_A	True	True	79.99999999999918	80.00000000000152	
LA_E_1224488_0008	Interior_B	True	False	0.0	-1.2212453270876722e-12	incomplete_strict_phone_support_for_nine_point_cpps_trajectory
LA_E_1224488_0009	Boundary	True	False			official_v6_boundary_cpps_invalid_or_incomplete_support
LA_E_1224488_0009	Interior_A	True	False	0.0	-1.2212453270876722e-12	incomplete_strict_phone_support_for_nine_point_cpps_trajectory
LA_E_1224488_0009	Interior_B	True	False	0.0	5.551115123125783e-13	incomplete_strict_phone_support_for_nine_point_cpps_trajectory
LA_E_1224488_0014	Boundary	True	False			official_v6_boundary_cpps_invalid_or_incomplete_support
LA_E_1224488_0014	Interior_A	True	False	0.0	-1.2212453270876722e-12	incomplete_strict_phone_support_for_nine_point_cpps_trajectory
LA_E_1224488_0014	Interior_B	True	False	-80.00000000000007	-79.99999999999952	incomplete_strict_phone_support_for_nine_point_cpps_trajectory
LA_E_1224488_0019	Boundary	True	False			official_v6_boundary_cpps_invalid_or_incomplete_support
LA_E_1224488_0019	Interior_A	True	False	-79.9999999999983	-80.0000000000013	incomplete_strict_phone_support_for_nine_point_cpps_trajectory
LA_E_1224488_0019	Interior_B	True	False	-80.00000000000185	-80.0000000000013	incomplete_strict_phone_support_for_nine_point_cpps_trajectory
LA_E_1224488_0020	Boundary	True	False			official_v6_boundary_cpps_invalid_or_incomplete_support
LA_E_1224488_0020	Interior_A	True	False	-80.00000000000185	-80.0000000000013	incomplete_strict_phone_support_for_nine_point_cpps_trajectory
LA_E_1224488_0020	Interior_B	True	True	80.00000000000185	79.99999999999885	
LA_E_1224488_0021	Boundary	True	False			official_v6_boundary_cpps_invalid_or_incomplete_support
LA_E_1224488_0021	Interior_A	True	True	80.00000000000185	79.99999999999885	
LA_E_1224488_0021	Interior_B	True	False	-79.9999999999983	-80.0000000000013	incomplete_strict_phone_support_for_nine_point_cpps_trajectory
LA_E_1224488_0022	Boundary	True	True			
LA_E_1224488_0022	Interior_A	True	False	-79.9999999999983	-80.0000000000013	incomplete_strict_phone_support_for_nine_point_cpps_trajectory
LA_E_1224488_0022	Interior_B	True	True	319.9999999999967	320.00000000000085	
LA_E_1224488_0023	Boundary	True	True			
LA_E_1224488_0023	Interior_A	True	True	319.9999999999967	320.00000000000085	
LA_E_1224488_0023	Interior_B	True	False	-79.9999999999983	-80.0000000000013	incomplete_strict_phone_support_for_nine_point_cpps_trajectory
LA_E_1224488_0030	Boundary	True	True			
LA_E_1224488_0030	Interior_A	True	False	-80.00000000000185	-80.0000000000013	incomplete_strict_phone_support_for_nine_point_cpps_trajectory
LA_E_1224488_0030	Interior_B	True	True	160.00000000000014	160.0000000000007	
LA_E_1224488_0047	Boundary	True	True			
LA_E_1224488_0047	Interior_A	True	False	0.0	5.551115123125783e-13	incomplete_strict_phone_support_for_nine_point_cpps_trajectory
LA_E_1224488_0047	Interior_B	True	True	159.9999999999966	160.00000000000426	
LA_E_1224488_0048	Boundary	True	True			
LA_E_1224488_0048	Interior_A	True	True	159.9999999999966	160.00000000000426	
LA_E_1224488_0048	Interior_B	True	False	-160.0000000000037	-159.99999999999602	incomplete_strict_phone_support_for_nine_point_cpps_trajectory
LA_E_1224488_0049	Boundary	True	True			
LA_E_1224488_0049	Interior_A	True	False	-160.0000000000037	-159.99999999999602	incomplete_strict_phone_support_for_nine_point_cpps_trajectory
LA_E_1224488_0049	Interior_B	True	False	-79.9999999999983	-80.00000000000485	incomplete_strict_phone_support_for_nine_point_cpps_trajectory
LA_E_1224488_0053	Boundary	True	False			official_v6_boundary_cpps_invalid_or_incomplete_support
LA_E_1224488_0053	Interior_A	True	True	160.0000000000037	159.99999999999716	
LA_E_1224488_0053	Interior_B	True	True	159.9999999999966	159.99999999999716	
LA_E_1224488_0054	Boundary	True	True			
LA_E_1224488_0054	Interior_A	True	True	159.9999999999966	159.99999999999716	
LA_E_1224488_0054	Interior_B	True	False	-159.9999999999966	-160.00000000000313	incomplete_strict_phone_support_for_nine_point_cpps_trajectory
LA_E_1224488_0057	Boundary	True	True			
LA_E_1224488_0057	Interior_A	True	False	-80.0000000000054	-79.99999999999774	incomplete_strict_phone_support_for_nine_point_cpps_trajectory
LA_E_1224488_0057	Interior_B	True	True	79.9999999999983	79.99999999999885	
LA_E_1224488_0058	Boundary	True	False			official_v6_boundary_cpps_invalid_or_incomplete_support
LA_E_1224488_0058	Interior_A	True	True	79.9999999999983	79.99999999999885	
LA_E_1224488_0058	Interior_B	True	True	719.9999999999989	720.0000000000065	
LA_E_1225203_0005	Boundary	True	False			official_v6_boundary_cpps_invalid_or_incomplete_support
LA_E_1225203_0005	Interior_A	True	False	-160.00000000000102	-159.9999999999987	incomplete_strict_phone_support_for_nine_point_cpps_trajectory
LA_E_1225203_0005	Interior_B	True	False	-79.99999999999918	-80.0000000000004	incomplete_strict_phone_support_for_nine_point_cpps_trajectory
LA_E_1225203_0007	Boundary	True	False			official_v6_boundary_cpps_invalid_or_incomplete_support
LA_E_1225203_0007	Interior_A	True	False	-160.00000000000102	-159.9999999999987	incomplete_strict_phone_support_for_nine_point_cpps_trajectory
LA_E_1225203_0007	Interior_B	True	True	79.99999999999918	80.00000000000063	
LA_E_1225203_0013	Boundary	True	False			official_v6_boundary_cpps_invalid_or_incomplete_support
LA_E_1225203_0013	Interior_A	True	False	-80.00000000000185	-79.99999999999952	incomplete_strict_phone_support_for_nine_point_cpps_trajectory
LA_E_1225203_0013	Interior_B	True	True	80.00000000000007	80.00000000000063	
LA_E_1225203_0016	Boundary	True	True			
LA_E_1225203_0016	Interior_A	True	True	160.00000000000014	160.0000000000007	
LA_E_1225203_0016	Interior_B	True	True	79.9999999999983	79.99999999999885	
LA_E_1225203_0020	Boundary	True	True			
LA_E_1225203_0020	Interior_A	True	False	-160.00000000000014	-159.99999999999957	incomplete_strict_phone_support_for_nine_point_cpps_trajectory
LA_E_1225203_0020	Interior_B	True	False	0.0	5.551115123125783e-13	incomplete_strict_phone_support_for_nine_point_cpps_trajectory
LA_E_1225203_0021	Boundary	True	True			
LA_E_1225203_0021	Interior_A	True	False	0.0	5.551115123125783e-13	incomplete_strict_phone_support_for_nine_point_cpps_trajectory
LA_E_1225203_0021	Interior_B	True	False	-80.00000000000185	-80.0000000000013	incomplete_strict_phone_support_for_nine_point_cpps_trajectory
LA_E_1225203_0024	Boundary	True	False			official_v6_boundary_cpps_invalid_or_incomplete_support
LA_E_1225203_0024	Interior_A	True	True	160.00000000000014	160.0000000000007	
LA_E_1225203_0024	Interior_B	True	False	-160.00000000000014	-160.00000000000313	incomplete_strict_phone_support_for_nine_point_cpps_trajectory
LA_E_1225203_0026	Boundary	True	False			official_v6_boundary_cpps_invalid_or_incomplete_support
LA_E_1225203_0026	Interior_A	True	False	0.0	5.551115123125783e-13	incomplete_strict_phone_support_for_nine_point_cpps_trajectory
LA_E_1225203_0026	Interior_B	True	True	320.0000000000003	320.00000000000085	
LA_E_1225203_0027	Boundary	True	True			
LA_E_1225203_0027	Interior_A	True	True	320.0000000000003	320.00000000000085	
LA_E_1225203_0027	Interior_B	True	False	-80.00000000000185	-80.0000000000013	incomplete_strict_phone_support_for_nine_point_cpps_trajectory
LA_E_1230670_0000	Boundary	True	True			
LA_E_1230670_0000	Interior_A	True	False	-160.00000000000014	-160.00000000000003	incomplete_strict_phone_support_for_nine_point_cpps_trajectory
LA_E_1230670_0000	Interior_B	True	False	-160.00000000000014	-160.00000000000003	incomplete_strict_phone_support_for_nine_point_cpps_trajectory
LA_E_1230670_0001	Boundary	True	True			
LA_E_1230670_0001	Interior_A	True	False	-160.00000000000014	-160.00000000000003	incomplete_strict_phone_support_for_nine_point_cpps_trajectory
LA_E_1230670_0001	Interior_B	True	False	-160.0000000000006	-159.99999999999957	incomplete_strict_phone_support_for_nine_point_cpps_trajectory
LA_E_1230670_0003	Boundary	True	True			
LA_E_1230670_0003	Interior_A	True	False	-80.00000000000007	-79.99999999999952	incomplete_strict_phone_support_for_nine_point_cpps_trajectory
LA_E_1230670_0003	Interior_B	True	False	-160.00000000000014	-159.99999999999957	incomplete_strict_phone_support_for_nine_point_cpps_trajectory
LA_E_1230670_0016	Boundary	True	False			official_v6_boundary_cpps_invalid_or_incomplete_support
LA_E_1230670_0016	Interior_A	True	False	-160.00000000000014	-159.99999999999957	incomplete_strict_phone_support_for_nine_point_cpps_trajectory
LA_E_1230670_0016	Interior_B	True	False	-160.00000000000014	-159.99999999999957	incomplete_strict_phone_support_for_nine_point_cpps_trajectory
LA_E_1230670_0019	Boundary	True	False			official_v6_boundary_cpps_invalid_or_incomplete_support
LA_E_1230670_0019	Interior_A	True	False	-79.9999999999983	-80.0000000000013	incomplete_strict_phone_support_for_nine_point_cpps_trajectory
LA_E_1230670_0019	Interior_B	True	False	0.0	5.551115123125783e-13	incomplete_strict_phone_support_for_nine_point_cpps_trajectory
LA_E_1230670_0020	Boundary	True	True			
LA_E_1230670_0020	Interior_A	True	False	0.0	5.551115123125783e-13	incomplete_strict_phone_support_for_nine_point_cpps_trajectory
LA_E_1230670_0020	Interior_B	True	True	320.0000000000003	319.99999999999727	
LA_E_1230670_0021	Boundary	True	True			
LA_E_1230670_0021	Interior_A	True	True	320.0000000000003	319.99999999999727	
LA_E_1230670_0021	Interior_B	True	False	-160.00000000000014	-159.99999999999957	incomplete_strict_phone_support_for_nine_point_cpps_trajectory
LA_E_1230670_0024	Boundary	True	False			official_v6_boundary_cpps_invalid_or_incomplete_support
LA_E_1230670_0024	Interior_A	True	False	-80.00000000000185	-79.99999999999774	incomplete_strict_phone_support_for_nine_point_cpps_trajectory
LA_E_1230670_0024	Interior_B	True	False	-80.00000000000185	-80.0000000000013	incomplete_strict_phone_support_for_nine_point_cpps_trajectory
LA_E_1230670_0025	Boundary	True	False			official_v6_boundary_cpps_invalid_or_incomplete_support
LA_E_1230670_0025	Interior_A	True	False	-80.00000000000185	-80.0000000000013	incomplete_strict_phone_support_for_nine_point_cpps_trajectory
LA_E_1230670_0025	Interior_B	True	True	80.00000000000185	79.99999999999885	
LA_E_1230670_0026	Boundary	True	False			official_v6_boundary_cpps_invalid_or_incomplete_support
LA_E_1230670_0026	Interior_A	True	True	80.00000000000185	79.99999999999885	
LA_E_1230670_0026	Interior_B	True	True	160.00000000000014	160.0000000000007	
LA_E_1230670_0027	Boundary	True	True			
LA_E_1230670_0027	Interior_A	True	True	160.00000000000014	160.0000000000007	
LA_E_1230670_0027	Interior_B	True	False	-160.0000000000037	-159.99999999999957	incomplete_strict_phone_support_for_nine_point_cpps_trajectory
LA_E_1230670_0029	Boundary	True	True			
LA_E_1230670_0029	Interior_A	True	True	480.00000000000045	480.00000000000097	
LA_E_1230670_0029	Interior_B	True	True	79.9999999999983	79.99999999999885	
LA_E_1231779_0000	Boundary	True	False			official_v6_boundary_cpps_invalid_or_incomplete_support
LA_E_1231779_0000	Interior_A	True	False	0.0	1.1102230246251565e-13	incomplete_strict_phone_support_for_nine_point_cpps_trajectory
LA_E_1231779_0000	Interior_B	True	False	-160.0000000000006	-159.99999999999957	incomplete_strict_phone_support_for_nine_point_cpps_trajectory
LA_E_1231779_0006	Boundary	True	False			official_v6_boundary_cpps_invalid_or_incomplete_support
LA_E_1231779_0006	Interior_A	True	False	-159.99999999999926	-159.99999999999957	incomplete_strict_phone_support_for_nine_point_cpps_trajectory
LA_E_1231779_0006	Interior_B	True	False	0.0	-1.2212453270876722e-12	incomplete_strict_phone_support_for_nine_point_cpps_trajectory
LA_E_1231779_0007	Boundary	True	False			official_v6_boundary_cpps_invalid_or_incomplete_support
LA_E_1231779_0007	Interior_A	True	False	0.0	-1.2212453270876722e-12	incomplete_strict_phone_support_for_nine_point_cpps_trajectory
LA_E_1231779_0007	Interior_B	True	False	-80.00000000000007	-80.0000000000013	incomplete_strict_phone_support_for_nine_point_cpps_trajectory
LA_E_1231779_0028	Boundary	True	False			official_v6_boundary_cpps_invalid_or_incomplete_support
LA_E_1231779_0028	Interior_A	True	True	79.9999999999983	79.99999999999885	
LA_E_1231779_0028	Interior_B	True	True	160.00000000000014	160.0000000000007	
LA_E_1231779_0029	Boundary	True	True			
LA_E_1231779_0029	Interior_A	True	True	160.00000000000014	160.0000000000007	
LA_E_1231779_0029	Interior_B	True	False	0.0	-2.9976021664879227e-12	incomplete_strict_phone_support_for_nine_point_cpps_trajectory
LA_E_1231779_0030	Boundary	True	True			
LA_E_1231779_0030	Interior_A	True	False	0.0	-2.9976021664879227e-12	incomplete_strict_phone_support_for_nine_point_cpps_trajectory
LA_E_1231779_0030	Interior_B	True	False	-160.00000000000014	-159.99999999999957	incomplete_strict_phone_support_for_nine_point_cpps_trajectory
LA_E_1231779_0031	Boundary	True	True			
LA_E_1231779_0031	Interior_A	True	False	-160.00000000000014	-159.99999999999957	incomplete_strict_phone_support_for_nine_point_cpps_trajectory
LA_E_1231779_0031	Interior_B	True	False	0.0	-2.9976021664879227e-12	incomplete_strict_phone_support_for_nine_point_cpps_trajectory
LA_E_1232787_0001	Boundary	True	True			
LA_E_1232787_0001	Interior_A	True	False	-79.99999999999984	-80.00000000000018	incomplete_strict_phone_support_for_nine_point_cpps_trajectory
LA_E_1232787_0001	Interior_B	True	False	-80.00000000000007	-79.99999999999996	incomplete_strict_phone_support_for_nine_point_cpps_trajectory
LA_E_1232787_0009	Boundary	True	True			
LA_E_1232787_0009	Interior_A	True	False	-160.00000000000014	-159.99999999999957	incomplete_strict_phone_support_for_nine_point_cpps_trajectory
LA_E_1232787_0009	Interior_B	True	True	80.00000000000007	79.99999999999885	
LA_E_1232787_0014	Boundary	True	True			
LA_E_1232787_0014	Interior_A	True	True	80.00000000000007	80.00000000000063	
LA_E_1232787_0014	Interior_B	True	True	319.9999999999985	320.00000000000085	
LA_E_1232787_0022	Boundary	True	True			
LA_E_1232787_0022	Interior_A	True	False	-80.00000000000185	-80.0000000000013	incomplete_strict_phone_support_for_nine_point_cpps_trajectory
LA_E_1232787_0022	Interior_B	True	False	-160.00000000000014	-159.99999999999957	incomplete_strict_phone_support_for_nine_point_cpps_trajectory
LA_E_1232787_0023	Boundary	True	False			official_v6_boundary_cpps_invalid_or_incomplete_support
LA_E_1232787_0023	Interior_A	True	False	-160.00000000000014	-159.99999999999957	incomplete_strict_phone_support_for_nine_point_cpps_trajectory
LA_E_1232787_0023	Interior_B	True	True	399.9999999999986	400.0000000000027	
LA_E_1232787_0026	Boundary	True	True			
LA_E_1232787_0026	Interior_A	True	False	-160.0000000000037	-159.99999999999957	incomplete_strict_phone_support_for_nine_point_cpps_trajectory
LA_E_1232787_0026	Interior_B	True	False	-160.00000000000014	-159.99999999999957	incomplete_strict_phone_support_for_nine_point_cpps_trajectory
LA_E_1232787_0027	Boundary	True	False			official_v6_boundary_cpps_invalid_or_incomplete_support
LA_E_1232787_0027	Interior_A	True	False	-160.00000000000014	-159.99999999999957	incomplete_strict_phone_support_for_nine_point_cpps_trajectory
LA_E_1232787_0027	Interior_B	True	True	239.99999999999844	240.00000000000256	
LA_E_1232787_0028	Boundary	True	False			official_v6_boundary_cpps_invalid_or_incomplete_support
LA_E_1232787_0028	Interior_A	True	True	239.99999999999844	240.00000000000256	
LA_E_1232787_0028	Interior_B	True	True	79.9999999999983	79.99999999999885	
LA_E_1232787_0031	Boundary	True	True			
LA_E_1232787_0031	Interior_A	True	False	-80.00000000000185	-79.99999999999774	incomplete_strict_phone_support_for_nine_point_cpps_trajectory
LA_E_1232787_0031	Interior_B	True	True	160.0000000000037	159.99999999999716	
LA_E_1232787_0032	Boundary	True	True			
LA_E_1232787_0032	Interior_A	True	True	160.0000000000037	159.99999999999716	
LA_E_1232787_0032	Interior_B	True	False	-79.9999999999983	-80.00000000000485	incomplete_strict_phone_support_for_nine_point_cpps_trajectory
LA_E_1232787_0033	Boundary	True	True			
LA_E_1232787_0033	Interior_A	True	False	-79.9999999999983	-80.00000000000485	incomplete_strict_phone_support_for_nine_point_cpps_trajectory
LA_E_1232787_0033	Interior_B	True	True	79.9999999999983	79.99999999999885	
LA_E_1232787_0034	Boundary	True	True			
LA_E_1232787_0034	Interior_A	True	True	79.9999999999983	79.99999999999885	
LA_E_1232787_0034	Interior_B	True	True	480.000000000004	479.99999999999744	
LA_E_1232787_0035	Boundary	True	False			official_v6_boundary_cpps_invalid_or_incomplete_support
LA_E_1232787_0035	Interior_A	True	True	480.000000000004	479.99999999999744	
LA_E_1232787_0035	Interior_B	True	True	79.9999999999983	79.99999999999885	
LA_E_1232787_0046	Boundary	True	False			official_v6_boundary_cpps_invalid_or_incomplete_support
LA_E_1232787_0046	Interior_A	True	True	79.9999999999983	79.99999999999885	
LA_E_1232787_0046	Interior_B	True	True	399.9999999999986	399.99999999999915	
LA_E_1232787_0047	Boundary	True	True			
LA_E_1232787_0047	Interior_A	True	True	399.9999999999986	399.99999999999915	
LA_E_1232787_0047	Interior_B	True	False	-79.9999999999983	-79.99999999999774	incomplete_strict_phone_support_for_nine_point_cpps_trajectory
LA_E_1232787_0048	Boundary	True	True			
LA_E_1232787_0048	Interior_A	True	False	-79.9999999999983	-79.99999999999774	incomplete_strict_phone_support_for_nine_point_cpps_trajectory
LA_E_1232787_0048	Interior_B	True	True	239.99999999999488	240.00000000000256	
LA_E_1234008_0000	Boundary	True	False			official_v6_boundary_cpps_invalid_or_incomplete_support
LA_E_1234008_0000	Interior_A	True	False	-79.99999999999996	-79.99999999999996	incomplete_strict_phone_support_for_nine_point_cpps_trajectory
LA_E_1234008_0000	Interior_B	True	False	-80.00000000000007	-79.99999999999996	incomplete_strict_phone_support_for_nine_point_cpps_trajectory
LA_E_1234008_0001	Boundary	True	True			
LA_E_1234008_0001	Interior_A	True	False	-80.00000000000007	-79.99999999999996	incomplete_strict_phone_support_for_nine_point_cpps_trajectory
LA_E_1234008_0001	Interior_B	True	True	79.99999999999963	80.00000000000018	
LA_E_1234008_0002	Boundary	True	True			
LA_E_1234008_0002	Interior_A	True	True	79.99999999999963	80.00000000000018	
LA_E_1234008_0002	Interior_B	True	True	80.00000000000007	79.99999999999974	
LA_E_1234008_0003	Boundary	True	True			
LA_E_1234008_0003	Interior_A	True	True	80.00000000000007	79.99999999999974	
LA_E_1234008_0003	Interior_B	True	True	720.0000000000007	720.0000000000003	
LA_E_1234008_0012	Boundary	True	False			official_v6_boundary_cpps_invalid_or_incomplete_support
LA_E_1234008_0012	Interior_A	True	False	-80.00000000000185	-79.99999999999774	incomplete_strict_phone_support_for_nine_point_cpps_trajectory
LA_E_1234008_0012	Interior_B	True	False	-80.00000000000185	-79.99999999999774	incomplete_strict_phone_support_for_nine_point_cpps_trajectory
LA_E_1234008_0017	Boundary	True	False			official_v6_boundary_cpps_invalid_or_incomplete_support
LA_E_1234008_0017	Interior_A	True	False	-160.00000000000014	-159.99999999999957	incomplete_strict_phone_support_for_nine_point_cpps_trajectory
LA_E_1234008_0017	Interior_B	True	True	239.99999999999844	239.999999999999	
LA_E_1234008_0018	Boundary	True	False			official_v6_boundary_cpps_invalid_or_incomplete_support
LA_E_1234008_0018	Interior_A	True	True	239.99999999999844	239.999999999999	
LA_E_1234008_0018	Interior_B	True	True	160.00000000000014	160.0000000000007	
LA_E_1234008_0019	Boundary	True	True			
LA_E_1234008_0019	Interior_A	True	True	160.00000000000014	160.0000000000007	
LA_E_1234008_0019	Interior_B	True	False	-160.00000000000014	-159.99999999999957	incomplete_strict_phone_support_for_nine_point_cpps_trajectory
LA_E_1234008_0020	Boundary	True	False			official_v6_boundary_cpps_invalid_or_incomplete_support
LA_E_1234008_0020	Interior_A	True	False	-160.00000000000014	-159.99999999999957	incomplete_strict_phone_support_for_nine_point_cpps_trajectory
LA_E_1234008_0020	Interior_B	True	False	-80.00000000000185	-80.0000000000013	incomplete_strict_phone_support_for_nine_point_cpps_trajectory
LA_E_1234008_0026	Boundary	True	False			official_v6_boundary_cpps_invalid_or_incomplete_support
LA_E_1234008_0026	Interior_A	True	False	-79.9999999999983	-80.0000000000013	incomplete_strict_phone_support_for_nine_point_cpps_trajectory
LA_E_1234008_0026	Interior_B	True	False	-79.9999999999983	-80.0000000000013	incomplete_strict_phone_support_for_nine_point_cpps_trajectory
LA_E_1234008_0027	Boundary	True	False			official_v6_boundary_cpps_invalid_or_incomplete_support
LA_E_1234008_0027	Interior_A	True	False	-79.9999999999983	-80.0000000000013	incomplete_strict_phone_support_for_nine_point_cpps_trajectory
LA_E_1234008_0027	Interior_B	True	False	-160.0000000000037	-159.99999999999602	incomplete_strict_phone_support_for_nine_point_cpps_trajectory
LA_E_1234008_0030	Boundary	True	False			official_v6_boundary_cpps_invalid_or_incomplete_support
LA_E_1234008_0030	Interior_A	True	False	-159.9999999999966	-160.00000000000313	incomplete_strict_phone_support_for_nine_point_cpps_trajectory
LA_E_1234008_0030	Interior_B	True	False	0.0	5.551115123125783e-13	incomplete_strict_phone_support_for_nine_point_cpps_trajectory
LA_E_1234008_0041	Boundary	True	True			
LA_E_1234008_0041	Interior_A	True	True	79.9999999999983	79.99999999999885	
LA_E_1234008_0041	Interior_B	True	False	-159.9999999999966	-160.00000000000313	incomplete_strict_phone_support_for_nine_point_cpps_trajectory
LA_E_1234008_0042	Boundary	True	False			official_v6_boundary_cpps_invalid_or_incomplete_support
LA_E_1234008_0042	Interior_A	True	False	-159.9999999999966	-160.00000000000313	incomplete_strict_phone_support_for_nine_point_cpps_trajectory
LA_E_1234008_0042	Interior_B	True	True	320.0000000000003	319.99999999999375	
LA_E_1234008_0043	Boundary	True	False			official_v6_boundary_cpps_invalid_or_incomplete_support
LA_E_1234008_0043	Interior_A	True	True	320.0000000000003	319.99999999999375	
LA_E_1234008_0043	Interior_B	True	False	-79.9999999999983	-79.99999999999774	incomplete_strict_phone_support_for_nine_point_cpps_trajectory
LA_E_1234008_0049	Boundary	True	False			official_v6_boundary_cpps_invalid_or_incomplete_support
LA_E_1234008_0049	Interior_A	True	True	159.9999999999966	160.00000000000426	
LA_E_1234008_0049	Interior_B	True	False	-80.0000000000054	-79.99999999999774	incomplete_strict_phone_support_for_nine_point_cpps_trajectory
LA_E_1234008_0050	Boundary	True	False			official_v6_boundary_cpps_invalid_or_incomplete_support
LA_E_1234008_0050	Interior_A	True	False	-80.0000000000054	-79.99999999999774	incomplete_strict_phone_support_for_nine_point_cpps_trajectory
LA_E_1234008_0050	Interior_B	True	False	-159.9999999999966	-160.00000000000313	incomplete_strict_phone_support_for_nine_point_cpps_trajectory
LA_E_1234008_0051	Boundary	True	False			official_v6_boundary_cpps_invalid_or_incomplete_support
LA_E_1234008_0051	Interior_A	True	False	-159.9999999999966	-160.00000000000313	incomplete_strict_phone_support_for_nine_point_cpps_trajectory
LA_E_1234008_0051	Interior_B	True	False	0.0	5.551115123125783e-13	incomplete_strict_phone_support_for_nine_point_cpps_trajectory
LA_E_1234008_0054	Boundary	True	True			
LA_E_1234008_0054	Interior_A	True	False	0.0	5.551115123125783e-13	incomplete_strict_phone_support_for_nine_point_cpps_trajectory
LA_E_1234008_0054	Interior_B	True	True	560.0000000000023	559.9999999999957	
LA_E_1235005_0003	Boundary	True	True			
LA_E_1235005_0003	Interior_A	True	False	0.0	-3.3306690738754696e-13	incomplete_strict_phone_support_for_nine_point_cpps_trajectory
LA_E_1235005_0003	Interior_B	True	True	79.99999999999963	80.00000000000063	
LA_E_1235005_0014	Boundary	True	False			official_v6_boundary_cpps_invalid_or_incomplete_support
LA_E_1235005_0014	Interior_A	True	True	159.99999999999835	160.0000000000007	
LA_E_1235005_0014	Interior_B	True	False	0.0	5.551115123125783e-13	incomplete_strict_phone_support_for_nine_point_cpps_trajectory
LA_E_1235005_0015	Boundary	True	False			official_v6_boundary_cpps_invalid_or_incomplete_support
LA_E_1235005_0015	Interior_A	True	False	0.0	5.551115123125783e-13	incomplete_strict_phone_support_for_nine_point_cpps_trajectory
LA_E_1235005_0015	Interior_B	True	True	239.99999999999844	239.999999999999	
LA_E_1235005_0021	Boundary	True	True			
LA_E_1235005_0021	Interior_A	True	False	-80.00000000000185	-79.99999999999774	incomplete_strict_phone_support_for_nine_point_cpps_trajectory
LA_E_1235005_0021	Interior_B	True	True	639.999999999997	640.0000000000011	
LA_E_1235005_0022	Boundary	True	True			
LA_E_1235005_0022	Interior_A	True	True	639.999999999997	640.0000000000011	
LA_E_1235005_0022	Interior_B	True	False	0.0	5.551115123125783e-13	incomplete_strict_phone_support_for_nine_point_cpps_trajectory
LA_E_1236071_0002	Boundary	True	True			
LA_E_1236071_0002	Interior_A	True	False	-79.99999999999918	-80.0000000000004	incomplete_strict_phone_support_for_nine_point_cpps_trajectory
LA_E_1236071_0002	Interior_B	True	True	79.99999999999918	80.00000000000152	
LA_E_1236071_0003	Boundary	True	True			
LA_E_1236071_0003	Interior_A	True	True	79.99999999999918	80.00000000000152	
LA_E_1236071_0003	Interior_B	True	False	-160.00000000000014	-160.00000000000136	incomplete_strict_phone_support_for_nine_point_cpps_trajectory
LA_E_1236071_0008	Boundary	True	True			
LA_E_1236071_0008	Interior_A	True	False	-80.00000000000007	-79.99999999999952	incomplete_strict_phone_support_for_nine_point_cpps_trajectory
LA_E_1236071_0008	Interior_B	True	True	160.00000000000014	159.99999999999892	
LA_E_1236071_0009	Boundary	True	True			
LA_E_1236071_0009	Interior_A	True	True	160.00000000000014	159.99999999999892	
LA_E_1236071_0009	Interior_B	True	True	80.00000000000007	79.99999999999885	
LA_E_1236071_0013	Boundary	True	False			official_v6_boundary_cpps_invalid_or_incomplete_support
LA_E_1236071_0013	Interior_A	True	False	-79.9999999999983	-80.0000000000013	incomplete_strict_phone_support_for_nine_point_cpps_trajectory
LA_E_1236071_0013	Interior_B	True	False	-80.00000000000185	-80.0000000000013	incomplete_strict_phone_support_for_nine_point_cpps_trajectory
LA_E_1236071_0014	Boundary	True	False			official_v6_boundary_cpps_invalid_or_incomplete_support
LA_E_1236071_0014	Interior_A	True	False	-80.00000000000185	-80.0000000000013	incomplete_strict_phone_support_for_nine_point_cpps_trajectory
LA_E_1236071_0014	Interior_B	True	False	0.0	5.551115123125783e-13	incomplete_strict_phone_support_for_nine_point_cpps_trajectory
LA_E_1236071_0017	Boundary	True	False			official_v6_boundary_cpps_invalid_or_incomplete_support
LA_E_1236071_0017	Interior_A	True	False	-160.00000000000014	-159.99999999999957	incomplete_strict_phone_support_for_nine_point_cpps_trajectory
LA_E_1236071_0017	Interior_B	True	True	399.9999999999986	399.99999999999915	
LA_E_1236071_0018	Boundary	True	False			official_v6_boundary_cpps_invalid_or_incomplete_support
LA_E_1236071_0018	Interior_A	True	True	399.9999999999986	399.99999999999915	
LA_E_1236071_0018	Interior_B	True	True	480.00000000000045	479.99999999999744	
LA_E_1236071_0022	Boundary	True	True			
LA_E_1236071_0022	Interior_A	True	False	-160.0000000000037	-159.99999999999957	incomplete_strict_phone_support_for_nine_point_cpps_trajectory
LA_E_1236071_0022	Interior_B	True	False	-79.9999999999983	-80.0000000000013	incomplete_strict_phone_support_for_nine_point_cpps_trajectory
LA_E_1236071_0023	Boundary	True	False			official_v6_boundary_cpps_invalid_or_incomplete_support
LA_E_1236071_0023	Interior_A	True	False	-79.9999999999983	-80.0000000000013	incomplete_strict_phone_support_for_nine_point_cpps_trajectory
LA_E_1236071_0023	Interior_B	True	False	-79.9999999999983	-80.00000000000485	incomplete_strict_phone_support_for_nine_point_cpps_trajectory
LA_E_1236071_0024	Boundary	True	False			official_v6_boundary_cpps_invalid_or_incomplete_support
LA_E_1236071_0024	Interior_A	True	False	-79.9999999999983	-80.00000000000485	incomplete_strict_phone_support_for_nine_point_cpps_trajectory
LA_E_1236071_0024	Interior_B	True	False	0.0	5.551115123125783e-13	incomplete_strict_phone_support_for_nine_point_cpps_trajectory
LA_E_1236071_0029	Boundary	True	False			official_v6_boundary_cpps_invalid_or_incomplete_support
LA_E_1236071_0029	Interior_A	True	True	80.0000000000054	79.99999999999885	
LA_E_1236071_0029	Interior_B	True	False	-80.0000000000054	-79.99999999999774	incomplete_strict_phone_support_for_nine_point_cpps_trajectory
LA_E_1236071_0036	Boundary	True	False			official_v6_boundary_cpps_invalid_or_incomplete_support
LA_E_1236071_0036	Interior_A	True	False	-159.9999999999966	-160.00000000000313	incomplete_strict_phone_support_for_nine_point_cpps_trajectory
LA_E_1236071_0036	Interior_B	True	False	-160.0000000000037	-159.99999999999602	incomplete_strict_phone_support_for_nine_point_cpps_trajectory
LA_E_1236071_0041	Boundary	True	False			official_v6_boundary_cpps_invalid_or_incomplete_support
LA_E_1236071_0041	Interior_A	True	True	79.9999999999983	79.99999999999885	
LA_E_1236071_0041	Interior_B	True	True	399.9999999999986	399.99999999999915	
LA_E_1236071_0047	Boundary	True	True			
LA_E_1236071_0047	Interior_A	True	False	-80.0000000000054	-79.99999999999774	incomplete_strict_phone_support_for_nine_point_cpps_trajectory
LA_E_1236071_0047	Interior_B	True	False	-159.9999999999966	-160.00000000000313	incomplete_strict_phone_support_for_nine_point_cpps_trajectory
LA_E_1236071_0048	Boundary	True	True			
LA_E_1236071_0048	Interior_A	True	False	-159.9999999999966	-160.00000000000313	incomplete_strict_phone_support_for_nine_point_cpps_trajectory
LA_E_1236071_0048	Interior_B	True	False	-79.9999999999983	-80.00000000000485	incomplete_strict_phone_support_for_nine_point_cpps_trajectory
LA_E_1236071_0053	Boundary	True	False			official_v6_boundary_cpps_invalid_or_incomplete_support
LA_E_1236071_0053	Interior_A	True	False	-79.9999999999983	-80.00000000000485	incomplete_strict_phone_support_for_nine_point_cpps_trajectory
LA_E_1236071_0053	Interior_B	True	False	0.0	5.551115123125783e-13	incomplete_strict_phone_support_for_nine_point_cpps_trajectory
LA_E_1236071_0054	Boundary	True	False			official_v6_boundary_cpps_invalid_or_incomplete_support
LA_E_1236071_0054	Interior_A	True	False	0.0	5.551115123125783e-13	incomplete_strict_phone_support_for_nine_point_cpps_trajectory
LA_E_1236071_0054	Interior_B	True	False	-79.9999999999983	-79.99999999999774	incomplete_strict_phone_support_for_nine_point_cpps_trajectory
LA_E_1236071_0055	Boundary	True	True			
LA_E_1236071_0055	Interior_A	True	False	-79.9999999999983	-79.99999999999774	incomplete_strict_phone_support_for_nine_point_cpps_trajectory
LA_E_1236071_0055	Interior_B	True	False	-80.0000000000054	-80.00000000000485	incomplete_strict_phone_support_for_nine_point_cpps_trajectory
LA_E_1236071_0056	Boundary	True	False			official_v6_boundary_cpps_invalid_or_incomplete_support
LA_E_1236071_0056	Interior_A	True	False	-80.0000000000054	-80.00000000000485	incomplete_strict_phone_support_for_nine_point_cpps_trajectory
LA_E_1236071_0056	Interior_B	True	False	-159.9999999999966	-159.99999999999602	incomplete_strict_phone_support_for_nine_point_cpps_trajectory
LA_E_1236071_0057	Boundary	True	False			official_v6_boundary_cpps_invalid_or_incomplete_support
LA_E_1236071_0057	Interior_A	True	False	-159.9999999999966	-159.99999999999602	incomplete_strict_phone_support_for_nine_point_cpps_trajectory
LA_E_1236071_0057	Interior_B	True	True	399.9999999999915	400.00000000000625	
LA_E_1236071_0058	Boundary	True	True			
LA_E_1236071_0058	Interior_A	True	True	399.9999999999915	400.00000000000625	
LA_E_1236071_0058	Interior_B	True	False	-159.9999999999966	-160.00000000001023	incomplete_strict_phone_support_for_nine_point_cpps_trajectory
LA_E_1237415_0000	Boundary	True	True			
LA_E_1237415_0000	Interior_A	True	True	640.0000000000001	640.0	
LA_E_1237415_0000	Interior_B	True	True	239.99999999999977	239.9999999999999	
LA_E_1237415_0001	Boundary	True	True			
LA_E_1237415_0001	Interior_A	True	True	239.99999999999977	239.9999999999999	
LA_E_1237415_0001	Interior_B	True	False	-80.00000000000097	-79.99999999999862	incomplete_strict_phone_support_for_nine_point_cpps_trajectory
LA_E_1237415_0002	Boundary	True	True			
LA_E_1237415_0002	Interior_A	True	False	-80.00000000000097	-79.99999999999862	incomplete_strict_phone_support_for_nine_point_cpps_trajectory
LA_E_1237415_0002	Interior_B	True	False	-79.99999999999918	-80.0000000000004	incomplete_strict_phone_support_for_nine_point_cpps_trajectory
LA_E_1237415_0004	Boundary	True	True			
LA_E_1237415_0004	Interior_A	True	False	-160.00000000000014	-159.99999999999957	incomplete_strict_phone_support_for_nine_point_cpps_trajectory
LA_E_1237415_0004	Interior_B	True	True	640.0000000000006	639.9999999999993	
LA_E_1237415_0007	Boundary	True	True			
LA_E_1237415_0007	Interior_A	True	True	240.00000000000023	240.00000000000077	
LA_E_1237415_0007	Interior_B	True	True	320.0000000000003	319.9999999999991	
LA_E_1237415_0012	Boundary	True	True			
LA_E_1237415_0012	Interior_A	True	False	-160.0000000000037	-159.99999999999957	incomplete_strict_phone_support_for_nine_point_cpps_trajectory
LA_E_1237415_0012	Interior_B	True	True	1359.9999999999995	1359.9999999999998	
LA_E_1238082_0000	Boundary	True	True			
LA_E_1238082_0000	Interior_A	True	False	-160.00000000000014	-160.00000000000003	incomplete_strict_phone_support_for_nine_point_cpps_trajectory
LA_E_1238082_0000	Interior_B	True	False	-80.00000000000007	-79.99999999999996	incomplete_strict_phone_support_for_nine_point_cpps_trajectory
LA_E_1238082_0001	Boundary	True	True			
LA_E_1238082_0001	Interior_A	True	False	-80.00000000000007	-79.99999999999996	incomplete_strict_phone_support_for_nine_point_cpps_trajectory
LA_E_1238082_0001	Interior_B	True	False	-160.00000000000014	-159.99999999999957	incomplete_strict_phone_support_for_nine_point_cpps_trajectory
LA_E_1238082_0002	Boundary	True	True			
LA_E_1238082_0002	Interior_A	True	False	-160.00000000000014	-159.99999999999957	incomplete_strict_phone_support_for_nine_point_cpps_trajectory
LA_E_1238082_0002	Interior_B	True	True	399.9999999999995	400.0	
LA_E_1238082_0007	Boundary	True	False			official_v6_boundary_cpps_invalid_or_incomplete_support
LA_E_1238082_0007	Interior_A	True	False	-80.00000000000185	-79.99999999999952	incomplete_strict_phone_support_for_nine_point_cpps_trajectory
LA_E_1238082_0007	Interior_B	True	True	240.00000000000023	239.999999999999	
LA_E_1238082_0008	Boundary	True	False			official_v6_boundary_cpps_invalid_or_incomplete_support
LA_E_1238082_0008	Interior_A	True	True	240.00000000000023	239.999999999999	
LA_E_1238082_0008	Interior_B	True	True	559.9999999999987	560.000000000001	
LA_E_1238082_0009	Boundary	True	True			
LA_E_1238082_0009	Interior_A	True	True	559.9999999999987	560.000000000001	
LA_E_1238082_0009	Interior_B	True	False	-160.00000000000014	-159.99999999999957	incomplete_strict_phone_support_for_nine_point_cpps_trajectory
LA_E_1238082_0010	Boundary	True	False			official_v6_boundary_cpps_invalid_or_incomplete_support
LA_E_1238082_0010	Interior_A	True	False	-160.00000000000014	-159.99999999999957	incomplete_strict_phone_support_for_nine_point_cpps_trajectory
LA_E_1238082_0010	Interior_B	True	False	-1.7763568394002505e-12	5.551115123125783e-13	incomplete_strict_phone_support_for_nine_point_cpps_trajectory
LA_E_1238082_0022	Boundary	True	False			official_v6_boundary_cpps_invalid_or_incomplete_support
LA_E_1238082_0022	Interior_A	True	True	160.00000000000014	159.99999999999716	
LA_E_1238082_0022	Interior_B	True	True	79.9999999999983	80.0000000000024	
LA_E_1238082_0032	Boundary	True	True			
LA_E_1238082_0032	Interior_A	True	False	-159.9999999999966	-160.00000000000313	incomplete_strict_phone_support_for_nine_point_cpps_trajectory
LA_E_1238082_0032	Interior_B	True	False	-160.0000000000037	-159.99999999999602	incomplete_strict_phone_support_for_nine_point_cpps_trajectory
LA_E_1238082_0039	Boundary	True	False			official_v6_boundary_cpps_invalid_or_incomplete_support
LA_E_1238082_0039	Interior_A	True	True	159.9999999999966	160.00000000000426	
LA_E_1238082_0039	Interior_B	True	True	159.9999999999966	160.00000000000426	
LA_E_1238082_0040	Boundary	True	False			official_v6_boundary_cpps_invalid_or_incomplete_support
LA_E_1238082_0040	Interior_A	True	True	159.9999999999966	160.00000000000426	
LA_E_1238082_0040	Interior_B	True	False	-80.0000000000054	-79.99999999999774	incomplete_strict_phone_support_for_nine_point_cpps_trajectory
LA_E_1238082_0046	Boundary	True	False			official_v6_boundary_cpps_invalid_or_incomplete_support
LA_E_1238082_0046	Interior_A	True	True	80.0000000000054	79.99999999999885	
LA_E_1238082_0046	Interior_B	True	False	-160.0000000000037	-159.99999999999602	incomplete_strict_phone_support_for_nine_point_cpps_trajectory
LA_E_1238082_0047	Boundary	True	True			
LA_E_1238082_0047	Interior_A	True	False	-160.0000000000037	-159.99999999999602	incomplete_strict_phone_support_for_nine_point_cpps_trajectory
LA_E_1238082_0047	Interior_B	True	False	0.0	5.551115123125783e-13	incomplete_strict_phone_support_for_nine_point_cpps_trajectory
LA_E_1238082_0048	Boundary	True	False			official_v6_boundary_cpps_invalid_or_incomplete_support
LA_E_1238082_0048	Interior_A	True	False	0.0	5.551115123125783e-13	incomplete_strict_phone_support_for_nine_point_cpps_trajectory
LA_E_1238082_0048	Interior_B	True	True	879.9999999999955	880.0000000000031	
LA_E_1239041_0002	Boundary	True	False			official_v6_boundary_cpps_invalid_or_incomplete_support
LA_E_1239041_0002	Interior_A	True	False	-4.440892098500626e-13	1.1102230246251565e-13	incomplete_strict_phone_support_for_nine_point_cpps_trajectory
LA_E_1239041_0002	Interior_B	True	False	-80.00000000000007	-80.0000000000004	incomplete_strict_phone_support_for_nine_point_cpps_trajectory
LA_E_1239041_0012	Boundary	True	False			official_v6_boundary_cpps_invalid_or_incomplete_support
LA_E_1239041_0012	Interior_A	True	True	719.9999999999989	720.0000000000013	
LA_E_1239041_0012	Interior_B	True	True	239.99999999999844	240.00000000000077	
LA_E_1239041_0013	Boundary	True	False			official_v6_boundary_cpps_invalid_or_incomplete_support
LA_E_1239041_0013	Interior_A	True	True	239.99999999999844	240.00000000000077	
LA_E_1239041_0013	Interior_B	True	False	-79.9999999999983	-80.0000000000013	incomplete_strict_phone_support_for_nine_point_cpps_trajectory
LA_E_1239041_0014	Boundary	True	True			
LA_E_1239041_0014	Interior_A	True	False	-79.9999999999983	-80.0000000000013	incomplete_strict_phone_support_for_nine_point_cpps_trajectory
LA_E_1239041_0014	Interior_B	True	False	-3.552713678800501e-12	5.551115123125783e-13	incomplete_strict_phone_support_for_nine_point_cpps_trajectory
LA_E_1239041_0015	Boundary	True	False			official_v6_boundary_cpps_invalid_or_incomplete_support
LA_E_1239041_0015	Interior_A	True	False	-3.552713678800501e-12	5.551115123125783e-13	incomplete_strict_phone_support_for_nine_point_cpps_trajectory
LA_E_1239041_0015	Interior_B	True	True	320.0000000000003	320.00000000000085	
LA_E_1239041_0016	Boundary	True	False			official_v6_boundary_cpps_invalid_or_incomplete_support
LA_E_1239041_0016	Interior_A	True	True	320.0000000000003	320.00000000000085	
LA_E_1239041_0016	Interior_B	True	False	0.0	-2.9976021664879227e-12	incomplete_strict_phone_support_for_nine_point_cpps_trajectory
LA_E_1239041_0017	Boundary	True	True			
LA_E_1239041_0017	Interior_A	True	False	0.0	-2.9976021664879227e-12	incomplete_strict_phone_support_for_nine_point_cpps_trajectory
LA_E_1239041_0017	Interior_B	True	False	-160.00000000000014	-159.99999999999957	incomplete_strict_phone_support_for_nine_point_cpps_trajectory
LA_E_1239041_0022	Boundary	True	False			official_v6_boundary_cpps_invalid_or_incomplete_support
LA_E_1239041_0022	Interior_A	True	True	159.9999999999966	160.0000000000007	
LA_E_1239041_0022	Interior_B	True	True	80.00000000000185	79.99999999999885	
LA_E_1239041_0023	Boundary	True	True			
LA_E_1239041_0023	Interior_A	True	True	80.00000000000185	79.99999999999885	
LA_E_1239041_0023	Interior_B	True	False	0.0	5.551115123125783e-13	incomplete_strict_phone_support_for_nine_point_cpps_trajectory
LA_E_1239041_0024	Boundary	True	False			official_v6_boundary_cpps_invalid_or_incomplete_support
LA_E_1239041_0024	Interior_A	True	False	0.0	5.551115123125783e-13	incomplete_strict_phone_support_for_nine_point_cpps_trajectory
LA_E_1239041_0024	Interior_B	True	True	79.9999999999983	79.99999999999885	
LA_E_1239041_0025	Boundary	True	False			official_v6_boundary_cpps_invalid_or_incomplete_support
LA_E_1239041_0025	Interior_A	True	True	79.9999999999983	79.99999999999885	
LA_E_1239041_0025	Interior_B	True	False	0.0	5.551115123125783e-13	incomplete_strict_phone_support_for_nine_point_cpps_trajectory
LA_E_1239041_0026	Boundary	True	False			official_v6_boundary_cpps_invalid_or_incomplete_support
LA_E_1239041_0026	Interior_A	True	False	0.0	5.551115123125783e-13	incomplete_strict_phone_support_for_nine_point_cpps_trajectory
LA_E_1239041_0026	Interior_B	True	True	240.000000000002	239.99999999999545	
LA_E_1239041_0027	Boundary	True	False			official_v6_boundary_cpps_invalid_or_incomplete_support
LA_E_1239041_0027	Interior_A	True	True	240.000000000002	239.99999999999545	
LA_E_1239041_0027	Interior_B	True	False	-159.9999999999966	-160.00000000000313	incomplete_strict_phone_support_for_nine_point_cpps_trajectory
LA_E_1239041_0028	Boundary	True	True			
LA_E_1239041_0028	Interior_A	True	False	-159.9999999999966	-160.00000000000313	incomplete_strict_phone_support_for_nine_point_cpps_trajectory
LA_E_1239041_0028	Interior_B	True	False	-159.9999999999966	-160.00000000000313	incomplete_strict_phone_support_for_nine_point_cpps_trajectory
LA_E_1239041_0034	Boundary	True	False			official_v6_boundary_cpps_invalid_or_incomplete_support
LA_E_1239041_0034	Interior_A	True	False	-159.9999999999966	-160.00000000000313	incomplete_strict_phone_support_for_nine_point_cpps_trajectory
LA_E_1239041_0034	Interior_B	True	False	-80.0000000000054	-79.99999999999774	incomplete_strict_phone_support_for_nine_point_cpps_trajectory
LA_E_1239041_0037	Boundary	True	False			official_v6_boundary_cpps_invalid_or_incomplete_support
LA_E_1239041_0037	Interior_A	True	True	80.0000000000054	79.99999999999885	
LA_E_1239041_0037	Interior_B	True	True	159.9999999999966	159.99999999999716	
LA_E_1239041_0040	Boundary	True	True			
LA_E_1239041_0040	Interior_A	True	False	-160.0000000000037	-159.99999999999602	incomplete_strict_phone_support_for_nine_point_cpps_trajectory
LA_E_1239041_0040	Interior_B	True	True	159.9999999999966	160.00000000000426	
LA_E_1239041_0043	Boundary	True	True			
LA_E_1239041_0043	Interior_A	True	False	-159.9999999999966	-160.00000000000313	incomplete_strict_phone_support_for_nine_point_cpps_trajectory
LA_E_1239041_0043	Interior_B	True	True	80.0000000000054	79.99999999999885	
LA_E_1239041_0044	Boundary	True	True			
LA_E_1239041_0044	Interior_A	True	True	80.0000000000054	79.99999999999885	
LA_E_1239041_0044	Interior_B	True	True	799.9999999999972	799.9999999999977	
LA_E_1241406_0000	Boundary	True	False			official_v6_boundary_cpps_invalid_or_incomplete_support
LA_E_1241406_0000	Interior_A	True	False	1.1102230246251565e-13	-1.1102230246251565e-13	incomplete_strict_phone_support_for_nine_point_cpps_trajectory
LA_E_1241406_0000	Interior_B	True	False	-2.220446049250313e-13	1.1102230246251565e-13	incomplete_strict_phone_support_for_nine_point_cpps_trajectory
LA_E_1241406_0006	Boundary	True	False			official_v6_boundary_cpps_invalid_or_incomplete_support
LA_E_1241406_0006	Interior_A	True	False	-160.00000000000102	-159.9999999999987	incomplete_strict_phone_support_for_nine_point_cpps_trajectory
LA_E_1241406_0006	Interior_B	True	False	-159.99999999999926	-159.99999999999957	incomplete_strict_phone_support_for_nine_point_cpps_trajectory
LA_E_1241406_0007	Boundary	True	False			official_v6_boundary_cpps_invalid_or_incomplete_support
LA_E_1241406_0007	Interior_A	True	False	-159.99999999999926	-159.99999999999957	incomplete_strict_phone_support_for_nine_point_cpps_trajectory
LA_E_1241406_0007	Interior_B	True	True	239.99999999999844	240.00000000000077	
LA_E_1241406_0019	Boundary	True	False			official_v6_boundary_cpps_invalid_or_incomplete_support
LA_E_1241406_0019	Interior_A	True	False	-79.9999999999983	-80.0000000000013	incomplete_strict_phone_support_for_nine_point_cpps_trajectory
LA_E_1241406_0019	Interior_B	True	False	-80.00000000000185	-79.99999999999774	incomplete_strict_phone_support_for_nine_point_cpps_trajectory
LA_E_1241406_0020	Boundary	True	False			official_v6_boundary_cpps_invalid_or_incomplete_support
LA_E_1241406_0020	Interior_A	True	False	-80.00000000000185	-79.99999999999774	incomplete_strict_phone_support_for_nine_point_cpps_trajectory
LA_E_1241406_0020	Interior_B	True	True	480.00000000000045	479.99999999999744	
LA_E_1241406_0021	Boundary	True	True			
LA_E_1241406_0021	Interior_A	True	True	480.00000000000045	479.99999999999744	
LA_E_1241406_0021	Interior_B	True	True	160.00000000000014	160.0000000000007	
LA_E_1242729_0000	Boundary	True	False			official_v6_boundary_cpps_invalid_or_incomplete_support
LA_E_1242729_0000	Interior_A	True	True	319.99999999999994	319.99999999999994	
LA_E_1242729_0000	Interior_B	True	True	160.00000000000014	159.9999999999998	
LA_E_1242729_0001	Boundary	True	False			official_v6_boundary_cpps_invalid_or_incomplete_support
LA_E_1242729_0001	Interior_A	True	True	160.00000000000014	159.9999999999998	
LA_E_1242729_0001	Interior_B	True	True	80.00000000000007	80.00000000000063	
LA_E_1242729_0002	Boundary	True	True			
LA_E_1242729_0002	Interior_A	True	True	80.00000000000007	80.00000000000063	
LA_E_1242729_0002	Interior_B	True	True	240.00000000000023	239.9999999999999	
LA_E_1242729_0009	Boundary	True	False			official_v6_boundary_cpps_invalid_or_incomplete_support
LA_E_1242729_0009	Interior_A	True	True	480.00000000000045	479.9999999999992	
LA_E_1242729_0009	Interior_B	True	True	160.00000000000014	159.99999999999892	
LA_E_1242729_0014	Boundary	True	False			official_v6_boundary_cpps_invalid_or_incomplete_support
LA_E_1242729_0014	Interior_A	True	True	160.00000000000014	160.0000000000007	
LA_E_1242729_0014	Interior_B	True	False	-160.00000000000014	-159.99999999999957	incomplete_strict_phone_support_for_nine_point_cpps_trajectory
LA_E_1242729_0015	Boundary	True	True			
LA_E_1242729_0015	Interior_A	True	False	-160.00000000000014	-159.99999999999957	incomplete_strict_phone_support_for_nine_point_cpps_trajectory
LA_E_1242729_0015	Interior_B	True	True	320.0000000000003	319.99999999999727	
LA_E_1242729_0016	Boundary	True	False			official_v6_boundary_cpps_invalid_or_incomplete_support
LA_E_1242729_0016	Interior_A	True	True	320.0000000000003	319.99999999999727	
LA_E_1242729_0016	Interior_B	True	True	480.00000000000045	480.00000000000097	
LA_E_1242729_0017	Boundary	True	False			official_v6_boundary_cpps_invalid_or_incomplete_support
LA_E_1242729_0017	Interior_A	True	True	480.00000000000045	480.00000000000097	
LA_E_1242729_0017	Interior_B	True	False	-80.00000000000185	-80.0000000000013	incomplete_strict_phone_support_for_nine_point_cpps_trajectory
LA_E_1242729_0023	Boundary	True	False			official_v6_boundary_cpps_invalid_or_incomplete_support
LA_E_1242729_0023	Interior_A	True	False	-80.00000000000185	-80.0000000000013	incomplete_strict_phone_support_for_nine_point_cpps_trajectory
LA_E_1242729_0023	Interior_B	True	True	80.00000000000185	79.99999999999885	
LA_E_1242729_0024	Boundary	True	False			official_v6_boundary_cpps_invalid_or_incomplete_support
LA_E_1242729_0024	Interior_A	True	True	80.00000000000185	79.99999999999885	
LA_E_1242729_0024	Interior_B	True	True	640.0000000000006	640.0000000000011	
LA_E_1242729_0030	Boundary	True	False			official_v6_boundary_cpps_invalid_or_incomplete_support
LA_E_1242729_0030	Interior_A	True	False	-79.9999999999983	-79.99999999999774	incomplete_strict_phone_support_for_nine_point_cpps_trajectory
LA_E_1242729_0030	Interior_B	True	False	0.0	-6.5503158452884236e-12	incomplete_strict_phone_support_for_nine_point_cpps_trajectory
LA_E_1242729_0031	Boundary	True	False			official_v6_boundary_cpps_invalid_or_incomplete_support
LA_E_1242729_0031	Interior_A	True	False	0.0	-6.5503158452884236e-12	incomplete_strict_phone_support_for_nine_point_cpps_trajectory
LA_E_1242729_0031	Interior_B	True	False	-159.9999999999966	-160.00000000000313	incomplete_strict_phone_support_for_nine_point_cpps_trajectory
LA_E_1242729_0034	Boundary	True	False			official_v6_boundary_cpps_invalid_or_incomplete_support
LA_E_1242729_0034	Interior_A	True	False	-159.9999999999966	-160.00000000000313	incomplete_strict_phone_support_for_nine_point_cpps_trajectory
LA_E_1242729_0034	Interior_B	True	False	-80.0000000000054	-79.99999999999774	incomplete_strict_phone_support_for_nine_point_cpps_trajectory
LA_E_1242729_0037	Boundary	True	True			
LA_E_1242729_0037	Interior_A	True	False	-159.9999999999966	-160.00000000000313	incomplete_strict_phone_support_for_nine_point_cpps_trajectory
LA_E_1242729_0037	Interior_B	True	False	-159.9999999999966	-160.00000000000313	incomplete_strict_phone_support_for_nine_point_cpps_trajectory
LA_E_1242729_0038	Boundary	True	True			
LA_E_1242729_0038	Interior_A	True	False	-159.9999999999966	-160.00000000000313	incomplete_strict_phone_support_for_nine_point_cpps_trajectory
LA_E_1242729_0038	Interior_B	True	True	560.0000000000023	559.9999999999957	
LA_E_1242729_0042	Boundary	True	True			
LA_E_1242729_0042	Interior_A	True	False	-159.9999999999966	-160.00000000000313	incomplete_strict_phone_support_for_nine_point_cpps_trajectory
LA_E_1242729_0042	Interior_B	True	False	-79.9999999999983	-80.00000000000485	incomplete_strict_phone_support_for_nine_point_cpps_trajectory
LA_E_1242729_0043	Boundary	True	True			
LA_E_1242729_0043	Interior_A	True	False	-79.9999999999983	-80.00000000000485	incomplete_strict_phone_support_for_nine_point_cpps_trajectory
LA_E_1242729_0043	Interior_B	True	True	240.000000000002	240.00000000000256	
LA_E_1244273_0004	Boundary	True	False			official_v6_boundary_cpps_invalid_or_incomplete_support
LA_E_1244273_0004	Interior_A	True	False	-80.00000000000007	-80.0000000000004	incomplete_strict_phone_support_for_nine_point_cpps_trajectory
LA_E_1244273_0004	Interior_B	True	False	-159.99999999999926	-160.00000000000048	incomplete_strict_phone_support_for_nine_point_cpps_trajectory
LA_E_1244273_0012	Boundary	True	True			
LA_E_1244273_0012	Interior_A	True	False	-80.00000000000185	-79.99999999999952	incomplete_strict_phone_support_for_nine_point_cpps_trajectory
LA_E_1244273_0012	Interior_B	True	False	-160.00000000000014	-159.99999999999957	incomplete_strict_phone_support_for_nine_point_cpps_trajectory
LA_E_1244273_0013	Boundary	True	True			
LA_E_1244273_0013	Interior_A	True	False	-160.00000000000014	-159.99999999999957	incomplete_strict_phone_support_for_nine_point_cpps_trajectory
LA_E_1244273_0013	Interior_B	True	True	319.9999999999985	320.00000000000085	
LA_E_1244273_0017	Boundary	True	True			
LA_E_1244273_0017	Interior_A	True	False	-160.0000000000037	-159.99999999999957	incomplete_strict_phone_support_for_nine_point_cpps_trajectory
LA_E_1244273_0017	Interior_B	True	True	560.0000000000023	559.9999999999993	
LA_E_1244273_0023	Boundary	True	False			official_v6_boundary_cpps_invalid_or_incomplete_support
LA_E_1244273_0023	Interior_A	True	True	160.00000000000014	159.99999999999716	
LA_E_1244273_0023	Interior_B	True	True	240.000000000002	239.999999999999	
LA_E_1244941_0002	Boundary	True	False			official_v6_boundary_cpps_invalid_or_incomplete_support
LA_E_1244941_0002	Interior_A	True	True	160.00000000000014	159.99999999999892	
LA_E_1244941_0002	Interior_B	True	True	319.9999999999985	320.00000000000085	
LA_E_1244941_0003	Boundary	True	True			
LA_E_1244941_0003	Interior_A	True	True	319.9999999999985	320.00000000000085	
LA_E_1244941_0003	Interior_B	True	False	0.0	5.551115123125783e-13	incomplete_strict_phone_support_for_nine_point_cpps_trajectory
LA_E_1244941_0004	Boundary	True	False			official_v6_boundary_cpps_invalid_or_incomplete_support
LA_E_1244941_0004	Interior_A	True	False	0.0	5.551115123125783e-13	incomplete_strict_phone_support_for_nine_point_cpps_trajectory
LA_E_1244941_0004	Interior_B	True	False	-80.00000000000185	-79.99999999999952	incomplete_strict_phone_support_for_nine_point_cpps_trajectory
LA_E_1244941_0005	Boundary	True	False			official_v6_boundary_cpps_invalid_or_incomplete_support
LA_E_1244941_0005	Interior_A	True	False	-80.00000000000185	-79.99999999999952	incomplete_strict_phone_support_for_nine_point_cpps_trajectory
LA_E_1244941_0005	Interior_B	True	True	80.00000000000007	79.99999999999885	
LA_E_1244941_0009	Boundary	True	False			official_v6_boundary_cpps_invalid_or_incomplete_support
LA_E_1244941_0009	Interior_A	True	True	79.9999999999983	79.99999999999885	
LA_E_1244941_0009	Interior_B	True	False	-79.9999999999983	-80.0000000000013	incomplete_strict_phone_support_for_nine_point_cpps_trajectory
LA_E_1244941_0010	Boundary	True	False			official_v6_boundary_cpps_invalid_or_incomplete_support
LA_E_1244941_0010	Interior_A	True	False	-79.9999999999983	-80.0000000000013	incomplete_strict_phone_support_for_nine_point_cpps_trajectory
LA_E_1244941_0010	Interior_B	True	False	-160.00000000000014	-159.99999999999957	incomplete_strict_phone_support_for_nine_point_cpps_trajectory
LA_E_1244941_0011	Boundary	True	True			
LA_E_1244941_0011	Interior_A	True	False	-160.00000000000014	-159.99999999999957	incomplete_strict_phone_support_for_nine_point_cpps_trajectory
LA_E_1244941_0011	Interior_B	True	False	-160.00000000000014	-159.99999999999957	incomplete_strict_phone_support_for_nine_point_cpps_trajectory
LA_E_1244941_0017	Boundary	True	True			
LA_E_1244941_0017	Interior_A	True	False	-160.00000000000014	-159.99999999999957	incomplete_strict_phone_support_for_nine_point_cpps_trajectory
LA_E_1244941_0017	Interior_B	True	False	-79.9999999999983	-80.0000000000013	incomplete_strict_phone_support_for_nine_point_cpps_trajectory
LA_E_1244941_0025	Boundary	True	False			official_v6_boundary_cpps_invalid_or_incomplete_support
LA_E_1244941_0025	Interior_A	True	False	-79.9999999999983	-79.99999999999774	incomplete_strict_phone_support_for_nine_point_cpps_trajectory
LA_E_1244941_0025	Interior_B	True	False	-160.0000000000037	-159.99999999999602	incomplete_strict_phone_support_for_nine_point_cpps_trajectory
LA_E_1244941_0029	Boundary	True	False			official_v6_boundary_cpps_invalid_or_incomplete_support
LA_E_1244941_0029	Interior_A	True	True	320.0000000000003	320.00000000000085	
LA_E_1244941_0029	Interior_B	True	True	960.0000000000009	960.0000000000014	
LA_E_1245491_0001	Boundary	True	False			official_v6_boundary_cpps_invalid_or_incomplete_support
LA_E_1245491_0001	Interior_A	True	False	-160.00000000000003	-160.00000000000003	incomplete_strict_phone_support_for_nine_point_cpps_trajectory
LA_E_1245491_0001	Interior_B	True	False	-80.00000000000007	-79.99999999999996	incomplete_strict_phone_support_for_nine_point_cpps_trajectory
LA_E_1245491_0002	Boundary	True	False			official_v6_boundary_cpps_invalid_or_incomplete_support
LA_E_1245491_0002	Interior_A	True	False	-80.00000000000007	-79.99999999999996	incomplete_strict_phone_support_for_nine_point_cpps_trajectory
LA_E_1245491_0002	Interior_B	True	False	-80.00000000000007	-79.99999999999996	incomplete_strict_phone_support_for_nine_point_cpps_trajectory
LA_E_1245491_0003	Boundary	True	True			
LA_E_1245491_0003	Interior_A	True	False	-80.00000000000007	-79.99999999999996	incomplete_strict_phone_support_for_nine_point_cpps_trajectory
LA_E_1245491_0003	Interior_B	True	True	160.00000000000014	159.9999999999998	
LA_E_1245491_0004	Boundary	True	True			
LA_E_1245491_0004	Interior_A	True	True	160.00000000000014	159.9999999999998	
LA_E_1245491_0004	Interior_B	True	True	1520.0000000000005	1520.0	
LA_E_1245491_0005	Boundary	True	True			
LA_E_1245491_0005	Interior_A	True	True	1520.0000000000005	1520.0	
LA_E_1245491_0005	Interior_B	True	True	159.99999999999835	160.0000000000007	
LA_E_1245491_0006	Boundary	True	True			
LA_E_1245491_0006	Interior_A	True	True	159.99999999999835	160.0000000000007	
LA_E_1245491_0006	Interior_B	True	True	399.9999999999986	400.0000000000009	
LA_E_1245491_0007	Boundary	True	True			
LA_E_1245491_0007	Interior_A	True	True	399.9999999999986	400.0000000000009	
LA_E_1245491_0007	Interior_B	True	False	-80.00000000000007	-79.99999999999952	incomplete_strict_phone_support_for_nine_point_cpps_trajectory
LA_E_1245491_0010	Boundary	True	False			official_v6_boundary_cpps_invalid_or_incomplete_support
LA_E_1245491_0010	Interior_A	True	False	-160.00000000000014	-159.99999999999957	incomplete_strict_phone_support_for_nine_point_cpps_trajectory
LA_E_1245491_0010	Interior_B	True	True	160.00000000000014	159.99999999999716	
LA_E_1245491_0011	Boundary	True	False			official_v6_boundary_cpps_invalid_or_incomplete_support
LA_E_1245491_0011	Interior_A	True	True	160.00000000000014	159.99999999999716	
LA_E_1245491_0011	Interior_B	True	True	560.0000000000023	559.9999999999993	
LA_E_1245491_0012	Boundary	True	False			official_v6_boundary_cpps_invalid_or_incomplete_support
LA_E_1245491_0012	Interior_A	True	True	560.0000000000023	559.9999999999993	
LA_E_1245491_0012	Interior_B	True	True	239.99999999999844	239.999999999999	
LA_E_1245491_0013	Boundary	True	False			official_v6_boundary_cpps_invalid_or_incomplete_support
LA_E_1245491_0013	Interior_A	True	True	239.99999999999844	239.999999999999	
LA_E_1245491_0013	Interior_B	True	False	0.0	5.551115123125783e-13	incomplete_strict_phone_support_for_nine_point_cpps_trajectory
LA_E_1245491_0014	Boundary	True	True			
LA_E_1245491_0014	Interior_A	True	False	0.0	5.551115123125783e-13	incomplete_strict_phone_support_for_nine_point_cpps_trajectory
LA_E_1245491_0014	Interior_B	True	False	-160.00000000000014	-159.99999999999957	incomplete_strict_phone_support_for_nine_point_cpps_trajectory
LA_E_1245491_0015	Boundary	True	True			
LA_E_1245491_0015	Interior_A	True	False	-160.00000000000014	-159.99999999999957	incomplete_strict_phone_support_for_nine_point_cpps_trajectory
LA_E_1245491_0015	Interior_B	True	False	0.0	5.551115123125783e-13	incomplete_strict_phone_support_for_nine_point_cpps_trajectory
LA_E_1245491_0016	Boundary	True	False			official_v6_boundary_cpps_invalid_or_incomplete_support
LA_E_1245491_0016	Interior_A	True	False	0.0	5.551115123125783e-13	incomplete_strict_phone_support_for_nine_point_cpps_trajectory
LA_E_1245491_0016	Interior_B	True	False	-80.00000000000185	-80.0000000000013	incomplete_strict_phone_support_for_nine_point_cpps_trajectory
LA_E_1245491_0019	Boundary	True	False			official_v6_boundary_cpps_invalid_or_incomplete_support
LA_E_1245491_0019	Interior_A	True	True	320.0000000000003	320.00000000000085	
LA_E_1245491_0019	Interior_B	True	False	-80.00000000000185	-80.0000000000013	incomplete_strict_phone_support_for_nine_point_cpps_trajectory
LA_E_1245491_0020	Boundary	True	True			
LA_E_1245491_0020	Interior_A	True	False	-80.00000000000185	-80.0000000000013	incomplete_strict_phone_support_for_nine_point_cpps_trajectory
LA_E_1245491_0020	Interior_B	True	False	-160.00000000000014	-159.99999999999957	incomplete_strict_phone_support_for_nine_point_cpps_trajectory
LA_E_1245491_0021	Boundary	True	True			
LA_E_1245491_0021	Interior_A	True	False	-160.00000000000014	-159.99999999999957	incomplete_strict_phone_support_for_nine_point_cpps_trajectory
LA_E_1245491_0021	Interior_B	True	True	160.00000000000014	159.99999999999716	
LA_E_1245491_0022	Boundary	True	True			
LA_E_1245491_0022	Interior_A	True	True	160.00000000000014	159.99999999999716	
LA_E_1245491_0022	Interior_B	True	True	80.0000000000054	79.99999999999885	
LA_E_1245491_0026	Boundary	True	False			official_v6_boundary_cpps_invalid_or_incomplete_support
LA_E_1245491_0026	Interior_A	True	True	480.000000000004	479.99999999999744	
LA_E_1245491_0026	Interior_B	True	True	79.9999999999983	79.99999999999885	
LA_E_1245491_0027	Boundary	True	True			
LA_E_1245491_0027	Interior_A	True	True	79.9999999999983	79.99999999999885	
LA_E_1245491_0027	Interior_B	True	False	-79.9999999999983	-80.00000000000485	incomplete_strict_phone_support_for_nine_point_cpps_trajectory
LA_E_1245491_0028	Boundary	True	False			official_v6_boundary_cpps_invalid_or_incomplete_support
LA_E_1245491_0028	Interior_A	True	False	-79.9999999999983	-80.00000000000485	incomplete_strict_phone_support_for_nine_point_cpps_trajectory
LA_E_1245491_0028	Interior_B	True	True	160.0000000000037	159.99999999999716	
LA_E_1245491_0031	Boundary	True	False			official_v6_boundary_cpps_invalid_or_incomplete_support
LA_E_1245491_0031	Interior_A	True	False	-159.9999999999966	-160.00000000000313	incomplete_strict_phone_support_for_nine_point_cpps_trajectory
LA_E_1245491_0031	Interior_B	True	True	560.0000000000023	559.9999999999957	
LA_E_1245491_0032	Boundary	True	False			official_v6_boundary_cpps_invalid_or_incomplete_support
LA_E_1245491_0032	Interior_A	True	True	560.0000000000023	559.9999999999957	
LA_E_1245491_0032	Interior_B	True	True	719.9999999999989	719.9999999999994	
LA_E_1245491_0038	Boundary	True	True			
LA_E_1245491_0038	Interior_A	True	True	79.9999999999983	80.00000000000595	
LA_E_1245491_0038	Interior_B	True	False	-80.0000000000054	-79.99999999999774	incomplete_strict_phone_support_for_nine_point_cpps_trajectory
LA_E_1245491_0039	Boundary	True	False			official_v6_boundary_cpps_invalid_or_incomplete_support
LA_E_1245491_0039	Interior_A	True	False	-80.0000000000054	-79.99999999999774	incomplete_strict_phone_support_for_nine_point_cpps_trajectory
LA_E_1245491_0039	Interior_B	True	True	560.0000000000023	559.9999999999957	
LA_E_1245491_0040	Boundary	True	False			official_v6_boundary_cpps_invalid_or_incomplete_support
LA_E_1245491_0040	Interior_A	True	True	560.0000000000023	559.9999999999957	
LA_E_1245491_0040	Interior_B	True	True	480.000000000004	479.99999999999034	
LA_E_1246578_0000	Boundary	True	True			
LA_E_1246578_0000	Interior_A	True	True	79.99999999999963	80.00000000000018	
LA_E_1246578_0000	Interior_B	True	True	160.00000000000014	159.9999999999998	
LA_E_1246578_0001	Boundary	True	False			official_v6_boundary_cpps_invalid_or_incomplete_support
LA_E_1246578_0001	Interior_A	True	True	160.00000000000014	159.9999999999998	
LA_E_1246578_0001	Interior_B	True	True	400.00000000000034	400.0	
LA_E_1246578_0002	Boundary	True	False			official_v6_boundary_cpps_invalid_or_incomplete_support
LA_E_1246578_0002	Interior_A	True	True	400.00000000000034	400.0	
LA_E_1246578_0002	Interior_B	True	False	-159.99999999999926	-159.99999999999957	incomplete_strict_phone_support_for_nine_point_cpps_trajectory
LA_E_1246578_0008	Boundary	True	True			
LA_E_1246578_0008	Interior_A	True	True	480.00000000000045	479.9999999999992	
LA_E_1246578_0008	Interior_B	True	True	80.00000000000007	80.00000000000063	
LA_E_1246578_0015	Boundary	True	False			official_v6_boundary_cpps_invalid_or_incomplete_support
LA_E_1246578_0015	Interior_A	True	False	-160.00000000000014	-159.99999999999957	incomplete_strict_phone_support_for_nine_point_cpps_trajectory
LA_E_1246578_0015	Interior_B	True	True	80.00000000000185	79.99999999999885	
LA_E_1246578_0020	Boundary	True	True			
LA_E_1246578_0020	Interior_A	True	False	-80.00000000000185	-79.99999999999774	incomplete_strict_phone_support_for_nine_point_cpps_trajectory
LA_E_1246578_0020	Interior_B	True	False	0.0	5.551115123125783e-13	incomplete_strict_phone_support_for_nine_point_cpps_trajectory
LA_E_1246578_0025	Boundary	True	False			official_v6_boundary_cpps_invalid_or_incomplete_support
LA_E_1246578_0025	Interior_A	True	False	-160.00000000000014	-159.99999999999957	incomplete_strict_phone_support_for_nine_point_cpps_trajectory
LA_E_1246578_0025	Interior_B	True	True	239.99999999999844	239.999999999999	
LA_E_1246578_0026	Boundary	True	False			official_v6_boundary_cpps_invalid_or_incomplete_support
LA_E_1246578_0026	Interior_A	True	True	239.99999999999844	239.999999999999	
LA_E_1246578_0026	Interior_B	True	True	80.00000000000185	79.99999999999885	
LA_E_1248324_0000	Boundary	True	False			official_v6_boundary_cpps_invalid_or_incomplete_support
LA_E_1248324_0000	Interior_A	True	True	159.9999999999997	159.9999999999998	
LA_E_1248324_0000	Interior_B	True	True	240.00000000000023	239.9999999999999	
LA_E_1248324_0004	Boundary	True	True			
LA_E_1248324_0004	Interior_A	True	True	480.00000000000045	479.9999999999992	
LA_E_1248324_0004	Interior_B	True	False	0.0	5.551115123125783e-13	incomplete_strict_phone_support_for_nine_point_cpps_trajectory
LA_E_1248324_0008	Boundary	True	True			
LA_E_1248324_0008	Interior_A	True	False	-80.00000000000185	-79.99999999999952	incomplete_strict_phone_support_for_nine_point_cpps_trajectory
LA_E_1248324_0008	Interior_B	True	False	-80.00000000000007	-79.99999999999952	incomplete_strict_phone_support_for_nine_point_cpps_trajectory
LA_E_1248324_0011	Boundary	True	True			
LA_E_1248324_0011	Interior_A	True	False	-160.00000000000014	-159.99999999999957	incomplete_strict_phone_support_for_nine_point_cpps_trajectory
LA_E_1248324_0011	Interior_B	True	False	0.0	5.551115123125783e-13	incomplete_strict_phone_support_for_nine_point_cpps_trajectory
LA_E_1248324_0012	Boundary	True	True			
LA_E_1248324_0012	Interior_A	True	False	0.0	5.551115123125783e-13	incomplete_strict_phone_support_for_nine_point_cpps_trajectory
LA_E_1248324_0012	Interior_B	True	False	-160.00000000000014	-160.00000000000313	incomplete_strict_phone_support_for_nine_point_cpps_trajectory
LA_E_1248324_0014	Boundary	True	True			
LA_E_1248324_0014	Interior_A	True	True	400.00000000000216	399.99999999999915	
LA_E_1248324_0014	Interior_B	True	False	-160.00000000000014	-159.99999999999957	incomplete_strict_phone_support_for_nine_point_cpps_trajectory
LA_E_1248324_0015	Boundary	True	True			
LA_E_1248324_0015	Interior_A	True	False	-160.00000000000014	-159.99999999999957	incomplete_strict_phone_support_for_nine_point_cpps_trajectory
LA_E_1248324_0015	Interior_B	True	False	-160.00000000000014	-160.00000000000313	incomplete_strict_phone_support_for_nine_point_cpps_trajectory
LA_E_1248324_0019	Boundary	True	False			official_v6_boundary_cpps_invalid_or_incomplete_support
LA_E_1248324_0019	Interior_A	True	False	-160.00000000000014	-159.99999999999957	incomplete_strict_phone_support_for_nine_point_cpps_trajectory
LA_E_1248324_0019	Interior_B	True	True	719.9999999999989	719.9999999999994	
LA_E_1248416_0001	Boundary	True	True			
LA_E_1248416_0001	Interior_A	True	True	80.00000000000007	79.99999999999996	
LA_E_1248416_0001	Interior_B	True	False	-80.00000000000007	-79.99999999999996	incomplete_strict_phone_support_for_nine_point_cpps_trajectory
LA_E_1248416_0002	Boundary	True	True			
LA_E_1248416_0002	Interior_A	True	False	-80.00000000000007	-79.99999999999996	incomplete_strict_phone_support_for_nine_point_cpps_trajectory
LA_E_1248416_0002	Interior_B	True	False	-160.00000000000014	-159.99999999999957	incomplete_strict_phone_support_for_nine_point_cpps_trajectory
LA_E_1248416_0005	Boundary	True	True			
LA_E_1248416_0005	Interior_A	True	False	0.0	5.551115123125783e-13	incomplete_strict_phone_support_for_nine_point_cpps_trajectory
LA_E_1248416_0005	Interior_B	True	True	80.00000000000007	79.99999999999974	
LA_E_1248416_0012	Boundary	True	False			official_v6_boundary_cpps_invalid_or_incomplete_support
LA_E_1248416_0012	Interior_A	True	False	-160.00000000000014	-159.99999999999957	incomplete_strict_phone_support_for_nine_point_cpps_trajectory
LA_E_1248416_0012	Interior_B	True	False	0.0	-1.2212453270876722e-12	incomplete_strict_phone_support_for_nine_point_cpps_trajectory
LA_E_1248416_0013	Boundary	True	False			official_v6_boundary_cpps_invalid_or_incomplete_support
LA_E_1248416_0013	Interior_A	True	False	0.0	-1.2212453270876722e-12	incomplete_strict_phone_support_for_nine_point_cpps_trajectory
LA_E_1248416_0013	Interior_B	True	False	-80.00000000000007	-80.0000000000013	incomplete_strict_phone_support_for_nine_point_cpps_trajectory
LA_E_1248416_0016	Boundary	True	False			official_v6_boundary_cpps_invalid_or_incomplete_support
LA_E_1248416_0016	Interior_A	True	False	0.0	5.551115123125783e-13	incomplete_strict_phone_support_for_nine_point_cpps_trajectory
LA_E_1248416_0016	Interior_B	True	True	160.00000000000014	159.99999999999716	
LA_E_1248416_0017	Boundary	True	False			official_v6_boundary_cpps_invalid_or_incomplete_support
LA_E_1248416_0017	Interior_A	True	True	160.00000000000014	159.99999999999716	
LA_E_1248416_0017	Interior_B	True	False	-79.9999999999983	-80.0000000000013	incomplete_strict_phone_support_for_nine_point_cpps_trajectory
LA_E_1248416_0018	Boundary	True	True			
LA_E_1248416_0018	Interior_A	True	False	-79.9999999999983	-80.0000000000013	incomplete_strict_phone_support_for_nine_point_cpps_trajectory
LA_E_1248416_0018	Interior_B	True	False	-80.00000000000185	-79.99999999999774	incomplete_strict_phone_support_for_nine_point_cpps_trajectory
LA_E_1248416_0019	Boundary	True	True			
LA_E_1248416_0019	Interior_A	True	False	-80.00000000000185	-79.99999999999774	incomplete_strict_phone_support_for_nine_point_cpps_trajectory
LA_E_1248416_0019	Interior_B	True	False	-160.00000000000014	-159.99999999999957	incomplete_strict_phone_support_for_nine_point_cpps_trajectory
LA_E_1248416_0024	Boundary	True	False			official_v6_boundary_cpps_invalid_or_incomplete_support
LA_E_1248416_0024	Interior_A	True	False	0.0	5.551115123125783e-13	incomplete_strict_phone_support_for_nine_point_cpps_trajectory
LA_E_1248416_0024	Interior_B	True	False	0.0	-2.9976021664879227e-12	incomplete_strict_phone_support_for_nine_point_cpps_trajectory
LA_E_1248416_0032	Boundary	True	False			official_v6_boundary_cpps_invalid_or_incomplete_support
LA_E_1248416_0032	Interior_A	True	False	0.0	5.551115123125783e-13	incomplete_strict_phone_support_for_nine_point_cpps_trajectory
LA_E_1248416_0032	Interior_B	True	False	-79.9999999999983	-80.00000000000485	incomplete_strict_phone_support_for_nine_point_cpps_trajectory
LA_E_1248416_0033	Boundary	True	False			official_v6_boundary_cpps_invalid_or_incomplete_support
LA_E_1248416_0033	Interior_A	True	False	-79.9999999999983	-80.00000000000485	incomplete_strict_phone_support_for_nine_point_cpps_trajectory
LA_E_1248416_0033	Interior_B	True	False	0.0	5.551115123125783e-13	incomplete_strict_phone_support_for_nine_point_cpps_trajectory
LA_E_1248416_0034	Boundary	True	False			official_v6_boundary_cpps_invalid_or_incomplete_support
LA_E_1248416_0034	Interior_A	True	False	0.0	5.551115123125783e-13	incomplete_strict_phone_support_for_nine_point_cpps_trajectory
LA_E_1248416_0034	Interior_B	True	False	-159.9999999999966	-160.00000000000313	incomplete_strict_phone_support_for_nine_point_cpps_trajectory
LA_E_1248416_0047	Boundary	True	False			official_v6_boundary_cpps_invalid_or_incomplete_support
LA_E_1248416_0047	Interior_A	True	False	-160.0000000000037	-159.99999999999602	incomplete_strict_phone_support_for_nine_point_cpps_trajectory
LA_E_1248416_0047	Interior_B	True	True	240.000000000002	239.99999999999545	
LA_E_1248416_0048	Boundary	True	False			official_v6_boundary_cpps_invalid_or_incomplete_support
LA_E_1248416_0048	Interior_A	True	True	240.000000000002	239.99999999999545	
LA_E_1248416_0048	Interior_B	True	False	0.0	5.551115123125783e-13	incomplete_strict_phone_support_for_nine_point_cpps_trajectory
LA_E_1248416_0051	Boundary	True	True			
LA_E_1248416_0051	Interior_A	True	False	-159.9999999999966	-160.00000000000313	incomplete_strict_phone_support_for_nine_point_cpps_trajectory
LA_E_1248416_0051	Interior_B	True	False	-159.9999999999966	-160.00000000000313	incomplete_strict_phone_support_for_nine_point_cpps_trajectory
LA_E_1248416_0052	Boundary	True	True			
LA_E_1248416_0052	Interior_A	True	False	-159.9999999999966	-160.00000000000313	incomplete_strict_phone_support_for_nine_point_cpps_trajectory
LA_E_1248416_0052	Interior_B	True	False	-159.9999999999966	-160.00000000000313	incomplete_strict_phone_support_for_nine_point_cpps_trajectory
LA_E_1248416_0053	Boundary	True	False			official_v6_boundary_cpps_invalid_or_incomplete_support
LA_E_1248416_0053	Interior_A	True	False	-159.9999999999966	-160.00000000000313	incomplete_strict_phone_support_for_nine_point_cpps_trajectory
LA_E_1248416_0053	Interior_B	True	False	0.0	5.551115123125783e-13	incomplete_strict_phone_support_for_nine_point_cpps_trajectory
LA_E_1248416_0057	Boundary	True	False			official_v6_boundary_cpps_invalid_or_incomplete_support
LA_E_1248416_0057	Interior_A	True	True	79.9999999999983	79.99999999999885	
LA_E_1248416_0057	Interior_B	True	False	0.0	5.551115123125783e-13	incomplete_strict_phone_support_for_nine_point_cpps_trajectory
LA_E_1248416_0061	Boundary	True	False			official_v6_boundary_cpps_invalid_or_incomplete_support
LA_E_1248416_0061	Interior_A	True	False	-160.0000000000037	-159.99999999999602	incomplete_strict_phone_support_for_nine_point_cpps_trajectory
LA_E_1248416_0061	Interior_B	True	False	-7.105427357601002e-12	5.551115123125783e-13	incomplete_strict_phone_support_for_nine_point_cpps_trajectory
LA_E_1248416_0062	Boundary	True	False			official_v6_boundary_cpps_invalid_or_incomplete_support
LA_E_1248416_0062	Interior_A	True	False	-7.105427357601002e-12	5.551115123125783e-13	incomplete_strict_phone_support_for_nine_point_cpps_trajectory
LA_E_1248416_0062	Interior_B	True	False	-79.9999999999983	-79.99999999999774	incomplete_strict_phone_support_for_nine_point_cpps_trajectory
LA_E_1248416_0065	Boundary	True	True			
LA_E_1248416_0065	Interior_A	True	False	0.0	5.551115123125783e-13	incomplete_strict_phone_support_for_nine_point_cpps_trajectory
LA_E_1248416_0065	Interior_B	True	False	-79.9999999999983	-79.99999999999774	incomplete_strict_phone_support_for_nine_point_cpps_trajectory
LA_E_1248661_0000	Boundary	True	True			
LA_E_1248661_0000	Interior_A	True	False	-79.99999999999996	-79.99999999999996	incomplete_strict_phone_support_for_nine_point_cpps_trajectory
LA_E_1248661_0000	Interior_B	True	False	-80.00000000000007	-79.99999999999996	incomplete_strict_phone_support_for_nine_point_cpps_trajectory
LA_E_1248661_0001	Boundary	True	True			
LA_E_1248661_0001	Interior_A	True	False	-80.00000000000007	-79.99999999999996	incomplete_strict_phone_support_for_nine_point_cpps_trajectory
LA_E_1248661_0001	Interior_B	True	True	639.9999999999997	640.0000000000002	
LA_E_1248661_0027	Boundary	True	True			
LA_E_1248661_0027	Interior_A	True	False	-160.00000000000014	-159.99999999999957	incomplete_strict_phone_support_for_nine_point_cpps_trajectory
LA_E_1248661_0027	Interior_B	True	False	-79.9999999999983	-80.0000000000013	incomplete_strict_phone_support_for_nine_point_cpps_trajectory
LA_E_1253088_0004	Boundary	True	False			official_v6_boundary_cpps_invalid_or_incomplete_support
LA_E_1253088_0004	Interior_A	True	False	4.440892098500626e-13	-3.3306690738754696e-13	incomplete_strict_phone_support_for_nine_point_cpps_trajectory
LA_E_1253088_0004	Interior_B	True	True	160.00000000000014	159.9999999999998	
LA_E_1253088_0012	Boundary	True	False			official_v6_boundary_cpps_invalid_or_incomplete_support
LA_E_1253088_0012	Interior_A	True	False	0.0	5.551115123125783e-13	incomplete_strict_phone_support_for_nine_point_cpps_trajectory
LA_E_1253088_0012	Interior_B	True	False	0.0	-1.2212453270876722e-12	incomplete_strict_phone_support_for_nine_point_cpps_trajectory
LA_E_1253088_0016	Boundary	True	False			official_v6_boundary_cpps_invalid_or_incomplete_support
LA_E_1253088_0016	Interior_A	True	False	-80.00000000000185	-80.0000000000013	incomplete_strict_phone_support_for_nine_point_cpps_trajectory
LA_E_1253088_0016	Interior_B	True	True	160.00000000000014	160.0000000000007	
LA_E_1253088_0030	Boundary	True	False			official_v6_boundary_cpps_invalid_or_incomplete_support
LA_E_1253088_0030	Interior_A	True	False	-160.00000000000014	-160.00000000000313	incomplete_strict_phone_support_for_nine_point_cpps_trajectory
LA_E_1253088_0030	Interior_B	True	False	-79.9999999999983	-80.0000000000013	incomplete_strict_phone_support_for_nine_point_cpps_trajectory
LA_E_1253088_0037	Boundary	True	False			official_v6_boundary_cpps_invalid_or_incomplete_support
LA_E_1253088_0037	Interior_A	True	False	-79.9999999999983	-79.99999999999774	incomplete_strict_phone_support_for_nine_point_cpps_trajectory
LA_E_1253088_0037	Interior_B	True	False	-160.0000000000037	-159.99999999999602	incomplete_strict_phone_support_for_nine_point_cpps_trajectory
LA_E_1253088_0048	Boundary	True	False			official_v6_boundary_cpps_invalid_or_incomplete_support
LA_E_1253088_0048	Interior_A	True	True	240.000000000002	239.99999999999545	
LA_E_1253088_0048	Interior_B	True	True	320.0000000000003	320.00000000000085	
LA_E_1253324_0009	Boundary	True	True			
LA_E_1253324_0009	Interior_A	True	False	-80.00000000000185	-79.99999999999952	incomplete_strict_phone_support_for_nine_point_cpps_trajectory
LA_E_1253324_0009	Interior_B	True	True	319.9999999999985	320.00000000000085	
LA_E_1253324_0020	Boundary	True	True			
LA_E_1253324_0020	Interior_A	True	False	0.0	5.551115123125783e-13	incomplete_strict_phone_support_for_nine_point_cpps_trajectory
LA_E_1253324_0020	Interior_B	True	False	-80.00000000000185	-79.99999999999774	incomplete_strict_phone_support_for_nine_point_cpps_trajectory
LA_E_1253324_0021	Boundary	True	False			official_v6_boundary_cpps_invalid_or_incomplete_support
LA_E_1253324_0021	Interior_A	True	False	-80.00000000000185	-79.99999999999774	incomplete_strict_phone_support_for_nine_point_cpps_trajectory
LA_E_1253324_0021	Interior_B	True	True	79.9999999999983	79.99999999999885	
LA_E_1253324_0022	Boundary	True	False			official_v6_boundary_cpps_invalid_or_incomplete_support
LA_E_1253324_0022	Interior_A	True	True	79.9999999999983	79.99999999999885	
LA_E_1253324_0022	Interior_B	True	False	0.0	5.551115123125783e-13	incomplete_strict_phone_support_for_nine_point_cpps_trajectory
LA_E_1253324_0023	Boundary	True	False			official_v6_boundary_cpps_invalid_or_incomplete_support
LA_E_1253324_0023	Interior_A	True	False	0.0	5.551115123125783e-13	incomplete_strict_phone_support_for_nine_point_cpps_trajectory
LA_E_1253324_0023	Interior_B	True	True	79.9999999999983	80.0000000000024	
LA_E_1253324_0030	Boundary	True	False			official_v6_boundary_cpps_invalid_or_incomplete_support
LA_E_1253324_0030	Interior_A	True	True	160.00000000000014	159.99999999999716	
LA_E_1253324_0030	Interior_B	True	True	160.00000000000014	159.99999999999716	
LA_E_1253324_0034	Boundary	True	True			
LA_E_1253324_0034	Interior_A	True	False	-79.9999999999983	-79.99999999999774	incomplete_strict_phone_support_for_nine_point_cpps_trajectory
LA_E_1253324_0034	Interior_B	True	False	-159.9999999999966	-160.00000000000313	incomplete_strict_phone_support_for_nine_point_cpps_trajectory
LA_E_1253324_0037	Boundary	True	False			official_v6_boundary_cpps_invalid_or_incomplete_support
LA_E_1253324_0037	Interior_A	True	False	-160.0000000000037	-159.99999999999602	incomplete_strict_phone_support_for_nine_point_cpps_trajectory
LA_E_1253324_0037	Interior_B	True	True	239.99999999999488	240.00000000000256	
LA_E_1253324_0040	Boundary	True	False			official_v6_boundary_cpps_invalid_or_incomplete_support
LA_E_1253324_0040	Interior_A	True	False	-80.0000000000054	-79.99999999999774	incomplete_strict_phone_support_for_nine_point_cpps_trajectory
LA_E_1253324_0040	Interior_B	True	False	-79.9999999999983	-80.00000000000485	incomplete_strict_phone_support_for_nine_point_cpps_trajectory
LA_E_1254180_0000	Boundary	True	False			official_v6_boundary_cpps_invalid_or_incomplete_support
LA_E_1254180_0000	Interior_A	True	False	-79.99999999999996	-79.99999999999996	incomplete_strict_phone_support_for_nine_point_cpps_trajectory
LA_E_1254180_0000	Interior_B	True	True	239.99999999999977	239.9999999999999	
LA_E_1254180_0005	Boundary	True	True			
LA_E_1254180_0005	Interior_A	True	True	240.00000000000023	239.9999999999999	
LA_E_1254180_0005	Interior_B	True	False	-80.00000000000097	-79.99999999999952	incomplete_strict_phone_support_for_nine_point_cpps_trajectory
LA_E_1254180_0006	Boundary	True	True			
LA_E_1254180_0006	Interior_A	True	False	-80.00000000000097	-79.99999999999952	incomplete_strict_phone_support_for_nine_point_cpps_trajectory
LA_E_1254180_0006	Interior_B	True	False	-80.00000000000007	-79.99999999999952	incomplete_strict_phone_support_for_nine_point_cpps_trajectory
LA_E_1254180_0009	Boundary	True	True			
LA_E_1254180_0009	Interior_A	True	False	-80.00000000000007	-80.0000000000013	incomplete_strict_phone_support_for_nine_point_cpps_trajectory
LA_E_1254180_0009	Interior_B	True	False	-80.00000000000007	-79.99999999999952	incomplete_strict_phone_support_for_nine_point_cpps_trajectory
LA_E_1254180_0014	Boundary	True	True			
LA_E_1254180_0014	Interior_A	True	False	-80.00000000000185	-79.99999999999774	incomplete_strict_phone_support_for_nine_point_cpps_trajectory
LA_E_1254180_0014	Interior_B	True	False	-79.9999999999983	-80.0000000000013	incomplete_strict_phone_support_for_nine_point_cpps_trajectory
LA_E_1254180_0023	Boundary	True	False			official_v6_boundary_cpps_invalid_or_incomplete_support
LA_E_1254180_0023	Interior_A	True	True	79.9999999999983	80.0000000000024	
LA_E_1254180_0023	Interior_B	True	True	79.9999999999983	79.99999999999885	
LA_E_1254180_0024	Boundary	True	True			
LA_E_1254180_0024	Interior_A	True	True	79.9999999999983	79.99999999999885	
LA_E_1254180_0024	Interior_B	True	False	-160.00000000000014	-159.99999999999957	incomplete_strict_phone_support_for_nine_point_cpps_trajectory
LA_E_1254180_0025	Boundary	True	False			official_v6_boundary_cpps_invalid_or_incomplete_support
LA_E_1254180_0025	Interior_A	True	False	-160.00000000000014	-159.99999999999957	incomplete_strict_phone_support_for_nine_point_cpps_trajectory
LA_E_1254180_0025	Interior_B	True	False	-80.00000000000185	-79.99999999999774	incomplete_strict_phone_support_for_nine_point_cpps_trajectory
LA_E_1254180_0035	Boundary	True	False			official_v6_boundary_cpps_invalid_or_incomplete_support
LA_E_1254180_0035	Interior_A	True	False	-79.9999999999983	-80.00000000000485	incomplete_strict_phone_support_for_nine_point_cpps_trajectory
LA_E_1254180_0035	Interior_B	True	True	160.0000000000037	159.99999999999716	
LA_E_1254180_0036	Boundary	True	False			official_v6_boundary_cpps_invalid_or_incomplete_support
LA_E_1254180_0036	Interior_A	True	True	160.0000000000037	159.99999999999716	
LA_E_1254180_0036	Interior_B	True	True	160.0000000000037	159.99999999999716	
LA_E_1254180_0037	Boundary	True	True			
LA_E_1254180_0037	Interior_A	True	True	160.0000000000037	159.99999999999716	
LA_E_1254180_0037	Interior_B	True	False	-160.0000000000037	-159.99999999999602	incomplete_strict_phone_support_for_nine_point_cpps_trajectory
LA_E_1254180_0042	Boundary	True	True			
LA_E_1254180_0042	Interior_A	True	False	-79.9999999999983	-80.00000000000485	incomplete_strict_phone_support_for_nine_point_cpps_trajectory
LA_E_1254180_0042	Interior_B	True	False	-159.9999999999966	-160.00000000000313	incomplete_strict_phone_support_for_nine_point_cpps_trajectory
LA_E_1254180_0060	Boundary	True	False			official_v6_boundary_cpps_invalid_or_incomplete_support
LA_E_1254180_0060	Interior_A	True	False	-79.9999999999983	-80.00000000000485	incomplete_strict_phone_support_for_nine_point_cpps_trajectory
LA_E_1254180_0060	Interior_B	True	False	-159.9999999999966	-160.00000000000313	incomplete_strict_phone_support_for_nine_point_cpps_trajectory
LA_E_1254180_0061	Boundary	True	False			official_v6_boundary_cpps_invalid_or_incomplete_support
LA_E_1254180_0061	Interior_A	True	False	-159.9999999999966	-160.00000000000313	incomplete_strict_phone_support_for_nine_point_cpps_trajectory
LA_E_1254180_0061	Interior_B	True	False	-79.9999999999983	-79.99999999999774	incomplete_strict_phone_support_for_nine_point_cpps_trajectory
LA_E_1254180_0062	Boundary	True	True			
LA_E_1254180_0062	Interior_A	True	False	-79.9999999999983	-79.99999999999774	incomplete_strict_phone_support_for_nine_point_cpps_trajectory
LA_E_1254180_0062	Interior_B	True	False	-160.0000000000037	-159.99999999999602	incomplete_strict_phone_support_for_nine_point_cpps_trajectory
LA_E_1254180_0069	Boundary	True	False			official_v6_boundary_cpps_invalid_or_incomplete_support
LA_E_1254180_0069	Interior_A	True	False	0.0	-1.3655743202889425e-11	incomplete_strict_phone_support_for_nine_point_cpps_trajectory
LA_E_1254180_0069	Interior_B	True	True	400.0000000000057	400.00000000000625	
LA_E_1254180_0073	Boundary	True	True			
LA_E_1254180_0073	Interior_A	True	False	-1.4210854715202004e-11	5.551115123125783e-13	incomplete_strict_phone_support_for_nine_point_cpps_trajectory
LA_E_1254180_0073	Interior_B	True	True	159.9999999999966	160.00000000001137	
LA_E_1254180_0074	Boundary	True	True			
LA_E_1254180_0074	Interior_A	True	True	159.9999999999966	160.00000000001137	
LA_E_1254180_0074	Interior_B	True	True	480.000000000004	479.99999999999034	
LA_E_1254845_0009	Boundary	True	True			
LA_E_1254845_0009	Interior_A	True	False	-160.00000000000014	-159.99999999999957	incomplete_strict_phone_support_for_nine_point_cpps_trajectory
LA_E_1254845_0009	Interior_B	True	True	559.9999999999987	560.000000000001	
LA_E_1254845_0012	Boundary	True	False			official_v6_boundary_cpps_invalid_or_incomplete_support
LA_E_1254845_0012	Interior_A	True	True	160.00000000000014	160.0000000000007	
LA_E_1254845_0012	Interior_B	True	False	0.0	-2.9976021664879227e-12	incomplete_strict_phone_support_for_nine_point_cpps_trajectory
LA_E_1254845_0013	Boundary	True	False			official_v6_boundary_cpps_invalid_or_incomplete_support
LA_E_1254845_0013	Interior_A	True	False	0.0	-2.9976021664879227e-12	incomplete_strict_phone_support_for_nine_point_cpps_trajectory
LA_E_1254845_0013	Interior_B	True	True	79.9999999999983	80.0000000000024	
LA_E_1254845_0014	Boundary	True	False			official_v6_boundary_cpps_invalid_or_incomplete_support
LA_E_1254845_0014	Interior_A	True	True	79.9999999999983	80.0000000000024	
LA_E_1254845_0014	Interior_B	True	False	-80.00000000000185	-79.99999999999774	incomplete_strict_phone_support_for_nine_point_cpps_trajectory
LA_E_1254845_0018	Boundary	True	True			
LA_E_1254845_0018	Interior_A	True	False	-79.9999999999983	-80.0000000000013	incomplete_strict_phone_support_for_nine_point_cpps_trajectory
LA_E_1254845_0018	Interior_B	True	False	-79.9999999999983	-80.0000000000013	incomplete_strict_phone_support_for_nine_point_cpps_trajectory
LA_E_1254845_0022	Boundary	True	False			official_v6_boundary_cpps_invalid_or_incomplete_support
LA_E_1254845_0022	Interior_A	True	False	0.0	5.551115123125783e-13	incomplete_strict_phone_support_for_nine_point_cpps_trajectory
LA_E_1254845_0022	Interior_B	True	False	0.0	5.551115123125783e-13	incomplete_strict_phone_support_for_nine_point_cpps_trajectory
LA_E_1254845_0029	Boundary	True	False			official_v6_boundary_cpps_invalid_or_incomplete_support
LA_E_1254845_0029	Interior_A	True	True	79.9999999999983	80.00000000000595	
LA_E_1254845_0029	Interior_B	True	False	-160.0000000000037	-159.99999999999602	incomplete_strict_phone_support_for_nine_point_cpps_trajectory
LA_E_1254845_0030	Boundary	True	True			
LA_E_1254845_0030	Interior_A	True	False	-160.0000000000037	-159.99999999999602	incomplete_strict_phone_support_for_nine_point_cpps_trajectory
LA_E_1254845_0030	Interior_B	True	True	159.9999999999966	159.99999999999716	
LA_E_1254845_0031	Boundary	True	True			
LA_E_1254845_0031	Interior_A	True	True	159.9999999999966	159.99999999999716	
LA_E_1254845_0031	Interior_B	True	False	-79.9999999999983	-79.99999999999774	incomplete_strict_phone_support_for_nine_point_cpps_trajectory
LA_E_1254845_0032	Boundary	True	True			
LA_E_1254845_0032	Interior_A	True	False	-79.9999999999983	-79.99999999999774	incomplete_strict_phone_support_for_nine_point_cpps_trajectory
LA_E_1254845_0032	Interior_B	True	True	79.9999999999983	79.99999999999885	
LA_E_1254845_0039	Boundary	True	True			
LA_E_1254845_0039	Interior_A	True	False	-79.9999999999983	-79.99999999999774	incomplete_strict_phone_support_for_nine_point_cpps_trajectory
LA_E_1254845_0039	Interior_B	True	False	0.0	5.551115123125783e-13	incomplete_strict_phone_support_for_nine_point_cpps_trajectory
LA_E_1254845_0040	Boundary	True	True			
LA_E_1254845_0040	Interior_A	True	False	0.0	5.551115123125783e-13	incomplete_strict_phone_support_for_nine_point_cpps_trajectory
LA_E_1254845_0040	Interior_B	True	False	0.0	-6.5503158452884236e-12	incomplete_strict_phone_support_for_nine_point_cpps_trajectory
LA_E_1254845_0041	Boundary	True	True			
LA_E_1254845_0041	Interior_A	True	False	0.0	-6.5503158452884236e-12	incomplete_strict_phone_support_for_nine_point_cpps_trajectory
LA_E_1254845_0041	Interior_B	True	True	80.0000000000054	79.99999999999885	
LA_E_1254845_0044	Boundary	True	False			official_v6_boundary_cpps_invalid_or_incomplete_support
LA_E_1254845_0044	Interior_A	True	True	240.000000000002	239.99999999999545	
LA_E_1254845_0044	Interior_B	True	False	-79.9999999999983	-80.00000000000485	incomplete_strict_phone_support_for_nine_point_cpps_trajectory
LA_E_1254845_0045	Boundary	True	False			official_v6_boundary_cpps_invalid_or_incomplete_support
LA_E_1254845_0045	Interior_A	True	False	-79.9999999999983	-80.00000000000485	incomplete_strict_phone_support_for_nine_point_cpps_trajectory
LA_E_1254845_0045	Interior_B	True	False	-159.9999999999966	-160.00000000000313	incomplete_strict_phone_support_for_nine_point_cpps_trajectory
LA_E_1254845_0048	Boundary	True	False			official_v6_boundary_cpps_invalid_or_incomplete_support
LA_E_1254845_0048	Interior_A	True	True	159.9999999999966	159.99999999999716	
LA_E_1254845_0048	Interior_B	True	False	-159.9999999999966	-160.00000000000313	incomplete_strict_phone_support_for_nine_point_cpps_trajectory
LA_E_1254845_0054	Boundary	True	False			official_v6_boundary_cpps_invalid_or_incomplete_support
LA_E_1254845_0054	Interior_A	True	False	-79.9999999999983	-80.00000000000485	incomplete_strict_phone_support_for_nine_point_cpps_trajectory
LA_E_1254845_0054	Interior_B	True	False	-79.9999999999983	-79.99999999999774	incomplete_strict_phone_support_for_nine_point_cpps_trajectory
LA_E_1254845_0055	Boundary	True	False			official_v6_boundary_cpps_invalid_or_incomplete_support
LA_E_1254845_0055	Interior_A	True	False	-79.9999999999983	-79.99999999999774	incomplete_strict_phone_support_for_nine_point_cpps_trajectory
LA_E_1254845_0055	Interior_B	True	True	79.9999999999983	79.99999999999885	
LA_E_1254845_0056	Boundary	True	False			official_v6_boundary_cpps_invalid_or_incomplete_support
LA_E_1254845_0056	Interior_A	True	True	79.9999999999983	79.99999999999885	
LA_E_1254845_0056	Interior_B	True	False	-159.9999999999966	-160.00000000001023	incomplete_strict_phone_support_for_nine_point_cpps_trajectory
LA_E_1254845_0057	Boundary	True	True			
LA_E_1254845_0057	Interior_A	True	False	-159.9999999999966	-160.00000000001023	incomplete_strict_phone_support_for_nine_point_cpps_trajectory
LA_E_1254845_0057	Interior_B	True	True	400.0000000000057	400.00000000000625	
LA_E_1254845_0062	Boundary	True	False			official_v6_boundary_cpps_invalid_or_incomplete_support
LA_E_1254845_0062	Interior_A	True	False	0.0	5.551115123125783e-13	incomplete_strict_phone_support_for_nine_point_cpps_trajectory
LA_E_1254845_0062	Interior_B	True	False	0.0	5.551115123125783e-13	incomplete_strict_phone_support_for_nine_point_cpps_trajectory
LA_E_1254845_0063	Boundary	True	True			
LA_E_1254845_0063	Interior_A	True	False	0.0	5.551115123125783e-13	incomplete_strict_phone_support_for_nine_point_cpps_trajectory
LA_E_1254845_0063	Interior_B	True	False	-159.9999999999966	-160.00000000001023	incomplete_strict_phone_support_for_nine_point_cpps_trajectory
LA_E_1254845_0070	Boundary	True	True			
LA_E_1254845_0070	Interior_A	True	False	-159.9999999999966	-160.00000000001023	incomplete_strict_phone_support_for_nine_point_cpps_trajectory
LA_E_1254845_0070	Interior_B	True	True	159.9999999999966	159.99999999999716	
LA_E_1254845_0071	Boundary	True	False			official_v6_boundary_cpps_invalid_or_incomplete_support
LA_E_1254845_0071	Interior_A	True	True	159.9999999999966	159.99999999999716	
LA_E_1254845_0071	Interior_B	True	False	-159.9999999999966	-159.99999999999602	incomplete_strict_phone_support_for_nine_point_cpps_trajectory
LA_E_1254845_0077	Boundary	True	False			official_v6_boundary_cpps_invalid_or_incomplete_support
LA_E_1254845_0077	Interior_A	True	False	0.0	5.551115123125783e-13	incomplete_strict_phone_support_for_nine_point_cpps_trajectory
LA_E_1254845_0077	Interior_B	True	True	799.9999999999972	799.9999999999977	
LA_E_1255192_0009	Boundary	True	False			official_v6_boundary_cpps_invalid_or_incomplete_support
LA_E_1255192_0009	Interior_A	True	False	-80.00000000000007	-79.99999999999952	incomplete_strict_phone_support_for_nine_point_cpps_trajectory
LA_E_1255192_0009	Interior_B	True	False	0.0	-1.2212453270876722e-12	incomplete_strict_phone_support_for_nine_point_cpps_trajectory
LA_E_1255192_0010	Boundary	True	True			
LA_E_1255192_0010	Interior_A	True	False	0.0	-1.2212453270876722e-12	incomplete_strict_phone_support_for_nine_point_cpps_trajectory
LA_E_1255192_0010	Interior_B	True	False	-160.00000000000014	-159.99999999999957	incomplete_strict_phone_support_for_nine_point_cpps_trajectory
LA_E_1255192_0011	Boundary	True	False			official_v6_boundary_cpps_invalid_or_incomplete_support
LA_E_1255192_0011	Interior_A	True	False	-160.00000000000014	-159.99999999999957	incomplete_strict_phone_support_for_nine_point_cpps_trajectory
LA_E_1255192_0011	Interior_B	True	True	240.00000000000023	239.999999999999	
LA_E_1255192_0020	Boundary	True	True			
LA_E_1255192_0020	Interior_A	True	False	-160.00000000000014	-159.99999999999957	incomplete_strict_phone_support_for_nine_point_cpps_trajectory
LA_E_1255192_0020	Interior_B	True	False	0.0	5.551115123125783e-13	incomplete_strict_phone_support_for_nine_point_cpps_trajectory
LA_E_1255192_0021	Boundary	True	True			
LA_E_1255192_0021	Interior_A	True	False	0.0	5.551115123125783e-13	incomplete_strict_phone_support_for_nine_point_cpps_trajectory
LA_E_1255192_0021	Interior_B	True	False	-160.00000000000014	-159.99999999999957	incomplete_strict_phone_support_for_nine_point_cpps_trajectory
LA_E_1255192_0022	Boundary	True	True			
LA_E_1255192_0022	Interior_A	True	False	-160.00000000000014	-159.99999999999957	incomplete_strict_phone_support_for_nine_point_cpps_trajectory
LA_E_1255192_0022	Interior_B	True	True	159.9999999999966	160.0000000000007	
LA_E_1255192_0023	Boundary	True	True			
LA_E_1255192_0023	Interior_A	True	True	159.9999999999966	160.0000000000007	
LA_E_1255192_0023	Interior_B	True	False	0.0	5.551115123125783e-13	incomplete_strict_phone_support_for_nine_point_cpps_trajectory
LA_E_1255192_0024	Boundary	True	True			
LA_E_1255192_0024	Interior_A	True	False	0.0	5.551115123125783e-13	incomplete_strict_phone_support_for_nine_point_cpps_trajectory
LA_E_1255192_0024	Interior_B	True	False	0.0	-2.9976021664879227e-12	incomplete_strict_phone_support_for_nine_point_cpps_trajectory
LA_E_1255192_0025	Boundary	True	True			
LA_E_1255192_0025	Interior_A	True	False	0.0	-2.9976021664879227e-12	incomplete_strict_phone_support_for_nine_point_cpps_trajectory
LA_E_1255192_0025	Interior_B	True	True	79.9999999999983	80.0000000000024	
LA_E_1255192_0026	Boundary	True	False			official_v6_boundary_cpps_invalid_or_incomplete_support
LA_E_1255192_0026	Interior_A	True	True	79.9999999999983	80.0000000000024	
LA_E_1255192_0026	Interior_B	True	True	239.99999999999844	240.00000000000256	
LA_E_1255192_0027	Boundary	True	False			official_v6_boundary_cpps_invalid_or_incomplete_support
LA_E_1255192_0027	Interior_A	True	True	239.99999999999844	240.00000000000256	
LA_E_1255192_0027	Interior_B	True	True	239.99999999999844	239.999999999999	
LA_E_1255192_0028	Boundary	True	False			official_v6_boundary_cpps_invalid_or_incomplete_support
LA_E_1255192_0028	Interior_A	True	True	239.99999999999844	239.999999999999	
LA_E_1255192_0028	Interior_B	True	True	1039.999999999999	1039.9999999999995	
LA_E_1255269_0004	Boundary	True	False			official_v6_boundary_cpps_invalid_or_incomplete_support
LA_E_1255269_0004	Interior_A	True	True	80.00000000000007	79.99999999999974	
LA_E_1255269_0004	Interior_B	True	False	-80.00000000000007	-79.99999999999952	incomplete_strict_phone_support_for_nine_point_cpps_trajectory
LA_E_1255269_0007	Boundary	True	True			
LA_E_1255269_0007	Interior_A	True	True	160.00000000000014	160.0000000000007	
LA_E_1255269_0007	Interior_B	True	False	0.0	-1.2212453270876722e-12	incomplete_strict_phone_support_for_nine_point_cpps_trajectory
LA_E_1255269_0011	Boundary	True	True			
LA_E_1255269_0011	Interior_A	True	True	320.0000000000003	319.9999999999991	
LA_E_1255269_0011	Interior_B	True	True	640.0000000000006	639.9999999999993	
LA_E_1255435_0007	Boundary	True	True			
LA_E_1255435_0007	Interior_A	True	True	79.99999999999918	80.00000000000063	
LA_E_1255435_0007	Interior_B	True	False	0.0	5.551115123125783e-13	incomplete_strict_phone_support_for_nine_point_cpps_trajectory
LA_E_1255435_0011	Boundary	True	True			
LA_E_1255435_0011	Interior_A	True	False	-80.00000000000007	-79.99999999999952	incomplete_strict_phone_support_for_nine_point_cpps_trajectory
LA_E_1255435_0011	Interior_B	True	False	-160.00000000000014	-160.00000000000136	incomplete_strict_phone_support_for_nine_point_cpps_trajectory
LA_E_1255435_0013	Boundary	True	True			
LA_E_1255435_0013	Interior_A	True	False	-80.00000000000007	-79.99999999999952	incomplete_strict_phone_support_for_nine_point_cpps_trajectory
LA_E_1255435_0013	Interior_B	True	False	-1.7763568394002505e-12	5.551115123125783e-13	incomplete_strict_phone_support_for_nine_point_cpps_trajectory
LA_E_1255435_0014	Boundary	True	True			
LA_E_1255435_0014	Interior_A	True	False	-1.7763568394002505e-12	5.551115123125783e-13	incomplete_strict_phone_support_for_nine_point_cpps_trajectory
LA_E_1255435_0014	Interior_B	True	False	-80.00000000000185	-79.99999999999774	incomplete_strict_phone_support_for_nine_point_cpps_trajectory
LA_E_1255435_0015	Boundary	True	True			
LA_E_1255435_0015	Interior_A	True	False	-80.00000000000185	-79.99999999999774	incomplete_strict_phone_support_for_nine_point_cpps_trajectory
LA_E_1255435_0015	Interior_B	True	False	-80.00000000000185	-80.0000000000013	incomplete_strict_phone_support_for_nine_point_cpps_trajectory
LA_E_1255435_0016	Boundary	True	False			official_v6_boundary_cpps_invalid_or_incomplete_support
LA_E_1255435_0016	Interior_A	True	False	-80.00000000000185	-80.0000000000013	incomplete_strict_phone_support_for_nine_point_cpps_trajectory
LA_E_1255435_0016	Interior_B	True	True	79.9999999999983	80.0000000000024	
LA_E_1255435_0017	Boundary	True	False			official_v6_boundary_cpps_invalid_or_incomplete_support
LA_E_1255435_0017	Interior_A	True	True	79.9999999999983	80.0000000000024	
LA_E_1255435_0017	Interior_B	True	False	0.0	5.551115123125783e-13	incomplete_strict_phone_support_for_nine_point_cpps_trajectory
LA_E_1255435_0018	Boundary	True	True			
LA_E_1255435_0018	Interior_A	True	False	0.0	5.551115123125783e-13	incomplete_strict_phone_support_for_nine_point_cpps_trajectory
LA_E_1255435_0018	Interior_B	True	True	399.9999999999986	399.99999999999915	
LA_E_1258149_0001	Boundary	True	True			
LA_E_1258149_0001	Interior_A	True	False	-79.99999999999984	-80.00000000000018	incomplete_strict_phone_support_for_nine_point_cpps_trajectory
LA_E_1258149_0001	Interior_B	True	True	160.00000000000014	159.9999999999998	
LA_E_1258149_0002	Boundary	True	True			
LA_E_1258149_0002	Interior_A	True	True	160.00000000000014	159.9999999999998	
LA_E_1258149_0002	Interior_B	True	True	480.00000000000045	480.0000000000001	
LA_E_1258149_0008	Boundary	True	False			official_v6_boundary_cpps_invalid_or_incomplete_support
LA_E_1258149_0008	Interior_A	True	False	0.0	-1.2212453270876722e-12	incomplete_strict_phone_support_for_nine_point_cpps_trajectory
LA_E_1258149_0008	Interior_B	True	True	479.99999999999864	480.00000000000097	
LA_E_1258149_0009	Boundary	True	True			
LA_E_1258149_0009	Interior_A	True	True	479.99999999999864	480.00000000000097	
LA_E_1258149_0009	Interior_B	True	False	-80.00000000000185	-79.99999999999952	incomplete_strict_phone_support_for_nine_point_cpps_trajectory
LA_E_1258149_0015	Boundary	True	True			
LA_E_1258149_0015	Interior_A	True	True	79.9999999999983	79.99999999999885	
LA_E_1258149_0015	Interior_B	True	False	0.0	5.551115123125783e-13	incomplete_strict_phone_support_for_nine_point_cpps_trajectory
LA_E_1258149_0023	Boundary	True	True			
LA_E_1258149_0023	Interior_A	True	True	79.9999999999983	79.99999999999885	
LA_E_1258149_0023	Interior_B	True	False	0.0	5.551115123125783e-13	incomplete_strict_phone_support_for_nine_point_cpps_trajectory
LA_E_1258149_0024	Boundary	True	False			official_v6_boundary_cpps_invalid_or_incomplete_support
LA_E_1258149_0024	Interior_A	True	False	0.0	5.551115123125783e-13	incomplete_strict_phone_support_for_nine_point_cpps_trajectory
LA_E_1258149_0024	Interior_B	True	True	79.9999999999983	79.99999999999885	
LA_E_1258149_0025	Boundary	True	False			official_v6_boundary_cpps_invalid_or_incomplete_support
LA_E_1258149_0025	Interior_A	True	True	79.9999999999983	79.99999999999885	
LA_E_1258149_0025	Interior_B	True	False	-79.9999999999983	-79.99999999999774	incomplete_strict_phone_support_for_nine_point_cpps_trajectory
LA_E_1258149_0026	Boundary	True	False			official_v6_boundary_cpps_invalid_or_incomplete_support
LA_E_1258149_0026	Interior_A	True	False	-79.9999999999983	-79.99999999999774	incomplete_strict_phone_support_for_nine_point_cpps_trajectory
LA_E_1258149_0026	Interior_B	True	True	79.9999999999983	79.99999999999885	
LA_E_1258149_0027	Boundary	True	True			
LA_E_1258149_0027	Interior_A	True	True	79.9999999999983	79.99999999999885	
LA_E_1258149_0027	Interior_B	True	True	79.9999999999983	79.99999999999885	
LA_E_1258149_0028	Boundary	True	True			
LA_E_1258149_0028	Interior_A	True	True	79.9999999999983	79.99999999999885	
LA_E_1258149_0028	Interior_B	True	True	480.000000000004	479.99999999999744	
LA_E_1258149_0033	Boundary	True	False			official_v6_boundary_cpps_invalid_or_incomplete_support
LA_E_1258149_0033	Interior_A	True	False	-79.9999999999983	-80.00000000000485	incomplete_strict_phone_support_for_nine_point_cpps_trajectory
LA_E_1258149_0033	Interior_B	True	False	0.0	5.551115123125783e-13	incomplete_strict_phone_support_for_nine_point_cpps_trajectory
LA_E_1258149_0034	Boundary	True	False			official_v6_boundary_cpps_invalid_or_incomplete_support
LA_E_1258149_0034	Interior_A	True	False	0.0	5.551115123125783e-13	incomplete_strict_phone_support_for_nine_point_cpps_trajectory
LA_E_1258149_0034	Interior_B	True	True	320.0000000000003	320.00000000000085	
LA_E_1258149_0035	Boundary	True	True			
LA_E_1258149_0035	Interior_A	True	True	320.0000000000003	320.00000000000085	
LA_E_1258149_0035	Interior_B	True	False	-160.0000000000037	-159.99999999999602	incomplete_strict_phone_support_for_nine_point_cpps_trajectory
LA_E_1258149_0043	Boundary	True	False			official_v6_boundary_cpps_invalid_or_incomplete_support
LA_E_1258149_0043	Interior_A	True	False	-160.0000000000037	-159.99999999999602	incomplete_strict_phone_support_for_nine_point_cpps_trajectory
LA_E_1258149_0043	Interior_B	True	True	159.9999999999966	159.99999999999716	
LA_E_1258149_0044	Boundary	True	False			official_v6_boundary_cpps_invalid_or_incomplete_support
LA_E_1258149_0044	Interior_A	True	True	159.9999999999966	159.99999999999716	
LA_E_1258149_0044	Interior_B	True	False	-159.9999999999966	-160.00000000000313	incomplete_strict_phone_support_for_nine_point_cpps_trajectory
LA_E_1258149_0045	Boundary	True	True			
LA_E_1258149_0045	Interior_A	True	False	-159.9999999999966	-160.00000000000313	incomplete_strict_phone_support_for_nine_point_cpps_trajectory
LA_E_1258149_0045	Interior_B	True	False	0.0	5.551115123125783e-13	incomplete_strict_phone_support_for_nine_point_cpps_trajectory
LA_E_1258149_0048	Boundary	True	True			
LA_E_1258149_0048	Interior_A	True	False	-160.0000000000108	-159.99999999999602	incomplete_strict_phone_support_for_nine_point_cpps_trajectory
LA_E_1258149_0048	Interior_B	True	False	-79.9999999999983	-79.99999999999774	incomplete_strict_phone_support_for_nine_point_cpps_trajectory
LA_E_1258149_0049	Boundary	True	True			
LA_E_1258149_0049	Interior_A	True	False	-79.9999999999983	-79.99999999999774	incomplete_strict_phone_support_for_nine_point_cpps_trajectory
LA_E_1258149_0049	Interior_B	True	False	0.0	5.551115123125783e-13	incomplete_strict_phone_support_for_nine_point_cpps_trajectory
LA_E_1258149_0050	Boundary	True	True			
LA_E_1258149_0050	Interior_A	True	False	0.0	5.551115123125783e-13	incomplete_strict_phone_support_for_nine_point_cpps_trajectory
LA_E_1258149_0050	Interior_B	True	False	-80.0000000000125	-79.99999999999774	incomplete_strict_phone_support_for_nine_point_cpps_trajectory
LA_E_1258149_0055	Boundary	True	False			official_v6_boundary_cpps_invalid_or_incomplete_support
LA_E_1258149_0055	Interior_A	True	False	-159.9999999999966	-160.00000000001023	incomplete_strict_phone_support_for_nine_point_cpps_trajectory
LA_E_1258149_0055	Interior_B	True	False	-159.9999999999966	-159.99999999999602	incomplete_strict_phone_support_for_nine_point_cpps_trajectory
LA_E_1258149_0056	Boundary	True	False			official_v6_boundary_cpps_invalid_or_incomplete_support
LA_E_1258149_0056	Interior_A	True	False	-159.9999999999966	-159.99999999999602	incomplete_strict_phone_support_for_nine_point_cpps_trajectory
LA_E_1258149_0056	Interior_B	True	False	0.0	5.551115123125783e-13	incomplete_strict_phone_support_for_nine_point_cpps_trajectory
LA_E_1258149_0057	Boundary	True	False			official_v6_boundary_cpps_invalid_or_incomplete_support
LA_E_1258149_0057	Interior_A	True	False	0.0	5.551115123125783e-13	incomplete_strict_phone_support_for_nine_point_cpps_trajectory
LA_E_1258149_0057	Interior_B	True	False	0.0	5.551115123125783e-13	incomplete_strict_phone_support_for_nine_point_cpps_trajectory
LA_E_1258149_0067	Boundary	True	False			official_v6_boundary_cpps_invalid_or_incomplete_support
LA_E_1258149_0067	Interior_A	True	True	79.9999999999983	80.00000000001306	
LA_E_1258149_0067	Interior_B	True	False	0.0	-1.3655743202889425e-11	incomplete_strict_phone_support_for_nine_point_cpps_trajectory
LA_E_1258149_0068	Boundary	True	False			official_v6_boundary_cpps_invalid_or_incomplete_support
LA_E_1258149_0068	Interior_A	True	False	0.0	-1.3655743202889425e-11	incomplete_strict_phone_support_for_nine_point_cpps_trajectory
LA_E_1258149_0068	Interior_B	True	False	0.0	5.551115123125783e-13	incomplete_strict_phone_support_for_nine_point_cpps_trajectory
LA_E_1258149_0069	Boundary	True	False			official_v6_boundary_cpps_invalid_or_incomplete_support
LA_E_1258149_0069	Interior_A	True	False	0.0	5.551115123125783e-13	incomplete_strict_phone_support_for_nine_point_cpps_trajectory
LA_E_1258149_0069	Interior_B	True	False	0.0	5.551115123125783e-13	incomplete_strict_phone_support_for_nine_point_cpps_trajectory
LA_E_1258149_0072	Boundary	True	True			
LA_E_1258149_0072	Interior_A	True	False	-79.9999999999983	-79.99999999999774	incomplete_strict_phone_support_for_nine_point_cpps_trajectory
LA_E_1258149_0072	Interior_B	True	False	-159.9999999999966	-160.00000000001023	incomplete_strict_phone_support_for_nine_point_cpps_trajectory
LA_E_1258149_0073	Boundary	True	True			
LA_E_1258149_0073	Interior_A	True	False	-159.9999999999966	-160.00000000001023	incomplete_strict_phone_support_for_nine_point_cpps_trajectory
LA_E_1258149_0073	Interior_B	True	True	320.0000000000074	319.99999999999375	
LA_E_1258149_0078	Boundary	True	True			
LA_E_1258149_0078	Interior_A	True	False	0.0	5.551115123125783e-13	incomplete_strict_phone_support_for_nine_point_cpps_trajectory
LA_E_1258149_0078	Interior_B	True	False	-159.9999999999966	-159.99999999999602	incomplete_strict_phone_support_for_nine_point_cpps_trajectory
LA_E_1258149_0079	Boundary	True	True			
LA_E_1258149_0079	Interior_A	True	False	-159.9999999999966	-159.99999999999602	incomplete_strict_phone_support_for_nine_point_cpps_trajectory
LA_E_1258149_0079	Interior_B	True	False	-1.4210854715202004e-11	5.551115123125783e-13	incomplete_strict_phone_support_for_nine_point_cpps_trajectory
LA_E_1258149_0080	Boundary	True	True			
LA_E_1258149_0080	Interior_A	True	False	-1.4210854715202004e-11	5.551115123125783e-13	incomplete_strict_phone_support_for_nine_point_cpps_trajectory
LA_E_1258149_0080	Interior_B	True	False	-159.9999999999966	-159.99999999999602	incomplete_strict_phone_support_for_nine_point_cpps_trajectory
LA_E_1258149_0081	Boundary	True	True			
LA_E_1258149_0081	Interior_A	True	False	-159.9999999999966	-159.99999999999602	incomplete_strict_phone_support_for_nine_point_cpps_trajectory
LA_E_1258149_0081	Interior_B	True	False	-79.9999999999983	-79.99999999999774	incomplete_strict_phone_support_for_nine_point_cpps_trajectory
LA_E_1258149_0086	Boundary	True	False			official_v6_boundary_cpps_invalid_or_incomplete_support
LA_E_1258149_0086	Interior_A	True	True	239.99999999999488	240.00000000000966	
LA_E_1258149_0086	Interior_B	True	False	0.0	5.551115123125783e-13	incomplete_strict_phone_support_for_nine_point_cpps_trajectory
LA_E_1258149_0087	Boundary	True	False			official_v6_boundary_cpps_invalid_or_incomplete_support
LA_E_1258149_0087	Interior_A	True	False	0.0	5.551115123125783e-13	incomplete_strict_phone_support_for_nine_point_cpps_trajectory
LA_E_1258149_0087	Interior_B	True	False	-159.9999999999966	-160.00000000001023	incomplete_strict_phone_support_for_nine_point_cpps_trajectory
LA_E_1258149_0090	Boundary	True	False			official_v6_boundary_cpps_invalid_or_incomplete_support
LA_E_1258149_0090	Interior_A	True	False	0.0	5.551115123125783e-13	incomplete_strict_phone_support_for_nine_point_cpps_trajectory
LA_E_1258149_0090	Interior_B	True	False	0.0	5.551115123125783e-13	incomplete_strict_phone_support_for_nine_point_cpps_trajectory
LA_E_1258149_0091	Boundary	True	True			
LA_E_1258149_0091	Interior_A	True	False	0.0	5.551115123125783e-13	incomplete_strict_phone_support_for_nine_point_cpps_trajectory
LA_E_1258149_0091	Interior_B	True	False	-79.9999999999983	-79.99999999999774	incomplete_strict_phone_support_for_nine_point_cpps_trajectory
LA_E_1258149_0092	Boundary	True	True			
LA_E_1258149_0092	Interior_A	True	False	-79.9999999999983	-79.99999999999774	incomplete_strict_phone_support_for_nine_point_cpps_trajectory
LA_E_1258149_0092	Interior_B	True	False	-159.9999999999966	-160.00000000001023	incomplete_strict_phone_support_for_nine_point_cpps_trajectory
LA_E_1258149_0093	Boundary	True	True			
LA_E_1258149_0093	Interior_A	True	False	-159.9999999999966	-160.00000000001023	incomplete_strict_phone_support_for_nine_point_cpps_trajectory
LA_E_1258149_0093	Interior_B	True	True	79.9999999999983	79.99999999999885	
LA_E_1258149_0094	Boundary	True	True			
LA_E_1258149_0094	Interior_A	True	True	79.9999999999983	79.99999999999885	
LA_E_1258149_0094	Interior_B	True	True	640.0000000000006	640.0000000000011	
LA_E_1258928_0000	Boundary	True	True			
LA_E_1258928_0000	Interior_A	True	False	1.1102230246251565e-13	-1.1102230246251565e-13	incomplete_strict_phone_support_for_nine_point_cpps_trajectory
LA_E_1258928_0000	Interior_B	True	False	-159.99999999999991	-160.00000000000003	incomplete_strict_phone_support_for_nine_point_cpps_trajectory
LA_E_1258928_0003	Boundary	True	False			official_v6_boundary_cpps_invalid_or_incomplete_support
LA_E_1258928_0003	Interior_A	True	True	320.00000000000205	319.99999999999994	
LA_E_1258928_0003	Interior_B	True	False	-80.00000000000007	-80.0000000000004	incomplete_strict_phone_support_for_nine_point_cpps_trajectory
LA_E_1258928_0004	Boundary	True	True			
LA_E_1258928_0004	Interior_A	True	False	-80.00000000000007	-80.0000000000004	incomplete_strict_phone_support_for_nine_point_cpps_trajectory
LA_E_1258928_0004	Interior_B	True	False	-8.881784197001252e-13	1.4432899320127035e-12	incomplete_strict_phone_support_for_nine_point_cpps_trajectory
LA_E_1258928_0005	Boundary	True	True			
LA_E_1258928_0005	Interior_A	True	False	-8.881784197001252e-13	1.4432899320127035e-12	incomplete_strict_phone_support_for_nine_point_cpps_trajectory
LA_E_1258928_0005	Interior_B	True	False	-79.99999999999918	-79.99999999999952	incomplete_strict_phone_support_for_nine_point_cpps_trajectory
LA_E_1258928_0006	Boundary	True	True			
LA_E_1258928_0006	Interior_A	True	False	-79.99999999999918	-79.99999999999952	incomplete_strict_phone_support_for_nine_point_cpps_trajectory
LA_E_1258928_0006	Interior_B	True	False	0.0	-1.2212453270876722e-12	incomplete_strict_phone_support_for_nine_point_cpps_trajectory
LA_E_1258928_0007	Boundary	True	True			
LA_E_1258928_0007	Interior_A	True	False	0.0	-1.2212453270876722e-12	incomplete_strict_phone_support_for_nine_point_cpps_trajectory
LA_E_1258928_0007	Interior_B	True	False	-80.00000000000007	-80.0000000000013	incomplete_strict_phone_support_for_nine_point_cpps_trajectory
LA_E_1258928_0008	Boundary	True	False			official_v6_boundary_cpps_invalid_or_incomplete_support
LA_E_1258928_0008	Interior_A	True	False	-80.00000000000007	-80.0000000000013	incomplete_strict_phone_support_for_nine_point_cpps_trajectory
LA_E_1258928_0008	Interior_B	True	True	399.9999999999986	400.0000000000009	
LA_E_1258928_0009	Boundary	True	False			official_v6_boundary_cpps_invalid_or_incomplete_support
LA_E_1258928_0009	Interior_A	True	True	399.9999999999986	400.0000000000009	
LA_E_1258928_0009	Interior_B	True	False	-80.00000000000007	-79.99999999999952	incomplete_strict_phone_support_for_nine_point_cpps_trajectory
LA_E_1258928_0011	Boundary	True	True			
LA_E_1258928_0011	Interior_A	True	False	-160.00000000000193	-159.99999999999957	incomplete_strict_phone_support_for_nine_point_cpps_trajectory
LA_E_1258928_0011	Interior_B	True	False	-80.00000000000185	-79.99999999999774	incomplete_strict_phone_support_for_nine_point_cpps_trajectory
LA_E_1258928_0012	Boundary	True	True			
LA_E_1258928_0012	Interior_A	True	False	-80.00000000000185	-79.99999999999774	incomplete_strict_phone_support_for_nine_point_cpps_trajectory
LA_E_1258928_0012	Interior_B	True	False	-160.00000000000014	-159.99999999999957	incomplete_strict_phone_support_for_nine_point_cpps_trajectory
LA_E_1258928_0015	Boundary	True	False			official_v6_boundary_cpps_invalid_or_incomplete_support
LA_E_1258928_0015	Interior_A	True	True	320.0000000000003	320.00000000000085	
LA_E_1258928_0015	Interior_B	True	False	0.0	5.551115123125783e-13	incomplete_strict_phone_support_for_nine_point_cpps_trajectory
LA_E_1258928_0018	Boundary	True	True			
LA_E_1258928_0018	Interior_A	True	True	80.00000000000185	79.99999999999885	
LA_E_1258928_0018	Interior_B	True	True	320.0000000000003	320.00000000000085	
LA_E_1259345_0002	Boundary	True	False			official_v6_boundary_cpps_invalid_or_incomplete_support
LA_E_1259345_0002	Interior_A	True	True	159.9999999999997	159.9999999999998	
LA_E_1259345_0002	Interior_B	True	False	4.440892098500626e-13	-3.3306690738754696e-13	incomplete_strict_phone_support_for_nine_point_cpps_trajectory
LA_E_1259345_0003	Boundary	True	True			
LA_E_1259345_0003	Interior_A	True	False	4.440892098500626e-13	-3.3306690738754696e-13	incomplete_strict_phone_support_for_nine_point_cpps_trajectory
LA_E_1259345_0003	Interior_B	True	True	560.0000000000005	559.9999999999993	
LA_E_1259345_0007	Boundary	True	True			
LA_E_1259345_0007	Interior_A	True	True	160.00000000000014	159.99999999999892	
LA_E_1259345_0007	Interior_B	True	True	240.00000000000023	239.999999999999	
LA_E_1259345_0008	Boundary	True	True			
LA_E_1259345_0008	Interior_A	True	True	240.00000000000023	239.999999999999	
LA_E_1259345_0008	Interior_B	True	False	0.0	-1.2212453270876722e-12	incomplete_strict_phone_support_for_nine_point_cpps_trajectory
LA_E_1260464_0000	Boundary	True	False			official_v6_boundary_cpps_invalid_or_incomplete_support
LA_E_1260464_0000	Interior_A	True	True	160.00000000000014	159.9999999999998	
LA_E_1260464_0000	Interior_B	True	True	159.9999999999997	159.9999999999998	
LA_E_1260464_0017	Boundary	True	False			official_v6_boundary_cpps_invalid_or_incomplete_support
LA_E_1260464_0017	Interior_A	True	True	79.9999999999983	79.99999999999885	
LA_E_1260464_0017	Interior_B	True	True	80.00000000000185	79.99999999999885	
LA_E_1260464_0018	Boundary	True	False			official_v6_boundary_cpps_invalid_or_incomplete_support
LA_E_1260464_0018	Interior_A	True	True	80.00000000000185	79.99999999999885	
LA_E_1260464_0018	Interior_B	True	False	0.0	5.551115123125783e-13	incomplete_strict_phone_support_for_nine_point_cpps_trajectory
LA_E_1260464_0021	Boundary	True	True			
LA_E_1260464_0021	Interior_A	True	False	-160.0000000000037	-159.99999999999957	incomplete_strict_phone_support_for_nine_point_cpps_trajectory
LA_E_1260464_0021	Interior_B	True	True	160.00000000000014	160.0000000000007	
LA_E_1260464_0022	Boundary	True	False			official_v6_boundary_cpps_invalid_or_incomplete_support
LA_E_1260464_0022	Interior_A	True	True	160.00000000000014	160.0000000000007	
LA_E_1260464_0022	Interior_B	True	False	-160.00000000000014	-159.99999999999957	incomplete_strict_phone_support_for_nine_point_cpps_trajectory
LA_E_1260464_0027	Boundary	True	False			official_v6_boundary_cpps_invalid_or_incomplete_support
LA_E_1260464_0027	Interior_A	True	False	-160.00000000000014	-159.99999999999957	incomplete_strict_phone_support_for_nine_point_cpps_trajectory
LA_E_1260464_0027	Interior_B	True	False	-80.00000000000185	-79.99999999999774	incomplete_strict_phone_support_for_nine_point_cpps_trajectory
LA_E_1260464_0028	Boundary	True	False			official_v6_boundary_cpps_invalid_or_incomplete_support
LA_E_1260464_0028	Interior_A	True	False	-80.00000000000185	-79.99999999999774	incomplete_strict_phone_support_for_nine_point_cpps_trajectory
LA_E_1260464_0028	Interior_B	True	False	-80.00000000000185	-80.0000000000013	incomplete_strict_phone_support_for_nine_point_cpps_trajectory
LA_E_1260464_0036	Boundary	True	True			
LA_E_1260464_0036	Interior_A	True	False	-159.9999999999966	-160.00000000000313	incomplete_strict_phone_support_for_nine_point_cpps_trajectory
LA_E_1260464_0036	Interior_B	True	True	159.9999999999966	160.00000000000426	
LA_E_1260464_0037	Boundary	True	False			official_v6_boundary_cpps_invalid_or_incomplete_support
LA_E_1260464_0037	Interior_A	True	True	159.9999999999966	160.00000000000426	
LA_E_1260464_0037	Interior_B	True	False	-80.0000000000054	-79.99999999999774	incomplete_strict_phone_support_for_nine_point_cpps_trajectory
LA_E_1260464_0038	Boundary	True	False			official_v6_boundary_cpps_invalid_or_incomplete_support
LA_E_1260464_0038	Interior_A	True	False	-80.0000000000054	-79.99999999999774	incomplete_strict_phone_support_for_nine_point_cpps_trajectory
LA_E_1260464_0038	Interior_B	True	False	0.0	5.551115123125783e-13	incomplete_strict_phone_support_for_nine_point_cpps_trajectory
LA_E_1260464_0039	Boundary	True	False			official_v6_boundary_cpps_invalid_or_incomplete_support
LA_E_1260464_0039	Interior_A	True	False	0.0	5.551115123125783e-13	incomplete_strict_phone_support_for_nine_point_cpps_trajectory
LA_E_1260464_0039	Interior_B	True	True	640.0000000000006	640.0000000000011	
LA_E_1260464_0040	Boundary	True	True			
LA_E_1260464_0040	Interior_A	True	True	640.0000000000006	640.0000000000011	
LA_E_1260464_0040	Interior_B	True	False	-79.9999999999983	-80.00000000000485	incomplete_strict_phone_support_for_nine_point_cpps_trajectory
LA_E_1260464_0046	Boundary	True	False			official_v6_boundary_cpps_invalid_or_incomplete_support
LA_E_1260464_0046	Interior_A	True	False	0.0	5.551115123125783e-13	incomplete_strict_phone_support_for_nine_point_cpps_trajectory
LA_E_1260464_0046	Interior_B	True	True	159.9999999999966	159.99999999999716	
LA_E_1264471_0002	Boundary	True	True			
LA_E_1264471_0002	Interior_A	True	False	0.0	5.551115123125783e-13	incomplete_strict_phone_support_for_nine_point_cpps_trajectory
LA_E_1264471_0002	Interior_B	True	True	240.00000000000023	239.9999999999999	
LA_E_1264471_0003	Boundary	True	False			official_v6_boundary_cpps_invalid_or_incomplete_support
LA_E_1264471_0003	Interior_A	True	True	240.00000000000023	239.9999999999999	
LA_E_1264471_0003	Interior_B	True	False	-80.00000000000097	-79.99999999999952	incomplete_strict_phone_support_for_nine_point_cpps_trajectory
LA_E_1264471_0004	Boundary	True	False			official_v6_boundary_cpps_invalid_or_incomplete_support
LA_E_1264471_0004	Interior_A	True	False	-80.00000000000097	-79.99999999999952	incomplete_strict_phone_support_for_nine_point_cpps_trajectory
LA_E_1264471_0004	Interior_B	True	True	240.00000000000023	240.00000000000077	
LA_E_1264471_0005	Boundary	True	True			
LA_E_1264471_0005	Interior_A	True	True	240.00000000000023	240.00000000000077	
LA_E_1264471_0005	Interior_B	True	True	80.00000000000007	79.99999999999885	
LA_E_1264471_0006	Boundary	True	True			
LA_E_1264471_0006	Interior_A	True	True	80.00000000000007	79.99999999999885	
LA_E_1264471_0006	Interior_B	True	False	-160.00000000000014	-160.00000000000136	incomplete_strict_phone_support_for_nine_point_cpps_trajectory
LA_E_1264471_0008	Boundary	True	False			official_v6_boundary_cpps_invalid_or_incomplete_support
LA_E_1264471_0008	Interior_A	True	True	160.00000000000014	160.0000000000007	
LA_E_1264471_0008	Interior_B	True	True	319.9999999999985	320.00000000000085	
LA_E_1264471_0013	Boundary	True	True			
LA_E_1264471_0013	Interior_A	True	False	-160.00000000000014	-159.99999999999957	incomplete_strict_phone_support_for_nine_point_cpps_trajectory
LA_E_1264471_0013	Interior_B	True	True	559.9999999999987	559.9999999999993	
LA_E_1264471_0014	Boundary	True	True			
LA_E_1264471_0014	Interior_A	True	True	559.9999999999987	559.9999999999993	
LA_E_1264471_0014	Interior_B	True	False	0.0	5.551115123125783e-13	incomplete_strict_phone_support_for_nine_point_cpps_trajectory
LA_E_1264471_0015	Boundary	True	True			
LA_E_1264471_0015	Interior_A	True	False	0.0	5.551115123125783e-13	incomplete_strict_phone_support_for_nine_point_cpps_trajectory
LA_E_1264471_0015	Interior_B	True	False	-160.00000000000014	-159.99999999999957	incomplete_strict_phone_support_for_nine_point_cpps_trajectory
LA_E_1264471_0018	Boundary	True	False			official_v6_boundary_cpps_invalid_or_incomplete_support
LA_E_1264471_0018	Interior_A	True	True	319.9999999999967	320.00000000000085	
LA_E_1264471_0018	Interior_B	True	True	960.0000000000009	959.9999999999978	
LA_E_1264471_0022	Boundary	True	False			official_v6_boundary_cpps_invalid_or_incomplete_support
LA_E_1264471_0022	Interior_A	True	False	-159.9999999999966	-160.00000000000313	incomplete_strict_phone_support_for_nine_point_cpps_trajectory
LA_E_1264471_0022	Interior_B	True	False	-159.9999999999966	-160.00000000000313	incomplete_strict_phone_support_for_nine_point_cpps_trajectory
LA_E_1264471_0023	Boundary	True	True			
LA_E_1264471_0023	Interior_A	True	False	-159.9999999999966	-160.00000000000313	incomplete_strict_phone_support_for_nine_point_cpps_trajectory
LA_E_1264471_0023	Interior_B	True	False	0.0	5.551115123125783e-13	incomplete_strict_phone_support_for_nine_point_cpps_trajectory
LA_E_1264471_0024	Boundary	True	False			official_v6_boundary_cpps_invalid_or_incomplete_support
LA_E_1264471_0024	Interior_A	True	False	0.0	5.551115123125783e-13	incomplete_strict_phone_support_for_nine_point_cpps_trajectory
LA_E_1264471_0024	Interior_B	True	True	399.9999999999986	399.99999999999915	
LA_E_1264471_0025	Boundary	True	False			official_v6_boundary_cpps_invalid_or_incomplete_support
LA_E_1264471_0025	Interior_A	True	True	399.9999999999986	399.99999999999915	
LA_E_1264471_0025	Interior_B	True	False	-159.9999999999966	-160.00000000000313	incomplete_strict_phone_support_for_nine_point_cpps_trajectory
LA_E_1264471_0026	Boundary	True	True			
LA_E_1264471_0026	Interior_A	True	False	-159.9999999999966	-160.00000000000313	incomplete_strict_phone_support_for_nine_point_cpps_trajectory
LA_E_1264471_0026	Interior_B	True	True	79.9999999999983	79.99999999999885	
LA_E_1264471_0027	Boundary	True	True			
LA_E_1264471_0027	Interior_A	True	True	79.9999999999983	79.99999999999885	
LA_E_1264471_0027	Interior_B	True	False	-79.9999999999983	-79.99999999999774	incomplete_strict_phone_support_for_nine_point_cpps_trajectory
LA_E_1264471_0033	Boundary	True	True			
LA_E_1264471_0033	Interior_A	True	False	-79.9999999999983	-79.99999999999774	incomplete_strict_phone_support_for_nine_point_cpps_trajectory
LA_E_1264471_0033	Interior_B	True	False	-160.0000000000037	-160.00000000000313	incomplete_strict_phone_support_for_nine_point_cpps_trajectory
LA_E_1264471_0034	Boundary	True	True			
LA_E_1264471_0034	Interior_A	True	False	-160.0000000000037	-160.00000000000313	incomplete_strict_phone_support_for_nine_point_cpps_trajectory
LA_E_1264471_0034	Interior_B	True	False	-79.9999999999983	-79.99999999999774	incomplete_strict_phone_support_for_nine_point_cpps_trajectory
LA_E_1264471_0035	Boundary	True	True			
LA_E_1264471_0035	Interior_A	True	False	-79.9999999999983	-79.99999999999774	incomplete_strict_phone_support_for_nine_point_cpps_trajectory
LA_E_1264471_0035	Interior_B	True	False	-79.9999999999983	-80.00000000000485	incomplete_strict_phone_support_for_nine_point_cpps_trajectory
LA_E_1264471_0036	Boundary	True	True			
LA_E_1264471_0036	Interior_A	True	False	-79.9999999999983	-80.00000000000485	incomplete_strict_phone_support_for_nine_point_cpps_trajectory
LA_E_1264471_0036	Interior_B	True	False	0.0	5.551115123125783e-13	incomplete_strict_phone_support_for_nine_point_cpps_trajectory
LA_E_1264471_0046	Boundary	True	True			
LA_E_1264471_0046	Interior_A	True	False	0.0	5.551115123125783e-13	incomplete_strict_phone_support_for_nine_point_cpps_trajectory
LA_E_1264471_0046	Interior_B	True	False	0.0	5.551115123125783e-13	incomplete_strict_phone_support_for_nine_point_cpps_trajectory
LA_E_1264471_0047	Boundary	True	False			official_v6_boundary_cpps_invalid_or_incomplete_support
LA_E_1264471_0047	Interior_A	True	False	0.0	5.551115123125783e-13	incomplete_strict_phone_support_for_nine_point_cpps_trajectory
LA_E_1264471_0047	Interior_B	True	True	319.9999999999932	320.00000000000796	
LA_E_1264471_0048	Boundary	True	False			official_v6_boundary_cpps_invalid_or_incomplete_support
LA_E_1264471_0048	Interior_A	True	True	319.9999999999932	320.00000000000796	
LA_E_1264471_0048	Interior_B	True	False	0.0	5.551115123125783e-13	incomplete_strict_phone_support_for_nine_point_cpps_trajectory
LA_E_1264471_0052	Boundary	True	True			
LA_E_1264471_0052	Interior_A	True	False	-79.9999999999983	-80.00000000001195	incomplete_strict_phone_support_for_nine_point_cpps_trajectory
LA_E_1264471_0052	Interior_B	True	False	-79.9999999999983	-79.99999999999774	incomplete_strict_phone_support_for_nine_point_cpps_trajectory
LA_E_1264471_0055	Boundary	True	True			
LA_E_1264471_0055	Interior_A	True	False	-159.9999999999966	-159.99999999999602	incomplete_strict_phone_support_for_nine_point_cpps_trajectory
LA_E_1264471_0055	Interior_B	True	False	0.0	5.551115123125783e-13	incomplete_strict_phone_support_for_nine_point_cpps_trajectory
LA_E_1264471_0056	Boundary	True	True			
LA_E_1264471_0056	Interior_A	True	False	0.0	5.551115123125783e-13	incomplete_strict_phone_support_for_nine_point_cpps_trajectory
LA_E_1264471_0056	Interior_B	True	False	-79.9999999999983	-80.00000000001195	incomplete_strict_phone_support_for_nine_point_cpps_trajectory
LA_E_1264471_0059	Boundary	True	False			official_v6_boundary_cpps_invalid_or_incomplete_support
LA_E_1264471_0059	Interior_A	True	True	79.9999999999983	79.99999999999885	
LA_E_1264471_0059	Interior_B	True	True	239.99999999999488	239.99999999999545	
LA_E_1264471_0060	Boundary	True	False			official_v6_boundary_cpps_invalid_or_incomplete_support
LA_E_1264471_0060	Interior_A	True	True	239.99999999999488	239.99999999999545	
LA_E_1264471_0060	Interior_B	True	True	240.0000000000091	239.99999999999545	
LA_E_1265329_0003	Boundary	True	False			official_v6_boundary_cpps_invalid_or_incomplete_support
LA_E_1265329_0003	Interior_A	True	False	0.0	1.1102230246251565e-13	incomplete_strict_phone_support_for_nine_point_cpps_trajectory
LA_E_1265329_0003	Interior_B	True	True	319.9999999999994	319.99999999999994	
LA_E_1265329_0004	Boundary	True	False			official_v6_boundary_cpps_invalid_or_incomplete_support
LA_E_1265329_0004	Interior_A	True	True	319.9999999999994	319.99999999999994	
LA_E_1265329_0004	Interior_B	True	False	8.881784197001252e-13	-3.3306690738754696e-13	incomplete_strict_phone_support_for_nine_point_cpps_trajectory
LA_E_1265329_0013	Boundary	True	False			official_v6_boundary_cpps_invalid_or_incomplete_support
LA_E_1265329_0013	Interior_A	True	True	79.9999999999983	80.00000000000063	
LA_E_1265329_0013	Interior_B	True	True	240.00000000000023	239.999999999999	
LA_E_1265329_0019	Boundary	True	False			official_v6_boundary_cpps_invalid_or_incomplete_support
LA_E_1265329_0019	Interior_A	True	True	239.99999999999844	239.999999999999	
LA_E_1265329_0019	Interior_B	True	True	960.0000000000009	959.9999999999978	
LA_E_1266533_0004	Boundary	True	False			official_v6_boundary_cpps_invalid_or_incomplete_support
LA_E_1266533_0004	Interior_A	True	True	79.99999999999963	80.00000000000018	
LA_E_1266533_0004	Interior_B	True	False	-80.00000000000051	-79.99999999999952	incomplete_strict_phone_support_for_nine_point_cpps_trajectory
LA_E_1266533_0005	Boundary	True	True			
LA_E_1266533_0005	Interior_A	True	False	-80.00000000000051	-79.99999999999952	incomplete_strict_phone_support_for_nine_point_cpps_trajectory
LA_E_1266533_0005	Interior_B	True	True	80.00000000000007	79.99999999999974	
LA_E_1266533_0006	Boundary	True	False			official_v6_boundary_cpps_invalid_or_incomplete_support
LA_E_1266533_0006	Interior_A	True	True	80.00000000000007	79.99999999999974	
LA_E_1266533_0006	Interior_B	True	True	79.99999999999918	80.00000000000152	
LA_E_1266533_0007	Boundary	True	False			official_v6_boundary_cpps_invalid_or_incomplete_support
LA_E_1266533_0007	Interior_A	True	True	79.99999999999918	80.00000000000152	
LA_E_1266533_0007	Interior_B	True	False	0.0	-1.2212453270876722e-12	incomplete_strict_phone_support_for_nine_point_cpps_trajectory
LA_E_1266533_0008	Boundary	True	True			
LA_E_1266533_0008	Interior_A	True	False	0.0	-1.2212453270876722e-12	incomplete_strict_phone_support_for_nine_point_cpps_trajectory
LA_E_1266533_0008	Interior_B	True	True	319.9999999999985	320.00000000000085	
LA_E_1266533_0011	Boundary	True	False			official_v6_boundary_cpps_invalid_or_incomplete_support
LA_E_1266533_0011	Interior_A	True	False	0.0	-1.2212453270876722e-12	incomplete_strict_phone_support_for_nine_point_cpps_trajectory
LA_E_1266533_0011	Interior_B	True	False	0.0	5.551115123125783e-13	incomplete_strict_phone_support_for_nine_point_cpps_trajectory
LA_E_1266533_0012	Boundary	True	False			official_v6_boundary_cpps_invalid_or_incomplete_support
LA_E_1266533_0012	Interior_A	True	False	0.0	5.551115123125783e-13	incomplete_strict_phone_support_for_nine_point_cpps_trajectory
LA_E_1266533_0012	Interior_B	True	True	319.9999999999985	320.00000000000085	
LA_E_1266533_0013	Boundary	True	True			
LA_E_1266533_0013	Interior_A	True	True	319.9999999999985	320.00000000000085	
LA_E_1266533_0013	Interior_B	True	False	0.0	5.551115123125783e-13	incomplete_strict_phone_support_for_nine_point_cpps_trajectory
LA_E_1266533_0014	Boundary	True	True			
LA_E_1266533_0014	Interior_A	True	False	0.0	5.551115123125783e-13	incomplete_strict_phone_support_for_nine_point_cpps_trajectory
LA_E_1266533_0014	Interior_B	True	False	-80.00000000000185	-80.0000000000013	incomplete_strict_phone_support_for_nine_point_cpps_trajectory
LA_E_1266533_0015	Boundary	True	True			
LA_E_1266533_0015	Interior_A	True	False	-80.00000000000185	-80.0000000000013	incomplete_strict_phone_support_for_nine_point_cpps_trajectory
LA_E_1266533_0015	Interior_B	True	True	719.9999999999989	720.000000000003	
LA_E_1266533_0016	Boundary	True	True			
LA_E_1266533_0016	Interior_A	True	True	719.9999999999989	720.000000000003	
LA_E_1266533_0016	Interior_B	True	True	79.9999999999983	79.99999999999885	
LA_E_1266533_0017	Boundary	True	False			official_v6_boundary_cpps_invalid_or_incomplete_support
LA_E_1266533_0017	Interior_A	True	True	79.9999999999983	79.99999999999885	
LA_E_1266533_0017	Interior_B	True	True	320.0000000000003	320.00000000000085	
LA_E_1266533_0021	Boundary	True	True			
LA_E_1266533_0021	Interior_A	True	True	159.9999999999966	160.0000000000007	
LA_E_1266533_0021	Interior_B	True	False	-160.00000000000014	-159.99999999999957	incomplete_strict_phone_support_for_nine_point_cpps_trajectory
LA_E_1266533_0022	Boundary	True	True			
LA_E_1266533_0022	Interior_A	True	False	-160.00000000000014	-159.99999999999957	incomplete_strict_phone_support_for_nine_point_cpps_trajectory
LA_E_1266533_0022	Interior_B	True	True	239.99999999999844	239.999999999999	
LA_E_1266533_0023	Boundary	True	True			
LA_E_1266533_0023	Interior_A	True	True	239.99999999999844	239.999999999999	
LA_E_1266533_0023	Interior_B	True	False	0.0	5.551115123125783e-13	incomplete_strict_phone_support_for_nine_point_cpps_trajectory
LA_E_1266533_0024	Boundary	True	False			official_v6_boundary_cpps_invalid_or_incomplete_support
LA_E_1266533_0024	Interior_A	True	False	0.0	5.551115123125783e-13	incomplete_strict_phone_support_for_nine_point_cpps_trajectory
LA_E_1266533_0024	Interior_B	True	True	160.00000000000014	159.99999999999716	
LA_E_1266533_0025	Boundary	True	False			official_v6_boundary_cpps_invalid_or_incomplete_support
LA_E_1266533_0025	Interior_A	True	True	160.00000000000014	159.99999999999716	
LA_E_1266533_0025	Interior_B	True	True	1039.999999999999	1039.9999999999995	
LA_E_1266533_0026	Boundary	True	True			
LA_E_1266533_0026	Interior_A	True	True	1039.999999999999	1039.9999999999995	
LA_E_1266533_0026	Interior_B	True	True	320.0000000000003	320.00000000000085	
LA_E_1266884_0002	Boundary	True	True			
LA_E_1266884_0002	Interior_A	True	False	0.0	-3.3306690738754696e-13	incomplete_strict_phone_support_for_nine_point_cpps_trajectory
LA_E_1266884_0002	Interior_B	True	True	319.99999999999983	319.99999999999994	
LA_E_1266884_0005	Boundary	True	False			official_v6_boundary_cpps_invalid_or_incomplete_support
LA_E_1266884_0005	Interior_A	True	True	240.00000000000023	239.9999999999999	
LA_E_1266884_0005	Interior_B	True	True	80.00000000000007	80.00000000000063	
LA_E_1266884_0006	Boundary	True	True			
LA_E_1266884_0006	Interior_A	True	True	80.00000000000007	80.00000000000063	
LA_E_1266884_0006	Interior_B	True	False	-160.00000000000014	-160.00000000000136	incomplete_strict_phone_support_for_nine_point_cpps_trajectory
LA_E_1266884_0008	Boundary	True	True			
LA_E_1266884_0008	Interior_A	True	True	80.00000000000007	79.99999999999885	
LA_E_1266884_0008	Interior_B	True	False	0.0	5.551115123125783e-13	incomplete_strict_phone_support_for_nine_point_cpps_trajectory
LA_E_1266884_0009	Boundary	True	True			
LA_E_1266884_0009	Interior_A	True	False	0.0	5.551115123125783e-13	incomplete_strict_phone_support_for_nine_point_cpps_trajectory
LA_E_1266884_0009	Interior_B	True	False	-80.00000000000185	-79.99999999999952	incomplete_strict_phone_support_for_nine_point_cpps_trajectory
LA_E_1266884_0010	Boundary	True	True			
LA_E_1266884_0010	Interior_A	True	False	-80.00000000000185	-79.99999999999952	incomplete_strict_phone_support_for_nine_point_cpps_trajectory
LA_E_1266884_0010	Interior_B	True	False	-80.00000000000007	-79.99999999999952	incomplete_strict_phone_support_for_nine_point_cpps_trajectory
LA_E_1266884_0012	Boundary	True	True			
LA_E_1266884_0012	Interior_A	True	False	-160.00000000000193	-159.99999999999957	incomplete_strict_phone_support_for_nine_point_cpps_trajectory
LA_E_1266884_0012	Interior_B	True	False	-80.00000000000185	-79.99999999999774	incomplete_strict_phone_support_for_nine_point_cpps_trajectory
LA_E_1266884_0013	Boundary	True	True			
LA_E_1266884_0013	Interior_A	True	False	-80.00000000000185	-79.99999999999774	incomplete_strict_phone_support_for_nine_point_cpps_trajectory
LA_E_1266884_0013	Interior_B	True	True	239.99999999999844	239.999999999999	
LA_E_1266884_0022	Boundary	True	True			
LA_E_1266884_0022	Interior_A	True	False	-160.00000000000014	-159.99999999999957	incomplete_strict_phone_support_for_nine_point_cpps_trajectory
LA_E_1266884_0022	Interior_B	True	False	-80.00000000000185	-80.0000000000013	incomplete_strict_phone_support_for_nine_point_cpps_trajectory
LA_E_1266884_0023	Boundary	True	False			official_v6_boundary_cpps_invalid_or_incomplete_support
LA_E_1266884_0023	Interior_A	True	False	-80.00000000000185	-80.0000000000013	incomplete_strict_phone_support_for_nine_point_cpps_trajectory
LA_E_1266884_0023	Interior_B	True	True	240.000000000002	239.999999999999	
LA_E_1266884_0024	Boundary	True	False			official_v6_boundary_cpps_invalid_or_incomplete_support
LA_E_1266884_0024	Interior_A	True	True	240.000000000002	239.999999999999	
LA_E_1266884_0024	Interior_B	True	False	-80.00000000000185	-79.99999999999774	incomplete_strict_phone_support_for_nine_point_cpps_trajectory
LA_E_1266884_0025	Boundary	True	True			
LA_E_1266884_0025	Interior_A	True	False	-80.00000000000185	-79.99999999999774	incomplete_strict_phone_support_for_nine_point_cpps_trajectory
LA_E_1266884_0025	Interior_B	True	True	639.999999999997	640.0000000000011	
LA_E_1267372_0000	Boundary	True	False			official_v6_boundary_cpps_invalid_or_incomplete_support
LA_E_1267372_0000	Interior_A	True	False	-160.00000000000003	-160.00000000000003	incomplete_strict_phone_support_for_nine_point_cpps_trajectory
LA_E_1267372_0000	Interior_B	True	False	-80.00000000000007	-79.99999999999996	incomplete_strict_phone_support_for_nine_point_cpps_trajectory
LA_E_1267372_0005	Boundary	True	True			
LA_E_1267372_0005	Interior_A	True	False	-160.00000000000102	-159.9999999999987	incomplete_strict_phone_support_for_nine_point_cpps_trajectory
LA_E_1267372_0005	Interior_B	True	False	-79.99999999999918	-80.0000000000004	incomplete_strict_phone_support_for_nine_point_cpps_trajectory
LA_E_1267372_0006	Boundary	True	False			official_v6_boundary_cpps_invalid_or_incomplete_support
LA_E_1267372_0006	Interior_A	True	False	-79.99999999999918	-80.0000000000004	incomplete_strict_phone_support_for_nine_point_cpps_trajectory
LA_E_1267372_0006	Interior_B	True	True	400.00000000000034	399.99999999999915	
LA_E_1267372_0009	Boundary	True	True			
LA_E_1267372_0009	Interior_A	True	False	-1.7763568394002505e-12	5.551115123125783e-13	incomplete_strict_phone_support_for_nine_point_cpps_trajectory
LA_E_1267372_0009	Interior_B	True	True	80.00000000000007	80.00000000000063	
LA_E_1267372_0010	Boundary	True	True			
LA_E_1267372_0010	Interior_A	True	True	80.00000000000007	80.00000000000063	
LA_E_1267372_0010	Interior_B	True	True	239.99999999999844	240.00000000000077	
LA_E_1267372_0015	Boundary	True	False			official_v6_boundary_cpps_invalid_or_incomplete_support
LA_E_1267372_0015	Interior_A	True	True	160.00000000000014	159.99999999999716	
LA_E_1267372_0015	Interior_B	True	False	-79.9999999999983	-80.0000000000013	incomplete_strict_phone_support_for_nine_point_cpps_trajectory
LA_E_1267372_0016	Boundary	True	True			
LA_E_1267372_0016	Interior_A	True	False	-79.9999999999983	-80.0000000000013	incomplete_strict_phone_support_for_nine_point_cpps_trajectory
LA_E_1267372_0016	Interior_B	True	False	-80.00000000000185	-79.99999999999774	incomplete_strict_phone_support_for_nine_point_cpps_trajectory
LA_E_1267372_0019	Boundary	True	False			official_v6_boundary_cpps_invalid_or_incomplete_support
LA_E_1267372_0019	Interior_A	True	False	-80.00000000000185	-80.0000000000013	incomplete_strict_phone_support_for_nine_point_cpps_trajectory
LA_E_1267372_0019	Interior_B	True	True	80.00000000000185	79.99999999999885	
LA_E_1267372_0025	Boundary	True	False			official_v6_boundary_cpps_invalid_or_incomplete_support
LA_E_1267372_0025	Interior_A	True	True	240.000000000002	239.999999999999	
LA_E_1267372_0025	Interior_B	True	True	800.0000000000007	799.9999999999977	
LA_E_1267372_0034	Boundary	True	True			
LA_E_1267372_0034	Interior_A	True	True	800.0000000000043	799.9999999999977	
LA_E_1267372_0034	Interior_B	True	True	320.0000000000003	320.00000000000085	
LA_E_1268387_0000	Boundary	True	False			official_v6_boundary_cpps_invalid_or_incomplete_support
LA_E_1268387_0000	Interior_A	True	True	400.0	400.0	
LA_E_1268387_0000	Interior_B	True	True	159.9999999999997	160.00000000000026	
LA_E_1268387_0001	Boundary	True	False			official_v6_boundary_cpps_invalid_or_incomplete_support
LA_E_1268387_0001	Interior_A	True	True	159.9999999999997	160.00000000000026	
LA_E_1268387_0001	Interior_B	True	True	80.00000000000007	79.99999999999974	
LA_E_1268387_0005	Boundary	True	True			
LA_E_1268387_0005	Interior_A	True	False	-80.00000000000097	-79.99999999999862	incomplete_strict_phone_support_for_nine_point_cpps_trajectory
LA_E_1268387_0005	Interior_B	True	True	239.99999999999844	240.00000000000077	
LA_E_1268387_0010	Boundary	True	False			official_v6_boundary_cpps_invalid_or_incomplete_support
LA_E_1268387_0010	Interior_A	True	False	0.0	5.551115123125783e-13	incomplete_strict_phone_support_for_nine_point_cpps_trajectory
LA_E_1268387_0010	Interior_B	True	False	0.0	-1.2212453270876722e-12	incomplete_strict_phone_support_for_nine_point_cpps_trajectory
LA_E_1268387_0016	Boundary	True	False			official_v6_boundary_cpps_invalid_or_incomplete_support
LA_E_1268387_0016	Interior_A	True	False	0.0	-2.9976021664879227e-12	incomplete_strict_phone_support_for_nine_point_cpps_trajectory
LA_E_1268387_0016	Interior_B	True	False	-160.00000000000014	-159.99999999999957	incomplete_strict_phone_support_for_nine_point_cpps_trajectory
LA_E_1268387_0017	Boundary	True	False			official_v6_boundary_cpps_invalid_or_incomplete_support
LA_E_1268387_0017	Interior_A	True	False	-160.00000000000014	-159.99999999999957	incomplete_strict_phone_support_for_nine_point_cpps_trajectory
LA_E_1268387_0017	Interior_B	True	True	240.000000000002	239.999999999999	
LA_E_1268387_0018	Boundary	True	False			official_v6_boundary_cpps_invalid_or_incomplete_support
LA_E_1268387_0018	Interior_A	True	True	240.000000000002	239.999999999999	
LA_E_1268387_0018	Interior_B	True	True	79.9999999999983	79.99999999999885	
LA_E_1268387_0019	Boundary	True	True			
LA_E_1268387_0019	Interior_A	True	True	79.9999999999983	79.99999999999885	
LA_E_1268387_0019	Interior_B	True	False	0.0	5.551115123125783e-13	incomplete_strict_phone_support_for_nine_point_cpps_trajectory
LA_E_1268387_0020	Boundary	True	True			
LA_E_1268387_0020	Interior_A	True	False	0.0	5.551115123125783e-13	incomplete_strict_phone_support_for_nine_point_cpps_trajectory
LA_E_1268387_0020	Interior_B	True	False	-160.00000000000014	-159.99999999999957	incomplete_strict_phone_support_for_nine_point_cpps_trajectory
LA_E_1268387_0021	Boundary	True	True			
LA_E_1268387_0021	Interior_A	True	False	-160.00000000000014	-159.99999999999957	incomplete_strict_phone_support_for_nine_point_cpps_trajectory
LA_E_1268387_0021	Interior_B	True	False	-160.00000000000014	-159.99999999999957	incomplete_strict_phone_support_for_nine_point_cpps_trajectory
LA_E_1268387_0022	Boundary	True	True			
LA_E_1268387_0022	Interior_A	True	False	-160.00000000000014	-159.99999999999957	incomplete_strict_phone_support_for_nine_point_cpps_trajectory
LA_E_1268387_0022	Interior_B	True	False	-160.00000000000014	-160.00000000000313	incomplete_strict_phone_support_for_nine_point_cpps_trajectory
LA_E_1268387_0024	Boundary	True	False			official_v6_boundary_cpps_invalid_or_incomplete_support
LA_E_1268387_0024	Interior_A	True	True	160.00000000000014	160.0000000000007	
LA_E_1268387_0024	Interior_B	True	True	160.00000000000014	160.0000000000007	
LA_E_1268387_0028	Boundary	True	True			
LA_E_1268387_0028	Interior_A	True	False	-160.00000000000014	-159.99999999999957	incomplete_strict_phone_support_for_nine_point_cpps_trajectory
LA_E_1268387_0028	Interior_B	True	False	0.0	5.551115123125783e-13	incomplete_strict_phone_support_for_nine_point_cpps_trajectory
LA_E_1268387_0029	Boundary	True	False			official_v6_boundary_cpps_invalid_or_incomplete_support
LA_E_1268387_0029	Interior_A	True	False	0.0	5.551115123125783e-13	incomplete_strict_phone_support_for_nine_point_cpps_trajectory
LA_E_1268387_0029	Interior_B	True	False	0.0	5.551115123125783e-13	incomplete_strict_phone_support_for_nine_point_cpps_trajectory
LA_E_1268387_0030	Boundary	True	False			official_v6_boundary_cpps_invalid_or_incomplete_support
LA_E_1268387_0030	Interior_A	True	False	0.0	5.551115123125783e-13	incomplete_strict_phone_support_for_nine_point_cpps_trajectory
LA_E_1268387_0030	Interior_B	True	False	-79.9999999999983	-80.00000000000485	incomplete_strict_phone_support_for_nine_point_cpps_trajectory
LA_E_1272785_0002	Boundary	True	False			official_v6_boundary_cpps_invalid_or_incomplete_support
LA_E_1272785_0002	Interior_A	True	True	319.99999999999983	319.99999999999994	
LA_E_1272785_0002	Interior_B	True	True	400.00000000000034	400.0	
LA_E_1272785_0003	Boundary	True	True			
LA_E_1272785_0003	Interior_A	True	True	400.00000000000034	400.0	
LA_E_1272785_0003	Interior_B	True	True	80.00000000000007	79.99999999999974	
LA_E_1272785_0004	Boundary	True	True			
LA_E_1272785_0004	Interior_A	True	True	80.00000000000007	79.99999999999974	
LA_E_1272785_0004	Interior_B	True	False	-159.99999999999926	-159.99999999999957	incomplete_strict_phone_support_for_nine_point_cpps_trajectory
LA_E_1272785_0005	Boundary	True	True			
LA_E_1272785_0005	Interior_A	True	False	-159.99999999999926	-159.99999999999957	incomplete_strict_phone_support_for_nine_point_cpps_trajectory
LA_E_1272785_0005	Interior_B	True	False	-160.00000000000014	-160.00000000000136	incomplete_strict_phone_support_for_nine_point_cpps_trajectory
LA_E_1272785_0013	Boundary	True	False			official_v6_boundary_cpps_invalid_or_incomplete_support
LA_E_1272785_0013	Interior_A	True	False	-80.00000000000185	-79.99999999999952	incomplete_strict_phone_support_for_nine_point_cpps_trajectory
LA_E_1272785_0013	Interior_B	True	True	79.9999999999983	80.0000000000024	
LA_E_1272785_0016	Boundary	True	True			
LA_E_1272785_0016	Interior_A	True	False	-160.00000000000014	-159.99999999999957	incomplete_strict_phone_support_for_nine_point_cpps_trajectory
LA_E_1272785_0016	Interior_B	True	False	-79.9999999999983	-80.0000000000013	incomplete_strict_phone_support_for_nine_point_cpps_trajectory
LA_E_1272785_0017	Boundary	True	True			
LA_E_1272785_0017	Interior_A	True	False	-79.9999999999983	-80.0000000000013	incomplete_strict_phone_support_for_nine_point_cpps_trajectory
LA_E_1272785_0017	Interior_B	True	False	-80.00000000000185	-79.99999999999774	incomplete_strict_phone_support_for_nine_point_cpps_trajectory
LA_E_1272785_0023	Boundary	True	False			official_v6_boundary_cpps_invalid_or_incomplete_support
LA_E_1272785_0023	Interior_A	True	True	160.00000000000014	159.99999999999716	
LA_E_1272785_0023	Interior_B	True	True	1199.9999999999993	1199.9999999999998	
LA_E_1272785_0024	Boundary	True	True			
LA_E_1272785_0024	Interior_A	True	True	1199.9999999999993	1199.9999999999998	
LA_E_1272785_0024	Interior_B	True	False	-160.00000000000014	-159.99999999999957	incomplete_strict_phone_support_for_nine_point_cpps_trajectory
LA_E_1273737_0000	Boundary	True	True			
LA_E_1273737_0000	Interior_A	True	False	-159.99999999999991	-160.00000000000003	incomplete_strict_phone_support_for_nine_point_cpps_trajectory
LA_E_1273737_0000	Interior_B	True	False	0.0	-3.3306690738754696e-13	incomplete_strict_phone_support_for_nine_point_cpps_trajectory
LA_E_1273737_0001	Boundary	True	False			official_v6_boundary_cpps_invalid_or_incomplete_support
LA_E_1273737_0001	Interior_A	True	False	0.0	-3.3306690738754696e-13	incomplete_strict_phone_support_for_nine_point_cpps_trajectory
LA_E_1273737_0001	Interior_B	True	False	0.0	1.1102230246251565e-13	incomplete_strict_phone_support_for_nine_point_cpps_trajectory
LA_E_1273737_0007	Boundary	True	False			official_v6_boundary_cpps_invalid_or_incomplete_support
LA_E_1273737_0007	Interior_A	True	False	0.0	5.551115123125783e-13	incomplete_strict_phone_support_for_nine_point_cpps_trajectory
LA_E_1273737_0007	Interior_B	True	True	239.99999999999844	240.00000000000077	
LA_E_1273737_0008	Boundary	True	False			official_v6_boundary_cpps_invalid_or_incomplete_support
LA_E_1273737_0008	Interior_A	True	True	239.99999999999844	240.00000000000077	
LA_E_1273737_0008	Interior_B	True	True	720.0000000000007	719.9999999999994	
LA_E_1273737_0009	Boundary	True	True			
LA_E_1273737_0009	Interior_A	True	True	720.0000000000007	719.9999999999994	
LA_E_1273737_0009	Interior_B	True	False	-160.00000000000014	-160.00000000000136	incomplete_strict_phone_support_for_nine_point_cpps_trajectory
LA_E_1273737_0011	Boundary	True	True			
LA_E_1273737_0011	Interior_A	True	True	479.99999999999864	480.00000000000097	
LA_E_1273737_0011	Interior_B	True	False	0.0	5.551115123125783e-13	incomplete_strict_phone_support_for_nine_point_cpps_trajectory
LA_E_1276071_0005	Boundary	True	False			official_v6_boundary_cpps_invalid_or_incomplete_support
LA_E_1276071_0005	Interior_A	True	False	0.0	-3.3306690738754696e-13	incomplete_strict_phone_support_for_nine_point_cpps_trajectory
LA_E_1276071_0005	Interior_B	True	True	160.00000000000014	159.9999999999998	
LA_E_1276071_0008	Boundary	True	True			
LA_E_1276071_0008	Interior_A	True	False	-160.00000000000014	-159.99999999999957	incomplete_strict_phone_support_for_nine_point_cpps_trajectory
LA_E_1276071_0008	Interior_B	True	True	79.9999999999983	80.00000000000063	
LA_E_1276071_0015	Boundary	True	True			
LA_E_1276071_0015	Interior_A	True	False	-80.00000000000007	-79.99999999999952	incomplete_strict_phone_support_for_nine_point_cpps_trajectory
LA_E_1276071_0015	Interior_B	True	True	479.99999999999864	480.00000000000097	
LA_E_1276071_0016	Boundary	True	True			
LA_E_1276071_0016	Interior_A	True	True	479.99999999999864	480.00000000000097	
LA_E_1276071_0016	Interior_B	True	False	0.0	-2.9976021664879227e-12	incomplete_strict_phone_support_for_nine_point_cpps_trajectory
LA_E_1276071_0017	Boundary	True	True			
LA_E_1276071_0017	Interior_A	True	False	0.0	-2.9976021664879227e-12	incomplete_strict_phone_support_for_nine_point_cpps_trajectory
LA_E_1276071_0017	Interior_B	True	False	-160.00000000000014	-159.99999999999957	incomplete_strict_phone_support_for_nine_point_cpps_trajectory
LA_E_1276071_0021	Boundary	True	False			official_v6_boundary_cpps_invalid_or_incomplete_support
LA_E_1276071_0021	Interior_A	True	True	80.00000000000185	79.99999999999885	
LA_E_1276071_0021	Interior_B	True	True	239.99999999999844	239.999999999999	
LA_E_1278202_0003	Boundary	True	False			official_v6_boundary_cpps_invalid_or_incomplete_support
LA_E_1278202_0003	Interior_A	True	True	80.00000000000007	79.99999999999974	
LA_E_1278202_0003	Interior_B	True	False	-79.99999999999918	-79.99999999999952	incomplete_strict_phone_support_for_nine_point_cpps_trajectory
LA_E_1278202_0004	Boundary	True	False			official_v6_boundary_cpps_invalid_or_incomplete_support
LA_E_1278202_0004	Interior_A	True	False	-79.99999999999918	-79.99999999999952	incomplete_strict_phone_support_for_nine_point_cpps_trajectory
LA_E_1278202_0004	Interior_B	True	False	-160.00000000000014	-160.00000000000136	incomplete_strict_phone_support_for_nine_point_cpps_trajectory
LA_E_1278202_0008	Boundary	True	False			official_v6_boundary_cpps_invalid_or_incomplete_support
LA_E_1278202_0008	Interior_A	True	True	80.00000000000007	79.99999999999885	
LA_E_1278202_0008	Interior_B	True	True	320.0000000000003	319.9999999999991	
LA_E_1278202_0009	Boundary	True	False			official_v6_boundary_cpps_invalid_or_incomplete_support
LA_E_1278202_0009	Interior_A	True	True	320.0000000000003	319.9999999999991	
LA_E_1278202_0009	Interior_B	True	False	-160.00000000000014	-159.99999999999957	incomplete_strict_phone_support_for_nine_point_cpps_trajectory
LA_E_1278202_0010	Boundary	True	False			official_v6_boundary_cpps_invalid_or_incomplete_support
LA_E_1278202_0010	Interior_A	True	False	-160.00000000000014	-159.99999999999957	incomplete_strict_phone_support_for_nine_point_cpps_trajectory
LA_E_1278202_0010	Interior_B	True	False	-80.00000000000185	-79.99999999999952	incomplete_strict_phone_support_for_nine_point_cpps_trajectory
LA_E_1278202_0013	Boundary	True	True			
LA_E_1278202_0013	Interior_A	True	True	639.999999999997	640.0000000000011	
LA_E_1278202_0013	Interior_B	True	True	160.00000000000014	160.0000000000007	
LA_E_1278202_0019	Boundary	True	False			official_v6_boundary_cpps_invalid_or_incomplete_support
LA_E_1278202_0019	Interior_A	True	True	559.9999999999987	559.9999999999993	
LA_E_1278202_0019	Interior_B	True	False	-160.00000000000014	-159.99999999999957	incomplete_strict_phone_support_for_nine_point_cpps_trajectory
LA_E_1278202_0020	Boundary	True	False			official_v6_boundary_cpps_invalid_or_incomplete_support
LA_E_1278202_0020	Interior_A	True	False	-160.00000000000014	-159.99999999999957	incomplete_strict_phone_support_for_nine_point_cpps_trajectory
LA_E_1278202_0020	Interior_B	True	False	-160.00000000000014	-159.99999999999957	incomplete_strict_phone_support_for_nine_point_cpps_trajectory
LA_E_1278202_0021	Boundary	True	True			
LA_E_1278202_0021	Interior_A	True	False	-160.00000000000014	-159.99999999999957	incomplete_strict_phone_support_for_nine_point_cpps_trajectory
LA_E_1278202_0021	Interior_B	True	True	79.9999999999983	80.0000000000024	
LA_E_1278202_0025	Boundary	True	True			
LA_E_1278202_0025	Interior_A	True	False	0.0	-2.9976021664879227e-12	incomplete_strict_phone_support_for_nine_point_cpps_trajectory
LA_E_1278202_0025	Interior_B	True	True	160.0000000000037	159.99999999999716	
LA_E_1278202_0026	Boundary	True	True			
LA_E_1278202_0026	Interior_A	True	True	160.0000000000037	159.99999999999716	
LA_E_1278202_0026	Interior_B	True	True	160.0000000000037	159.99999999999716	
LA_E_1278202_0027	Boundary	True	False			official_v6_boundary_cpps_invalid_or_incomplete_support
LA_E_1278202_0027	Interior_A	True	True	160.0000000000037	159.99999999999716	
LA_E_1278202_0027	Interior_B	True	False	-159.9999999999966	-160.00000000000313	incomplete_strict_phone_support_for_nine_point_cpps_trajectory
LA_E_1278202_0028	Boundary	True	False			official_v6_boundary_cpps_invalid_or_incomplete_support
LA_E_1278202_0028	Interior_A	True	False	-159.9999999999966	-160.00000000000313	incomplete_strict_phone_support_for_nine_point_cpps_trajectory
LA_E_1278202_0028	Interior_B	True	True	240.000000000002	239.99999999999545	
LA_E_1278202_0032	Boundary	True	True			
LA_E_1278202_0032	Interior_A	True	False	-79.9999999999983	-79.99999999999774	incomplete_strict_phone_support_for_nine_point_cpps_trajectory
LA_E_1278202_0032	Interior_B	True	False	-160.0000000000037	-160.00000000000313	incomplete_strict_phone_support_for_nine_point_cpps_trajectory
LA_E_1278202_0039	Boundary	True	False			official_v6_boundary_cpps_invalid_or_incomplete_support
LA_E_1278202_0039	Interior_A	True	False	-159.9999999999966	-160.00000000000313	incomplete_strict_phone_support_for_nine_point_cpps_trajectory
LA_E_1278202_0039	Interior_B	True	False	-159.9999999999966	-160.00000000000313	incomplete_strict_phone_support_for_nine_point_cpps_trajectory
LA_E_1278202_0040	Boundary	True	False			official_v6_boundary_cpps_invalid_or_incomplete_support
LA_E_1278202_0040	Interior_A	True	False	-159.9999999999966	-160.00000000000313	incomplete_strict_phone_support_for_nine_point_cpps_trajectory
LA_E_1278202_0040	Interior_B	True	True	719.9999999999989	719.9999999999994	
LA_E_1278202_0041	Boundary	True	True			
LA_E_1278202_0041	Interior_A	True	True	719.9999999999989	719.9999999999994	
LA_E_1278202_0041	Interior_B	True	True	80.0000000000054	79.99999999999885	
LA_E_1278664_0000	Boundary	True	True			
LA_E_1278664_0000	Interior_A	True	True	80.00000000000007	79.99999999999996	
LA_E_1278664_0000	Interior_B	True	False	-160.00000000000014	-160.00000000000003	incomplete_strict_phone_support_for_nine_point_cpps_trajectory
LA_E_1278664_0003	Boundary	True	True			
LA_E_1278664_0003	Interior_A	True	False	0.0	-3.3306690738754696e-13	incomplete_strict_phone_support_for_nine_point_cpps_trajectory
LA_E_1278664_0003	Interior_B	True	False	-80.00000000000007	-79.99999999999952	incomplete_strict_phone_support_for_nine_point_cpps_trajectory
LA_E_1278664_0004	Boundary	True	True			
LA_E_1278664_0004	Interior_A	True	False	-80.00000000000007	-79.99999999999952	incomplete_strict_phone_support_for_nine_point_cpps_trajectory
LA_E_1278664_0004	Interior_B	True	True	320.0000000000003	319.99999999999994	
LA_E_1278664_0008	Boundary	True	True			
LA_E_1278664_0008	Interior_A	True	False	-1.7763568394002505e-12	5.551115123125783e-13	incomplete_strict_phone_support_for_nine_point_cpps_trajectory
LA_E_1278664_0008	Interior_B	True	False	-160.00000000000014	-159.99999999999957	incomplete_strict_phone_support_for_nine_point_cpps_trajectory
LA_E_1278664_0009	Boundary	True	False			official_v6_boundary_cpps_invalid_or_incomplete_support
LA_E_1278664_0009	Interior_A	True	False	-160.00000000000014	-159.99999999999957	incomplete_strict_phone_support_for_nine_point_cpps_trajectory
LA_E_1278664_0009	Interior_B	True	False	0.0	-1.2212453270876722e-12	incomplete_strict_phone_support_for_nine_point_cpps_trajectory
LA_E_1278664_0018	Boundary	True	False			official_v6_boundary_cpps_invalid_or_incomplete_support
LA_E_1278664_0018	Interior_A	True	True	239.99999999999844	240.00000000000256	
LA_E_1278664_0018	Interior_B	True	False	-160.00000000000014	-160.00000000000313	incomplete_strict_phone_support_for_nine_point_cpps_trajectory
LA_E_1278664_0020	Boundary	True	True			
LA_E_1278664_0020	Interior_A	True	True	79.9999999999983	80.0000000000024	
LA_E_1278664_0020	Interior_B	True	False	0.0	5.551115123125783e-13	incomplete_strict_phone_support_for_nine_point_cpps_trajectory
LA_E_1278664_0025	Boundary	True	False			official_v6_boundary_cpps_invalid_or_incomplete_support
LA_E_1278664_0025	Interior_A	True	True	239.99999999999844	240.00000000000256	
LA_E_1278664_0025	Interior_B	True	True	559.9999999999987	559.9999999999993	
LA_E_1278664_0026	Boundary	True	True			
LA_E_1278664_0026	Interior_A	True	True	559.9999999999987	559.9999999999993	
LA_E_1278664_0026	Interior_B	True	True	159.9999999999966	160.00000000000426	
LA_E_1280426_0002	Boundary	True	False			official_v6_boundary_cpps_invalid_or_incomplete_support
LA_E_1280426_0002	Interior_A	True	True	159.9999999999997	160.00000000000026	
LA_E_1280426_0002	Interior_B	True	True	320.0000000000003	319.99999999999994	
LA_E_1280426_0010	Boundary	True	True			
LA_E_1280426_0010	Interior_A	True	False	0.0	5.551115123125783e-13	incomplete_strict_phone_support_for_nine_point_cpps_trajectory
LA_E_1280426_0010	Interior_B	True	False	-80.00000000000185	-79.99999999999952	incomplete_strict_phone_support_for_nine_point_cpps_trajectory
LA_E_1280426_0013	Boundary	True	True			
LA_E_1280426_0013	Interior_A	True	True	80.00000000000007	79.99999999999885	
LA_E_1280426_0013	Interior_B	True	True	320.0000000000003	320.00000000000085	
LA_E_1284443_0002	Boundary	True	True			
LA_E_1284443_0002	Interior_A	True	True	79.99999999999963	80.00000000000018	
LA_E_1284443_0002	Interior_B	True	True	319.99999999999983	319.99999999999994	
LA_E_1284443_0011	Boundary	True	False			official_v6_boundary_cpps_invalid_or_incomplete_support
LA_E_1284443_0011	Interior_A	True	False	-160.00000000000014	-159.99999999999957	incomplete_strict_phone_support_for_nine_point_cpps_trajectory
LA_E_1284443_0011	Interior_B	True	True	320.0000000000003	319.9999999999991	
LA_E_1284443_0012	Boundary	True	False			official_v6_boundary_cpps_invalid_or_incomplete_support
LA_E_1284443_0012	Interior_A	True	True	320.0000000000003	319.9999999999991	
LA_E_1284443_0012	Interior_B	True	False	0.0	-1.2212453270876722e-12	incomplete_strict_phone_support_for_nine_point_cpps_trajectory
LA_E_1284443_0013	Boundary	True	True			
LA_E_1284443_0013	Interior_A	True	False	0.0	-1.2212453270876722e-12	incomplete_strict_phone_support_for_nine_point_cpps_trajectory
LA_E_1284443_0013	Interior_B	True	True	639.999999999997	640.0000000000011	
