token_id	region	spectral_trajectory_valid	cpps_trajectory_valid	cpps_left_phone_margin_samples	cpps_right_phone_margin_samples	cpps_failure_reason
LA_T_6439800_0000	Boundary	True	False			official_v6_boundary_cpps_invalid_or_incomplete_support
LA_T_6439800_0000	Interior_A	True	False	0.0	1.1102230246251565e-13	incomplete_strict_phone_support_for_nine_point_cpps_trajectory
LA_T_6439800_0000	Interior_B	True	True	159.9999999999997	160.00000000000026	
LA_T_6439800_0001	Boundary	True	False			official_v6_boundary_cpps_invalid_or_incomplete_support
LA_T_6439800_0001	Interior_A	True	True	159.9999999999997	160.00000000000026	
LA_T_6439800_0001	Interior_B	True	False	-160.00000000000014	-159.99999999999957	incomplete_strict_phone_support_for_nine_point_cpps_trajectory
LA_T_6439800_0003	Boundary	True	False			official_v6_boundary_cpps_invalid_or_incomplete_support
LA_T_6439800_0003	Interior_A	True	False	-80.00000000000007	-79.99999999999952	incomplete_strict_phone_support_for_nine_point_cpps_trajectory
LA_T_6439800_0003	Interior_B	True	False	-80.00000000000007	-80.0000000000004	incomplete_strict_phone_support_for_nine_point_cpps_trajectory
LA_T_6439800_0006	Boundary	True	True			
LA_T_6439800_0006	Interior_A	True	False	0.0	-1.2212453270876722e-12	incomplete_strict_phone_support_for_nine_point_cpps_trajectory
LA_T_6439800_0006	Interior_B	True	False	-80.00000000000007	-79.99999999999952	incomplete_strict_phone_support_for_nine_point_cpps_trajectory
LA_T_6439800_0007	Boundary	True	True			
LA_T_6439800_0007	Interior_A	True	False	-80.00000000000007	-79.99999999999952	incomplete_strict_phone_support_for_nine_point_cpps_trajectory
LA_T_6439800_0007	Interior_B	True	True	80.00000000000007	79.99999999999885	
LA_T_6439800_0008	Boundary	True	True			
LA_T_6439800_0008	Interior_A	True	True	80.00000000000007	79.99999999999885	
LA_T_6439800_0008	Interior_B	True	False	-160.00000000000014	-160.00000000000136	incomplete_strict_phone_support_for_nine_point_cpps_trajectory
LA_T_6439800_0011	Boundary	True	True			
LA_T_6439800_0011	Interior_A	True	False	-80.00000000000007	-80.0000000000013	incomplete_strict_phone_support_for_nine_point_cpps_trajectory
LA_T_6439800_0011	Interior_B	True	False	0.0	5.551115123125783e-13	incomplete_strict_phone_support_for_nine_point_cpps_trajectory
LA_T_6439800_0012	Boundary	True	False			official_v6_boundary_cpps_invalid_or_incomplete_support
LA_T_6439800_0012	Interior_A	True	False	0.0	5.551115123125783e-13	incomplete_strict_phone_support_for_nine_point_cpps_trajectory
LA_T_6439800_0012	Interior_B	True	True	79.9999999999983	80.0000000000024	
LA_T_6439800_0013	Boundary	True	False			official_v6_boundary_cpps_invalid_or_incomplete_support
LA_T_6439800_0013	Interior_A	True	True	79.9999999999983	80.0000000000024	
LA_T_6439800_0013	Interior_B	True	False	-160.0000000000037	-159.99999999999957	incomplete_strict_phone_support_for_nine_point_cpps_trajectory
LA_T_6439800_0015	Boundary	True	False			official_v6_boundary_cpps_invalid_or_incomplete_support
LA_T_6439800_0015	Interior_A	True	False	-79.9999999999983	-80.0000000000013	incomplete_strict_phone_support_for_nine_point_cpps_trajectory
LA_T_6439800_0015	Interior_B	True	False	0.0	5.551115123125783e-13	incomplete_strict_phone_support_for_nine_point_cpps_trajectory
LA_T_6439800_0016	Boundary	True	False			official_v6_boundary_cpps_invalid_or_incomplete_support
LA_T_6439800_0016	Interior_A	True	False	0.0	5.551115123125783e-13	incomplete_strict_phone_support_for_nine_point_cpps_trajectory
LA_T_6439800_0016	Interior_B	True	False	-160.00000000000014	-160.00000000000313	incomplete_strict_phone_support_for_nine_point_cpps_trajectory
LA_T_6439800_0018	Boundary	True	False			official_v6_boundary_cpps_invalid_or_incomplete_support
LA_T_6439800_0018	Interior_A	True	False	-160.00000000000014	-159.99999999999957	incomplete_strict_phone_support_for_nine_point_cpps_trajectory
LA_T_6439800_0018	Interior_B	True	True	160.00000000000014	160.0000000000007	
LA_T_6439800_0019	Boundary	True	False			official_v6_boundary_cpps_invalid_or_incomplete_support
LA_T_6439800_0019	Interior_A	True	True	160.00000000000014	160.0000000000007	
LA_T_6439800_0019	Interior_B	True	False	-79.9999999999983	-80.0000000000013	incomplete_strict_phone_support_for_nine_point_cpps_trajectory
LA_T_6439800_0020	Boundary	True	True			
LA_T_6439800_0020	Interior_A	True	False	-79.9999999999983	-80.0000000000013	incomplete_strict_phone_support_for_nine_point_cpps_trajectory
LA_T_6439800_0020	Interior_B	True	False	-160.0000000000037	-159.99999999999957	incomplete_strict_phone_support_for_nine_point_cpps_trajectory
LA_T_6439800_0023	Boundary	True	False			official_v6_boundary_cpps_invalid_or_incomplete_support
LA_T_6439800_0023	Interior_A	True	False	-79.9999999999983	-80.0000000000013	incomplete_strict_phone_support_for_nine_point_cpps_trajectory
LA_T_6439800_0023	Interior_B	True	True	239.99999999999844	239.999999999999	
LA_T_6439800_0024	Boundary	True	False			official_v6_boundary_cpps_invalid_or_incomplete_support
LA_T_6439800_0024	Interior_A	True	True	239.99999999999844	239.999999999999	
LA_T_6439800_0024	Interior_B	True	False	-79.9999999999983	-80.0000000000013	incomplete_strict_phone_support_for_nine_point_cpps_trajectory
LA_T_6439800_0025	Boundary	True	True			
LA_T_6439800_0025	Interior_A	True	False	-79.9999999999983	-80.0000000000013	incomplete_strict_phone_support_for_nine_point_cpps_trajectory
LA_T_6439800_0025	Interior_B	True	False	-160.00000000000014	-159.99999999999957	incomplete_strict_phone_support_for_nine_point_cpps_trajectory
LA_T_6439800_0029	Boundary	True	False			official_v6_boundary_cpps_invalid_or_incomplete_support
LA_T_6439800_0029	Interior_A	True	True	240.000000000002	240.00000000000256	
LA_T_6439800_0029	Interior_B	True	False	-160.0000000000037	-160.00000000000313	incomplete_strict_phone_support_for_nine_point_cpps_trajectory
LA_T_6439800_0038	Boundary	True	True			
LA_T_6439800_0038	Interior_A	True	False	-159.9999999999966	-160.00000000000313	incomplete_strict_phone_support_for_nine_point_cpps_trajectory
LA_T_6439800_0038	Interior_B	True	False	-79.9999999999983	-80.00000000000485	incomplete_strict_phone_support_for_nine_point_cpps_trajectory
LA_T_6439800_0039	Boundary	True	True			
LA_T_6439800_0039	Interior_A	True	False	-79.9999999999983	-80.00000000000485	incomplete_strict_phone_support_for_nine_point_cpps_trajectory
LA_T_6439800_0039	Interior_B	True	True	160.0000000000037	159.99999999999716	
LA_T_6439800_0040	Boundary	True	True			
LA_T_6439800_0040	Interior_A	True	True	160.0000000000037	159.99999999999716	
LA_T_6439800_0040	Interior_B	True	False	-159.9999999999966	-160.00000000000313	incomplete_strict_phone_support_for_nine_point_cpps_trajectory
LA_T_6439800_0041	Boundary	True	True			
LA_T_6439800_0041	Interior_A	True	False	-159.9999999999966	-160.00000000000313	incomplete_strict_phone_support_for_nine_point_cpps_trajectory
LA_T_6439800_0041	Interior_B	True	False	-79.9999999999983	-80.00000000000485	incomplete_strict_phone_support_for_nine_point_cpps_trajectory
LA_T_6439933_0000	Boundary	True	True			
LA_T_6439933_0000	Interior_A	True	True	79.9999999999983	79.99999999999885	
LA_T_6439933_0000	Interior_B	True	False	-160.00000000000014	-159.99999999999957	incomplete_strict_phone_support_for_nine_point_cpps_trajectory
LA_T_6439933_0001	Boundary	True	True			
LA_T_6439933_0001	Interior_A	True	False	-160.00000000000014	-159.99999999999957	incomplete_strict_phone_support_for_nine_point_cpps_trajectory
LA_T_6439933_0001	Interior_B	True	False	0.0	5.551115123125783e-13	incomplete_strict_phone_support_for_nine_point_cpps_trajectory
LA_T_6439933_0002	Boundary	True	False			official_v6_boundary_cpps_invalid_or_incomplete_support
LA_T_6439933_0002	Interior_A	True	False	0.0	5.551115123125783e-13	incomplete_strict_phone_support_for_nine_point_cpps_trajectory
LA_T_6439933_0002	Interior_B	True	False	-80.00000000000185	-80.0000000000013	incomplete_strict_phone_support_for_nine_point_cpps_trajectory
LA_T_6439933_0009	Boundary	True	True			
LA_T_6439933_0009	Interior_A	True	False	-79.9999999999983	-80.0000000000013	incomplete_strict_phone_support_for_nine_point_cpps_trajectory
LA_T_6439933_0009	Interior_B	True	False	-160.00000000000014	-159.99999999999957	incomplete_strict_phone_support_for_nine_point_cpps_trajectory
LA_T_6439933_0012	Boundary	True	False			official_v6_boundary_cpps_invalid_or_incomplete_support
LA_T_6439933_0012	Interior_A	True	False	0.0	-2.9976021664879227e-12	incomplete_strict_phone_support_for_nine_point_cpps_trajectory
LA_T_6439933_0012	Interior_B	True	True	320.0000000000003	319.99999999999727	
LA_T_6439933_0013	Boundary	True	False			official_v6_boundary_cpps_invalid_or_incomplete_support
LA_T_6439933_0013	Interior_A	True	True	320.0000000000003	319.99999999999727	
LA_T_6439933_0013	Interior_B	True	True	80.0000000000054	79.99999999999885	
LA_T_6439933_0014	Boundary	True	False			official_v6_boundary_cpps_invalid_or_incomplete_support
LA_T_6439933_0014	Interior_A	True	True	80.0000000000054	79.99999999999885	
LA_T_6439933_0014	Interior_B	True	True	320.0000000000003	320.00000000000085	
LA_T_6439933_0015	Boundary	True	False			official_v6_boundary_cpps_invalid_or_incomplete_support
LA_T_6439933_0015	Interior_A	True	True	320.0000000000003	320.00000000000085	
LA_T_6439933_0015	Interior_B	True	False	-160.0000000000037	-160.00000000000313	incomplete_strict_phone_support_for_nine_point_cpps_trajectory
LA_T_6439933_0016	Boundary	True	False			official_v6_boundary_cpps_invalid_or_incomplete_support
LA_T_6439933_0016	Interior_A	True	False	-160.0000000000037	-160.00000000000313	incomplete_strict_phone_support_for_nine_point_cpps_trajectory
LA_T_6439933_0016	Interior_B	True	False	0.0	5.551115123125783e-13	incomplete_strict_phone_support_for_nine_point_cpps_trajectory
LA_T_6439933_0019	Boundary	True	False			official_v6_boundary_cpps_invalid_or_incomplete_support
LA_T_6439933_0019	Interior_A	True	False	-80.0000000000054	-79.99999999999774	incomplete_strict_phone_support_for_nine_point_cpps_trajectory
LA_T_6439933_0019	Interior_B	True	False	-160.0000000000037	-159.99999999999602	incomplete_strict_phone_support_for_nine_point_cpps_trajectory
LA_T_6439933_0020	Boundary	True	True			
LA_T_6439933_0020	Interior_A	True	False	-160.0000000000037	-159.99999999999602	incomplete_strict_phone_support_for_nine_point_cpps_trajectory
LA_T_6439933_0020	Interior_B	True	False	-160.0000000000037	-159.99999999999602	incomplete_strict_phone_support_for_nine_point_cpps_trajectory
LA_T_6439933_0024	Boundary	True	True			
LA_T_6439933_0024	Interior_A	True	False	-160.0000000000037	-160.00000000000313	incomplete_strict_phone_support_for_nine_point_cpps_trajectory
LA_T_6439933_0024	Interior_B	True	False	-79.9999999999983	-79.99999999999774	incomplete_strict_phone_support_for_nine_point_cpps_trajectory
LA_T_6439933_0025	Boundary	True	False			official_v6_boundary_cpps_invalid_or_incomplete_support
LA_T_6439933_0025	Interior_A	True	False	-79.9999999999983	-79.99999999999774	incomplete_strict_phone_support_for_nine_point_cpps_trajectory
LA_T_6439933_0025	Interior_B	True	False	0.0	5.551115123125783e-13	incomplete_strict_phone_support_for_nine_point_cpps_trajectory
LA_T_6439933_0028	Boundary	True	True			
LA_T_6439933_0028	Interior_A	True	False	-79.9999999999983	-80.00000000000485	incomplete_strict_phone_support_for_nine_point_cpps_trajectory
LA_T_6439933_0028	Interior_B	True	True	400.0000000000057	399.99999999999915	
LA_T_6439933_0029	Boundary	True	False			official_v6_boundary_cpps_invalid_or_incomplete_support
LA_T_6439933_0029	Interior_A	True	True	400.0000000000057	399.99999999999915	
LA_T_6439933_0029	Interior_B	True	True	239.99999999999488	240.00000000000256	
LA_T_6439933_0030	Boundary	True	False			official_v6_boundary_cpps_invalid_or_incomplete_support
LA_T_6439933_0030	Interior_A	True	True	239.99999999999488	240.00000000000256	
LA_T_6439933_0030	Interior_B	True	False	-79.9999999999983	-80.00000000000485	incomplete_strict_phone_support_for_nine_point_cpps_trajectory
LA_T_6439933_0031	Boundary	True	False			official_v6_boundary_cpps_invalid_or_incomplete_support
LA_T_6439933_0031	Interior_A	True	False	-79.9999999999983	-80.00000000000485	incomplete_strict_phone_support_for_nine_point_cpps_trajectory
LA_T_6439933_0031	Interior_B	True	False	0.0	5.551115123125783e-13	incomplete_strict_phone_support_for_nine_point_cpps_trajectory
LA_T_6439933_0032	Boundary	True	True			
LA_T_6439933_0032	Interior_A	True	False	0.0	5.551115123125783e-13	incomplete_strict_phone_support_for_nine_point_cpps_trajectory
LA_T_6439933_0032	Interior_B	True	False	-79.9999999999983	-79.99999999999774	incomplete_strict_phone_support_for_nine_point_cpps_trajectory
LA_T_6439933_0033	Boundary	True	True			
LA_T_6439933_0033	Interior_A	True	False	-79.9999999999983	-79.99999999999774	incomplete_strict_phone_support_for_nine_point_cpps_trajectory
LA_T_6439933_0033	Interior_B	True	True	319.9999999999932	320.00000000000085	
LA_T_6439933_0034	Boundary	True	False			official_v6_boundary_cpps_invalid_or_incomplete_support
LA_T_6439933_0034	Interior_A	True	True	319.9999999999932	320.00000000000085	
LA_T_6439933_0034	Interior_B	True	True	160.0000000000037	159.99999999999716	
LA_T_6439933_0035	Boundary	True	False			official_v6_boundary_cpps_invalid_or_incomplete_support
LA_T_6439933_0035	Interior_A	True	True	160.0000000000037	159.99999999999716	
LA_T_6439933_0035	Interior_B	True	False	-159.9999999999966	-160.00000000000313	incomplete_strict_phone_support_for_nine_point_cpps_trajectory
LA_T_6439933_0036	Boundary	True	False			official_v6_boundary_cpps_invalid_or_incomplete_support
LA_T_6439933_0036	Interior_A	True	False	-159.9999999999966	-160.00000000000313	incomplete_strict_phone_support_for_nine_point_cpps_trajectory
LA_T_6439933_0036	Interior_B	True	True	79.9999999999983	79.99999999999885	
LA_T_6439933_0039	Boundary	True	True			
LA_T_6439933_0039	Interior_A	True	False	-160.0000000000037	-159.99999999999602	incomplete_strict_phone_support_for_nine_point_cpps_trajectory
LA_T_6439933_0039	Interior_B	True	False	-80.0000000000054	-79.99999999999774	incomplete_strict_phone_support_for_nine_point_cpps_trajectory
LA_T_6439933_0040	Boundary	True	True			
LA_T_6439933_0040	Interior_A	True	False	-80.0000000000054	-79.99999999999774	incomplete_strict_phone_support_for_nine_point_cpps_trajectory
LA_T_6439933_0040	Interior_B	True	False	-160.0000000000108	-159.99999999999602	incomplete_strict_phone_support_for_nine_point_cpps_trajectory
LA_T_6439933_0041	Boundary	True	True			
LA_T_6439933_0041	Interior_A	True	False	-160.0000000000108	-159.99999999999602	incomplete_strict_phone_support_for_nine_point_cpps_trajectory
LA_T_6439933_0041	Interior_B	True	False	-159.9999999999966	-159.99999999999602	incomplete_strict_phone_support_for_nine_point_cpps_trajectory
LA_T_6439933_0042	Boundary	True	True			
LA_T_6439933_0042	Interior_A	True	False	-159.9999999999966	-159.99999999999602	incomplete_strict_phone_support_for_nine_point_cpps_trajectory
LA_T_6439933_0042	Interior_B	True	True	240.0000000000091	239.99999999999545	
LA_T_6439933_0043	Boundary	True	False			official_v6_boundary_cpps_invalid_or_incomplete_support
LA_T_6439933_0043	Interior_A	True	True	240.0000000000091	239.99999999999545	
LA_T_6439933_0043	Interior_B	True	False	-160.0000000000108	-159.99999999999602	incomplete_strict_phone_support_for_nine_point_cpps_trajectory
LA_T_6439933_0047	Boundary	True	False			official_v6_boundary_cpps_invalid_or_incomplete_support
LA_T_6439933_0047	Interior_A	True	True	320.0000000000074	319.99999999999375	
LA_T_6439933_0047	Interior_B	True	False	-160.0000000000108	-159.99999999999602	incomplete_strict_phone_support_for_nine_point_cpps_trajectory
LA_T_6439933_0051	Boundary	True	False			official_v6_boundary_cpps_invalid_or_incomplete_support
LA_T_6439933_0051	Interior_A	True	True	239.99999999999488	239.99999999999545	
LA_T_6439933_0051	Interior_B	True	False	-159.9999999999966	-159.99999999999602	incomplete_strict_phone_support_for_nine_point_cpps_trajectory
LA_T_6439933_0052	Boundary	True	True			
LA_T_6439933_0052	Interior_A	True	False	-159.9999999999966	-159.99999999999602	incomplete_strict_phone_support_for_nine_point_cpps_trajectory
LA_T_6439933_0052	Interior_B	True	True	79.9999999999983	79.99999999999885	
LA_T_6439933_0053	Boundary	True	True			
LA_T_6439933_0053	Interior_A	True	True	79.9999999999983	79.99999999999885	
LA_T_6439933_0053	Interior_B	True	False	-79.9999999999983	-79.99999999999774	incomplete_strict_phone_support_for_nine_point_cpps_trajectory
LA_T_6439933_0054	Boundary	True	True			
LA_T_6439933_0054	Interior_A	True	False	-79.9999999999983	-79.99999999999774	incomplete_strict_phone_support_for_nine_point_cpps_trajectory
LA_T_6439933_0054	Interior_B	True	False	-160.0000000000108	-159.99999999999602	incomplete_strict_phone_support_for_nine_point_cpps_trajectory
LA_T_6440741_0000	Boundary	True	True			
LA_T_6440741_0000	Interior_A	True	False	-80.00000000000007	-79.99999999999952	incomplete_strict_phone_support_for_nine_point_cpps_trajectory
LA_T_6440741_0000	Interior_B	True	False	-80.00000000000007	-80.0000000000004	incomplete_strict_phone_support_for_nine_point_cpps_trajectory
LA_T_6440741_0001	Boundary	True	False			official_v6_boundary_cpps_invalid_or_incomplete_support
LA_T_6440741_0001	Interior_A	True	False	-80.00000000000007	-80.0000000000004	incomplete_strict_phone_support_for_nine_point_cpps_trajectory
LA_T_6440741_0001	Interior_B	True	False	-159.99999999999926	-159.99999999999957	incomplete_strict_phone_support_for_nine_point_cpps_trajectory
LA_T_6440741_0007	Boundary	True	False			official_v6_boundary_cpps_invalid_or_incomplete_support
LA_T_6440741_0007	Interior_A	True	True	160.00000000000014	159.99999999999892	
LA_T_6440741_0007	Interior_B	True	True	320.0000000000003	319.9999999999991	
LA_T_6440741_0008	Boundary	True	False			official_v6_boundary_cpps_invalid_or_incomplete_support
LA_T_6440741_0008	Interior_A	True	True	320.0000000000003	319.9999999999991	
LA_T_6440741_0008	Interior_B	True	True	79.9999999999983	80.0000000000024	
LA_T_6440741_0009	Boundary	True	True			
LA_T_6440741_0009	Interior_A	True	True	79.9999999999983	80.0000000000024	
LA_T_6440741_0009	Interior_B	True	False	0.0	-2.9976021664879227e-12	incomplete_strict_phone_support_for_nine_point_cpps_trajectory
LA_T_6440741_0012	Boundary	True	True			
LA_T_6440741_0012	Interior_A	True	False	-79.9999999999983	-80.0000000000013	incomplete_strict_phone_support_for_nine_point_cpps_trajectory
LA_T_6440741_0012	Interior_B	True	False	-79.9999999999983	-80.0000000000013	incomplete_strict_phone_support_for_nine_point_cpps_trajectory
LA_T_6440741_0013	Boundary	True	True			
LA_T_6440741_0013	Interior_A	True	False	-79.9999999999983	-80.0000000000013	incomplete_strict_phone_support_for_nine_point_cpps_trajectory
LA_T_6440741_0013	Interior_B	True	True	239.99999999999844	239.999999999999	
LA_T_6440741_0014	Boundary	True	True			
LA_T_6440741_0014	Interior_A	True	True	239.99999999999844	239.999999999999	
LA_T_6440741_0014	Interior_B	True	True	320.0000000000003	320.00000000000085	
LA_T_6440741_0015	Boundary	True	False			official_v6_boundary_cpps_invalid_or_incomplete_support
LA_T_6440741_0015	Interior_A	True	True	320.0000000000003	320.00000000000085	
LA_T_6440741_0015	Interior_B	True	True	719.9999999999989	719.9999999999994	
LA_T_6440741_0020	Boundary	True	False			official_v6_boundary_cpps_invalid_or_incomplete_support
LA_T_6440741_0020	Interior_A	True	False	-160.00000000000014	-160.00000000000313	incomplete_strict_phone_support_for_nine_point_cpps_trajectory
LA_T_6440741_0020	Interior_B	True	True	160.0000000000037	159.99999999999716	
LA_T_6440741_0021	Boundary	True	True			
LA_T_6440741_0021	Interior_A	True	True	160.0000000000037	159.99999999999716	
LA_T_6440741_0021	Interior_B	True	True	79.9999999999983	80.00000000000595	
LA_T_6440741_0022	Boundary	True	True			
LA_T_6440741_0022	Interior_A	True	True	79.9999999999983	80.00000000000595	
LA_T_6440741_0022	Interior_B	True	True	79.9999999999983	79.99999999999885	
LA_T_6440741_0027	Boundary	True	False			official_v6_boundary_cpps_invalid_or_incomplete_support
LA_T_6440741_0027	Interior_A	True	True	79.9999999999983	79.99999999999885	
LA_T_6440741_0027	Interior_B	True	False	-79.9999999999983	-79.99999999999774	incomplete_strict_phone_support_for_nine_point_cpps_trajectory
LA_T_6441809_0000	Boundary	True	True			
LA_T_6441809_0000	Interior_A	True	False	-80.00000000000007	-79.99999999999996	incomplete_strict_phone_support_for_nine_point_cpps_trajectory
LA_T_6441809_0000	Interior_B	True	False	-80.00000000000051	-79.99999999999996	incomplete_strict_phone_support_for_nine_point_cpps_trajectory
LA_T_6441809_0001	Boundary	True	True			
LA_T_6441809_0001	Interior_A	True	False	-80.00000000000051	-79.99999999999996	incomplete_strict_phone_support_for_nine_point_cpps_trajectory
LA_T_6441809_0001	Interior_B	True	False	4.440892098500626e-13	-3.3306690738754696e-13	incomplete_strict_phone_support_for_nine_point_cpps_trajectory
LA_T_6441809_0010	Boundary	True	False			official_v6_boundary_cpps_invalid_or_incomplete_support
LA_T_6441809_0010	Interior_A	True	False	-160.00000000000014	-159.99999999999957	incomplete_strict_phone_support_for_nine_point_cpps_trajectory
LA_T_6441809_0010	Interior_B	True	False	0.0	-1.2212453270876722e-12	incomplete_strict_phone_support_for_nine_point_cpps_trajectory
LA_T_6441809_0013	Boundary	True	False			official_v6_boundary_cpps_invalid_or_incomplete_support
LA_T_6441809_0013	Interior_A	True	True	79.9999999999983	80.00000000000063	
LA_T_6441809_0013	Interior_B	True	True	79.9999999999983	80.0000000000024	
LA_T_6441809_0014	Boundary	True	False			official_v6_boundary_cpps_invalid_or_incomplete_support
LA_T_6441809_0014	Interior_A	True	True	79.9999999999983	80.0000000000024	
LA_T_6441809_0014	Interior_B	True	True	79.9999999999983	79.99999999999885	
LA_T_6441809_0015	Boundary	True	False			official_v6_boundary_cpps_invalid_or_incomplete_support
LA_T_6441809_0015	Interior_A	True	True	79.9999999999983	79.99999999999885	
LA_T_6441809_0015	Interior_B	True	False	0.0	5.551115123125783e-13	incomplete_strict_phone_support_for_nine_point_cpps_trajectory
LA_T_6441809_0016	Boundary	True	True			
LA_T_6441809_0016	Interior_A	True	False	0.0	5.551115123125783e-13	incomplete_strict_phone_support_for_nine_point_cpps_trajectory
LA_T_6441809_0016	Interior_B	True	True	80.00000000000185	79.99999999999885	
LA_T_6441809_0017	Boundary	True	False			official_v6_boundary_cpps_invalid_or_incomplete_support
LA_T_6441809_0017	Interior_A	True	True	80.00000000000185	79.99999999999885	
LA_T_6441809_0017	Interior_B	True	True	479.9999999999969	480.00000000000097	
LA_T_6441809_0020	Boundary	True	False			official_v6_boundary_cpps_invalid_or_incomplete_support
LA_T_6441809_0020	Interior_A	True	True	480.00000000000045	479.99999999999744	
LA_T_6441809_0020	Interior_B	True	True	240.000000000002	239.999999999999	
LA_T_6441809_0021	Boundary	True	False			official_v6_boundary_cpps_invalid_or_incomplete_support
LA_T_6441809_0021	Interior_A	True	True	240.000000000002	239.999999999999	
LA_T_6441809_0021	Interior_B	True	True	160.00000000000014	159.99999999999716	
LA_T_6441809_0022	Boundary	True	True			
LA_T_6441809_0022	Interior_A	True	True	160.00000000000014	159.99999999999716	
LA_T_6441809_0022	Interior_B	True	True	1040.0000000000027	1039.9999999999961	
LA_T_6442829_0002	Boundary	True	False			official_v6_boundary_cpps_invalid_or_incomplete_support
LA_T_6442829_0002	Interior_A	True	False	0.0	-2.9976021664879227e-12	incomplete_strict_phone_support_for_nine_point_cpps_trajectory
LA_T_6442829_0002	Interior_B	True	False	0.0	5.551115123125783e-13	incomplete_strict_phone_support_for_nine_point_cpps_trajectory
LA_T_6442829_0003	Boundary	True	False			official_v6_boundary_cpps_invalid_or_incomplete_support
LA_T_6442829_0003	Interior_A	True	False	0.0	5.551115123125783e-13	incomplete_strict_phone_support_for_nine_point_cpps_trajectory
LA_T_6442829_0003	Interior_B	True	False	-160.00000000000014	-159.99999999999957	incomplete_strict_phone_support_for_nine_point_cpps_trajectory
LA_T_6442829_0004	Boundary	True	False			official_v6_boundary_cpps_invalid_or_incomplete_support
LA_T_6442829_0004	Interior_A	True	False	-160.00000000000014	-159.99999999999957	incomplete_strict_phone_support_for_nine_point_cpps_trajectory
LA_T_6442829_0004	Interior_B	True	True	239.99999999999844	239.999999999999	
LA_T_6442829_0005	Boundary	True	False			official_v6_boundary_cpps_invalid_or_incomplete_support
LA_T_6442829_0005	Interior_A	True	True	239.99999999999844	239.999999999999	
LA_T_6442829_0005	Interior_B	True	False	-160.00000000000014	-159.99999999999957	incomplete_strict_phone_support_for_nine_point_cpps_trajectory
LA_T_6442829_0014	Boundary	True	True			
LA_T_6442829_0014	Interior_A	True	False	-79.9999999999983	-79.99999999999774	incomplete_strict_phone_support_for_nine_point_cpps_trajectory
LA_T_6442829_0014	Interior_B	True	False	-80.0000000000054	-79.99999999999774	incomplete_strict_phone_support_for_nine_point_cpps_trajectory
LA_T_6442829_0019	Boundary	True	True			
LA_T_6442829_0019	Interior_A	True	True	560.0000000000023	559.9999999999957	
LA_T_6442829_0019	Interior_B	True	False	-79.9999999999983	-79.99999999999774	incomplete_strict_phone_support_for_nine_point_cpps_trajectory
LA_T_6442829_0020	Boundary	True	False			official_v6_boundary_cpps_invalid_or_incomplete_support
LA_T_6442829_0020	Interior_A	True	False	-79.9999999999983	-79.99999999999774	incomplete_strict_phone_support_for_nine_point_cpps_trajectory
LA_T_6442829_0020	Interior_B	True	False	0.0	5.551115123125783e-13	incomplete_strict_phone_support_for_nine_point_cpps_trajectory
LA_T_6442829_0028	Boundary	True	False			official_v6_boundary_cpps_invalid_or_incomplete_support
LA_T_6442829_0028	Interior_A	True	True	160.0000000000037	159.99999999999716	
LA_T_6442829_0028	Interior_B	True	False	-159.9999999999966	-160.00000000000313	incomplete_strict_phone_support_for_nine_point_cpps_trajectory
LA_T_6442829_0029	Boundary	True	True			
LA_T_6442829_0029	Interior_A	True	False	-159.9999999999966	-160.00000000000313	incomplete_strict_phone_support_for_nine_point_cpps_trajectory
LA_T_6442829_0029	Interior_B	True	False	-80.0000000000054	-79.99999999999774	incomplete_strict_phone_support_for_nine_point_cpps_trajectory
LA_T_6442829_0030	Boundary	True	False			official_v6_boundary_cpps_invalid_or_incomplete_support
LA_T_6442829_0030	Interior_A	True	False	-80.0000000000054	-79.99999999999774	incomplete_strict_phone_support_for_nine_point_cpps_trajectory
LA_T_6442829_0030	Interior_B	True	False	-79.9999999999983	-80.00000000000485	incomplete_strict_phone_support_for_nine_point_cpps_trajectory
LA_T_6442829_0035	Boundary	True	False			official_v6_boundary_cpps_invalid_or_incomplete_support
LA_T_6442829_0035	Interior_A	True	False	-79.9999999999983	-80.00000000000485	incomplete_strict_phone_support_for_nine_point_cpps_trajectory
LA_T_6442829_0035	Interior_B	True	True	160.0000000000037	159.99999999999716	
LA_T_6442829_0039	Boundary	True	True			
LA_T_6442829_0039	Interior_A	True	True	240.0000000000091	239.99999999999545	
LA_T_6442829_0039	Interior_B	True	True	240.0000000000091	239.99999999999545	
LA_T_6442829_0040	Boundary	True	False			official_v6_boundary_cpps_invalid_or_incomplete_support
LA_T_6442829_0040	Interior_A	True	True	240.0000000000091	239.99999999999545	
LA_T_6442829_0040	Interior_B	True	True	1439.9999999999977	1439.9999999999982	
LA_T_6442831_0000	Boundary	True	False			official_v6_boundary_cpps_invalid_or_incomplete_support
LA_T_6442831_0000	Interior_A	True	True	320.0000000000003	320.00000000000085	
LA_T_6442831_0000	Interior_B	True	True	79.9999999999983	79.99999999999885	
LA_T_6442831_0001	Boundary	True	True			
LA_T_6442831_0001	Interior_A	True	True	79.9999999999983	79.99999999999885	
LA_T_6442831_0001	Interior_B	True	False	-79.9999999999983	-80.0000000000013	incomplete_strict_phone_support_for_nine_point_cpps_trajectory
LA_T_6442831_0004	Boundary	True	True			
LA_T_6442831_0004	Interior_A	True	False	0.0	-2.9976021664879227e-12	incomplete_strict_phone_support_for_nine_point_cpps_trajectory
LA_T_6442831_0004	Interior_B	True	True	240.000000000002	239.999999999999	
LA_T_6442831_0007	Boundary	True	False			official_v6_boundary_cpps_invalid_or_incomplete_support
LA_T_6442831_0007	Interior_A	True	False	-160.00000000000014	-159.99999999999957	incomplete_strict_phone_support_for_nine_point_cpps_trajectory
LA_T_6442831_0007	Interior_B	True	True	79.9999999999983	79.99999999999885	
LA_T_6442831_0008	Boundary	True	False			official_v6_boundary_cpps_invalid_or_incomplete_support
LA_T_6442831_0008	Interior_A	True	True	79.9999999999983	79.99999999999885	
LA_T_6442831_0008	Interior_B	True	False	-79.9999999999983	-80.0000000000013	incomplete_strict_phone_support_for_nine_point_cpps_trajectory
LA_T_6442831_0009	Boundary	True	True			
LA_T_6442831_0009	Interior_A	True	False	-79.9999999999983	-80.0000000000013	incomplete_strict_phone_support_for_nine_point_cpps_trajectory
LA_T_6442831_0009	Interior_B	True	False	-160.00000000000014	-159.99999999999957	incomplete_strict_phone_support_for_nine_point_cpps_trajectory
LA_T_6442831_0012	Boundary	True	False			official_v6_boundary_cpps_invalid_or_incomplete_support
LA_T_6442831_0012	Interior_A	True	True	160.00000000000014	160.0000000000007	
LA_T_6442831_0012	Interior_B	True	True	80.00000000000185	79.99999999999885	
LA_T_6442831_0013	Boundary	True	True			
LA_T_6442831_0013	Interior_A	True	True	80.00000000000185	79.99999999999885	
LA_T_6442831_0013	Interior_B	True	True	79.9999999999983	79.99999999999885	
LA_T_6442831_0018	Boundary	True	False			official_v6_boundary_cpps_invalid_or_incomplete_support
LA_T_6442831_0018	Interior_A	True	False	-160.0000000000037	-159.99999999999602	incomplete_strict_phone_support_for_nine_point_cpps_trajectory
LA_T_6442831_0018	Interior_B	True	True	79.9999999999983	79.99999999999885	
LA_T_6442831_0025	Boundary	True	False			official_v6_boundary_cpps_invalid_or_incomplete_support
LA_T_6442831_0025	Interior_A	True	False	0.0	5.551115123125783e-13	incomplete_strict_phone_support_for_nine_point_cpps_trajectory
LA_T_6442831_0025	Interior_B	True	True	79.9999999999983	80.00000000000595	
LA_T_6442831_0026	Boundary	True	False			official_v6_boundary_cpps_invalid_or_incomplete_support
LA_T_6442831_0026	Interior_A	True	True	79.9999999999983	80.00000000000595	
LA_T_6442831_0026	Interior_B	True	False	-160.0000000000037	-160.00000000000313	incomplete_strict_phone_support_for_nine_point_cpps_trajectory
LA_T_6442831_0027	Boundary	True	True			
LA_T_6442831_0027	Interior_A	True	False	-160.0000000000037	-160.00000000000313	incomplete_strict_phone_support_for_nine_point_cpps_trajectory
LA_T_6442831_0027	Interior_B	True	False	-79.9999999999983	-79.99999999999774	incomplete_strict_phone_support_for_nine_point_cpps_trajectory
LA_T_6442831_0028	Boundary	True	True			
LA_T_6442831_0028	Interior_A	True	False	-79.9999999999983	-79.99999999999774	incomplete_strict_phone_support_for_nine_point_cpps_trajectory
LA_T_6442831_0028	Interior_B	True	False	0.0	5.551115123125783e-13	incomplete_strict_phone_support_for_nine_point_cpps_trajectory
LA_T_6442831_0029	Boundary	True	True			
LA_T_6442831_0029	Interior_A	True	False	0.0	5.551115123125783e-13	incomplete_strict_phone_support_for_nine_point_cpps_trajectory
LA_T_6442831_0029	Interior_B	True	True	320.0000000000003	319.99999999999375	
LA_T_6442831_0030	Boundary	True	True			
LA_T_6442831_0030	Interior_A	True	True	320.0000000000003	319.99999999999375	
LA_T_6442831_0030	Interior_B	True	True	960.0000000000009	960.0000000000014	
LA_T_6442831_0034	Boundary	True	True			
LA_T_6442831_0034	Interior_A	True	False	-80.0000000000054	-79.99999999999774	incomplete_strict_phone_support_for_nine_point_cpps_trajectory
LA_T_6442831_0034	Interior_B	True	False	0.0	5.551115123125783e-13	incomplete_strict_phone_support_for_nine_point_cpps_trajectory
LA_T_6442831_0037	Boundary	True	True			
LA_T_6442831_0037	Interior_A	True	False	-80.0000000000054	-79.99999999999774	incomplete_strict_phone_support_for_nine_point_cpps_trajectory
LA_T_6442831_0037	Interior_B	True	False	0.0	-6.5503158452884236e-12	incomplete_strict_phone_support_for_nine_point_cpps_trajectory
LA_T_6442831_0038	Boundary	True	False			official_v6_boundary_cpps_invalid_or_incomplete_support
LA_T_6442831_0038	Interior_A	True	False	0.0	-6.5503158452884236e-12	incomplete_strict_phone_support_for_nine_point_cpps_trajectory
LA_T_6442831_0038	Interior_B	True	False	-79.9999999999983	-79.99999999999774	incomplete_strict_phone_support_for_nine_point_cpps_trajectory
LA_T_6442831_0039	Boundary	True	False			official_v6_boundary_cpps_invalid_or_incomplete_support
LA_T_6442831_0039	Interior_A	True	False	-79.9999999999983	-79.99999999999774	incomplete_strict_phone_support_for_nine_point_cpps_trajectory
LA_T_6442831_0039	Interior_B	True	True	320.0000000000074	319.99999999999375	
LA_T_6442831_0040	Boundary	True	True			
LA_T_6442831_0040	Interior_A	True	True	320.0000000000074	319.99999999999375	
LA_T_6442831_0040	Interior_B	True	False	0.0	5.551115123125783e-13	incomplete_strict_phone_support_for_nine_point_cpps_trajectory
LA_T_6442831_0047	Boundary	True	False			official_v6_boundary_cpps_invalid_or_incomplete_support
LA_T_6442831_0047	Interior_A	True	False	-160.0000000000108	-159.99999999999602	incomplete_strict_phone_support_for_nine_point_cpps_trajectory
LA_T_6442831_0047	Interior_B	True	True	159.9999999999966	160.00000000001137	
LA_T_6442831_0048	Boundary	True	False			official_v6_boundary_cpps_invalid_or_incomplete_support
LA_T_6442831_0048	Interior_A	True	True	159.9999999999966	160.00000000001137	
LA_T_6442831_0048	Interior_B	True	True	399.9999999999915	400.00000000000625	
LA_T_6442831_0049	Boundary	True	True			
LA_T_6442831_0049	Interior_A	True	True	399.9999999999915	400.00000000000625	
LA_T_6442831_0049	Interior_B	True	False	-159.9999999999966	-160.00000000001023	incomplete_strict_phone_support_for_nine_point_cpps_trajectory
LA_T_6442831_0050	Boundary	True	False			official_v6_boundary_cpps_invalid_or_incomplete_support
LA_T_6442831_0050	Interior_A	True	False	-159.9999999999966	-160.00000000001023	incomplete_strict_phone_support_for_nine_point_cpps_trajectory
LA_T_6442831_0050	Interior_B	True	False	-79.9999999999983	-79.99999999999774	incomplete_strict_phone_support_for_nine_point_cpps_trajectory
LA_T_6442831_0055	Boundary	True	True			
LA_T_6442831_0055	Interior_A	True	True	79.9999999999983	79.99999999999885	
LA_T_6442831_0055	Interior_B	True	False	-79.9999999999983	-79.99999999999774	incomplete_strict_phone_support_for_nine_point_cpps_trajectory
LA_T_6442831_0056	Boundary	True	False			official_v6_boundary_cpps_invalid_or_incomplete_support
LA_T_6442831_0056	Interior_A	True	False	-79.9999999999983	-79.99999999999774	incomplete_strict_phone_support_for_nine_point_cpps_trajectory
LA_T_6442831_0056	Interior_B	True	True	79.9999999999983	79.99999999999885	
LA_T_6442831_0057	Boundary	True	False			official_v6_boundary_cpps_invalid_or_incomplete_support
LA_T_6442831_0057	Interior_A	True	True	79.9999999999983	79.99999999999885	
LA_T_6442831_0057	Interior_B	True	True	159.9999999999966	159.99999999999716	
LA_T_6442831_0058	Boundary	True	False			official_v6_boundary_cpps_invalid_or_incomplete_support
LA_T_6442831_0058	Interior_A	True	True	159.9999999999966	159.99999999999716	
LA_T_6442831_0058	Interior_B	True	True	320.0000000000074	319.99999999999375	
LA_T_6442831_0059	Boundary	True	False			official_v6_boundary_cpps_invalid_or_incomplete_support
LA_T_6442831_0059	Interior_A	True	True	320.0000000000074	319.99999999999375	
LA_T_6442831_0059	Interior_B	True	False	-159.9999999999966	-159.99999999999602	incomplete_strict_phone_support_for_nine_point_cpps_trajectory
LA_T_6442831_0060	Boundary	True	False			official_v6_boundary_cpps_invalid_or_incomplete_support
LA_T_6442831_0060	Interior_A	True	False	-159.9999999999966	-159.99999999999602	incomplete_strict_phone_support_for_nine_point_cpps_trajectory
LA_T_6442831_0060	Interior_B	True	True	319.9999999999932	320.00000000000796	
LA_T_6442831_0061	Boundary	True	False			official_v6_boundary_cpps_invalid_or_incomplete_support
LA_T_6442831_0061	Interior_A	True	True	319.9999999999932	320.00000000000796	
LA_T_6442831_0061	Interior_B	True	True	79.9999999999983	79.99999999999885	
LA_T_6445648_0004	Boundary	True	True			
LA_T_6445648_0004	Interior_A	True	False	-3.552713678800501e-12	5.551115123125783e-13	incomplete_strict_phone_support_for_nine_point_cpps_trajectory
LA_T_6445648_0004	Interior_B	True	False	-160.00000000000014	-159.99999999999957	incomplete_strict_phone_support_for_nine_point_cpps_trajectory
LA_T_6445648_0008	Boundary	True	True			
LA_T_6445648_0008	Interior_A	True	False	0.0	-2.9976021664879227e-12	incomplete_strict_phone_support_for_nine_point_cpps_trajectory
LA_T_6445648_0008	Interior_B	True	False	-160.00000000000014	-159.99999999999957	incomplete_strict_phone_support_for_nine_point_cpps_trajectory
LA_T_6445648_0009	Boundary	True	True			
LA_T_6445648_0009	Interior_A	True	False	-160.00000000000014	-159.99999999999957	incomplete_strict_phone_support_for_nine_point_cpps_trajectory
LA_T_6445648_0009	Interior_B	True	False	0.0	5.551115123125783e-13	incomplete_strict_phone_support_for_nine_point_cpps_trajectory
LA_T_6445648_0010	Boundary	True	True			
LA_T_6445648_0010	Interior_A	True	False	0.0	5.551115123125783e-13	incomplete_strict_phone_support_for_nine_point_cpps_trajectory
LA_T_6445648_0010	Interior_B	True	False	-160.00000000000014	-159.99999999999957	incomplete_strict_phone_support_for_nine_point_cpps_trajectory
LA_T_6445648_0013	Boundary	True	True			
LA_T_6445648_0013	Interior_A	True	True	480.00000000000045	479.99999999999744	
LA_T_6445648_0013	Interior_B	True	False	0.0	5.551115123125783e-13	incomplete_strict_phone_support_for_nine_point_cpps_trajectory
LA_T_6445648_0014	Boundary	True	True			
LA_T_6445648_0014	Interior_A	True	False	0.0	5.551115123125783e-13	incomplete_strict_phone_support_for_nine_point_cpps_trajectory
LA_T_6445648_0014	Interior_B	True	False	-79.9999999999983	-79.99999999999774	incomplete_strict_phone_support_for_nine_point_cpps_trajectory
LA_T_6445648_0017	Boundary	True	True			
LA_T_6445648_0017	Interior_A	True	True	159.9999999999966	159.99999999999716	
LA_T_6445648_0017	Interior_B	True	False	-79.9999999999983	-79.99999999999774	incomplete_strict_phone_support_for_nine_point_cpps_trajectory
LA_T_6445648_0020	Boundary	True	False			official_v6_boundary_cpps_invalid_or_incomplete_support
LA_T_6445648_0020	Interior_A	True	False	-79.9999999999983	-79.99999999999774	incomplete_strict_phone_support_for_nine_point_cpps_trajectory
LA_T_6445648_0020	Interior_B	True	False	-7.105427357601002e-12	5.551115123125783e-13	incomplete_strict_phone_support_for_nine_point_cpps_trajectory
LA_T_6445648_0023	Boundary	True	False			official_v6_boundary_cpps_invalid_or_incomplete_support
LA_T_6445648_0023	Interior_A	True	True	239.99999999999488	240.00000000000256	
LA_T_6445648_0023	Interior_B	True	False	-160.0000000000037	-159.99999999999602	incomplete_strict_phone_support_for_nine_point_cpps_trajectory
LA_T_6445648_0024	Boundary	True	True			
LA_T_6445648_0024	Interior_A	True	False	-160.0000000000037	-159.99999999999602	incomplete_strict_phone_support_for_nine_point_cpps_trajectory
LA_T_6445648_0024	Interior_B	True	False	-79.9999999999983	-80.00000000000485	incomplete_strict_phone_support_for_nine_point_cpps_trajectory
LA_T_6445648_0025	Boundary	True	True			
LA_T_6445648_0025	Interior_A	True	False	-79.9999999999983	-80.00000000000485	incomplete_strict_phone_support_for_nine_point_cpps_trajectory
LA_T_6445648_0025	Interior_B	True	False	-159.9999999999966	-160.00000000000313	incomplete_strict_phone_support_for_nine_point_cpps_trajectory
LA_T_6445648_0026	Boundary	True	True			
LA_T_6445648_0026	Interior_A	True	False	-159.9999999999966	-160.00000000000313	incomplete_strict_phone_support_for_nine_point_cpps_trajectory
LA_T_6445648_0026	Interior_B	True	True	320.0000000000003	320.00000000000085	
LA_T_6445648_0027	Boundary	True	True			
LA_T_6445648_0027	Interior_A	True	True	320.0000000000003	320.00000000000085	
LA_T_6445648_0027	Interior_B	True	True	159.9999999999966	160.00000000000426	
LA_T_6445648_0028	Boundary	True	True			
LA_T_6445648_0028	Interior_A	True	True	159.9999999999966	160.00000000000426	
LA_T_6445648_0028	Interior_B	True	False	-160.0000000000037	-159.99999999999602	incomplete_strict_phone_support_for_nine_point_cpps_trajectory
LA_T_6445648_0029	Boundary	True	True			
LA_T_6445648_0029	Interior_A	True	False	-160.0000000000037	-159.99999999999602	incomplete_strict_phone_support_for_nine_point_cpps_trajectory
LA_T_6445648_0029	Interior_B	True	True	159.9999999999966	159.99999999999716	
LA_T_6445648_0030	Boundary	True	False			official_v6_boundary_cpps_invalid_or_incomplete_support
LA_T_6445648_0030	Interior_A	True	True	159.9999999999966	159.99999999999716	
LA_T_6445648_0030	Interior_B	True	True	240.000000000002	240.00000000000256	
LA_T_6445648_0033	Boundary	True	True			
LA_T_6445648_0033	Interior_A	True	False	-159.9999999999966	-160.00000000000313	incomplete_strict_phone_support_for_nine_point_cpps_trajectory
LA_T_6445648_0033	Interior_B	True	True	160.0000000000037	159.99999999999716	
LA_T_6445648_0034	Boundary	True	False			official_v6_boundary_cpps_invalid_or_incomplete_support
LA_T_6445648_0034	Interior_A	True	True	160.0000000000037	159.99999999999716	
LA_T_6445648_0034	Interior_B	True	True	239.99999999999488	240.00000000000256	
LA_T_6445648_0035	Boundary	True	False			official_v6_boundary_cpps_invalid_or_incomplete_support
LA_T_6445648_0035	Interior_A	True	True	239.99999999999488	240.00000000000256	
LA_T_6445648_0035	Interior_B	True	False	-79.9999999999983	-80.00000000000485	incomplete_strict_phone_support_for_nine_point_cpps_trajectory
LA_T_6445648_0036	Boundary	True	True			
LA_T_6445648_0036	Interior_A	True	False	-79.9999999999983	-80.00000000000485	incomplete_strict_phone_support_for_nine_point_cpps_trajectory
LA_T_6445648_0036	Interior_B	True	False	-159.9999999999966	-160.00000000000313	incomplete_strict_phone_support_for_nine_point_cpps_trajectory
LA_T_6445648_0037	Boundary	True	True			
LA_T_6445648_0037	Interior_A	True	False	-159.9999999999966	-160.00000000000313	incomplete_strict_phone_support_for_nine_point_cpps_trajectory
LA_T_6445648_0037	Interior_B	True	False	-159.9999999999966	-160.00000000000313	incomplete_strict_phone_support_for_nine_point_cpps_trajectory
LA_T_6445648_0038	Boundary	True	False			official_v6_boundary_cpps_invalid_or_incomplete_support
LA_T_6445648_0038	Interior_A	True	False	-159.9999999999966	-160.00000000000313	incomplete_strict_phone_support_for_nine_point_cpps_trajectory
LA_T_6445648_0038	Interior_B	True	False	0.0	5.551115123125783e-13	incomplete_strict_phone_support_for_nine_point_cpps_trajectory
LA_T_6445648_0041	Boundary	True	False			official_v6_boundary_cpps_invalid_or_incomplete_support
LA_T_6445648_0041	Interior_A	True	False	0.0	5.551115123125783e-13	incomplete_strict_phone_support_for_nine_point_cpps_trajectory
LA_T_6445648_0041	Interior_B	True	False	-79.9999999999983	-79.99999999999774	incomplete_strict_phone_support_for_nine_point_cpps_trajectory
LA_T_6445648_0042	Boundary	True	False			official_v6_boundary_cpps_invalid_or_incomplete_support
LA_T_6445648_0042	Interior_A	True	False	-79.9999999999983	-79.99999999999774	incomplete_strict_phone_support_for_nine_point_cpps_trajectory
LA_T_6445648_0042	Interior_B	True	False	-159.9999999999966	-160.00000000001023	incomplete_strict_phone_support_for_nine_point_cpps_trajectory
LA_T_6445648_0050	Boundary	True	True			
LA_T_6445648_0050	Interior_A	True	False	0.0	5.551115123125783e-13	incomplete_strict_phone_support_for_nine_point_cpps_trajectory
LA_T_6445648_0050	Interior_B	True	False	-159.9999999999966	-159.99999999999602	incomplete_strict_phone_support_for_nine_point_cpps_trajectory
LA_T_6445648_0051	Boundary	True	True			
LA_T_6445648_0051	Interior_A	True	False	-159.9999999999966	-159.99999999999602	incomplete_strict_phone_support_for_nine_point_cpps_trajectory
LA_T_6445648_0051	Interior_B	True	False	-79.9999999999983	-80.00000000001195	incomplete_strict_phone_support_for_nine_point_cpps_trajectory
LA_T_6445648_0052	Boundary	True	True			
LA_T_6445648_0052	Interior_A	True	False	-79.9999999999983	-80.00000000001195	incomplete_strict_phone_support_for_nine_point_cpps_trajectory
LA_T_6445648_0052	Interior_B	True	True	400.0000000000057	400.00000000000625	
LA_T_6446557_0001	Boundary	True	True			
LA_T_6446557_0001	Interior_A	True	True	160.00000000000014	160.0000000000007	
LA_T_6446557_0001	Interior_B	True	True	79.9999999999983	79.99999999999885	
LA_T_6446557_0002	Boundary	True	True			
LA_T_6446557_0002	Interior_A	True	True	79.9999999999983	79.99999999999885	
LA_T_6446557_0002	Interior_B	True	True	80.00000000000185	79.99999999999885	
LA_T_6446557_0003	Boundary	True	True			
LA_T_6446557_0003	Interior_A	True	True	80.00000000000185	79.99999999999885	
LA_T_6446557_0003	Interior_B	True	False	-160.00000000000014	-159.99999999999957	incomplete_strict_phone_support_for_nine_point_cpps_trajectory
LA_T_6446557_0004	Boundary	True	False			official_v6_boundary_cpps_invalid_or_incomplete_support
LA_T_6446557_0004	Interior_A	True	False	-160.00000000000014	-159.99999999999957	incomplete_strict_phone_support_for_nine_point_cpps_trajectory
LA_T_6446557_0004	Interior_B	True	False	0.0	-2.9976021664879227e-12	incomplete_strict_phone_support_for_nine_point_cpps_trajectory
LA_T_6446557_0005	Boundary	True	False			official_v6_boundary_cpps_invalid_or_incomplete_support
LA_T_6446557_0005	Interior_A	True	False	0.0	-2.9976021664879227e-12	incomplete_strict_phone_support_for_nine_point_cpps_trajectory
LA_T_6446557_0005	Interior_B	True	False	-160.00000000000014	-159.99999999999957	incomplete_strict_phone_support_for_nine_point_cpps_trajectory
LA_T_6446557_0008	Boundary	True	True			
LA_T_6446557_0008	Interior_A	True	False	0.0	5.551115123125783e-13	incomplete_strict_phone_support_for_nine_point_cpps_trajectory
LA_T_6446557_0008	Interior_B	True	False	-80.00000000000185	-80.0000000000013	incomplete_strict_phone_support_for_nine_point_cpps_trajectory
LA_T_6446557_0009	Boundary	True	True			
LA_T_6446557_0009	Interior_A	True	False	-80.00000000000185	-80.0000000000013	incomplete_strict_phone_support_for_nine_point_cpps_trajectory
LA_T_6446557_0009	Interior_B	True	False	-79.9999999999983	-80.0000000000013	incomplete_strict_phone_support_for_nine_point_cpps_trajectory
LA_T_6446557_0012	Boundary	True	False			official_v6_boundary_cpps_invalid_or_incomplete_support
LA_T_6446557_0012	Interior_A	True	False	0.0	5.551115123125783e-13	incomplete_strict_phone_support_for_nine_point_cpps_trajectory
LA_T_6446557_0012	Interior_B	True	False	0.0	5.551115123125783e-13	incomplete_strict_phone_support_for_nine_point_cpps_trajectory
LA_T_6446557_0013	Boundary	True	False			official_v6_boundary_cpps_invalid_or_incomplete_support
LA_T_6446557_0013	Interior_A	True	False	0.0	5.551115123125783e-13	incomplete_strict_phone_support_for_nine_point_cpps_trajectory
LA_T_6446557_0013	Interior_B	True	True	320.0000000000003	319.99999999999375	
LA_T_6446557_0014	Boundary	True	True			
LA_T_6446557_0014	Interior_A	True	True	320.0000000000003	319.99999999999375	
LA_T_6446557_0014	Interior_B	True	False	-159.9999999999966	-160.00000000000313	incomplete_strict_phone_support_for_nine_point_cpps_trajectory
LA_T_6446557_0015	Boundary	True	True			
LA_T_6446557_0015	Interior_A	True	False	-159.9999999999966	-160.00000000000313	incomplete_strict_phone_support_for_nine_point_cpps_trajectory
LA_T_6446557_0015	Interior_B	True	True	640.0000000000006	640.0000000000011	
LA_T_6448583_0000	Boundary	True	True			
LA_T_6448583_0000	Interior_A	True	True	80.00000000000007	79.99999999999996	
LA_T_6448583_0000	Interior_B	True	False	-160.00000000000014	-160.00000000000003	incomplete_strict_phone_support_for_nine_point_cpps_trajectory
LA_T_6448583_0001	Boundary	True	False			official_v6_boundary_cpps_invalid_or_incomplete_support
LA_T_6448583_0001	Interior_A	True	False	-160.00000000000014	-160.00000000000003	incomplete_strict_phone_support_for_nine_point_cpps_trajectory
LA_T_6448583_0001	Interior_B	True	False	0.0	-3.3306690738754696e-13	incomplete_strict_phone_support_for_nine_point_cpps_trajectory
LA_T_6448583_0004	Boundary	True	False			official_v6_boundary_cpps_invalid_or_incomplete_support
LA_T_6448583_0004	Interior_A	True	True	80.00000000000007	79.99999999999974	
LA_T_6448583_0004	Interior_B	True	True	320.0000000000003	320.00000000000085	
LA_T_6448583_0005	Boundary	True	False			official_v6_boundary_cpps_invalid_or_incomplete_support
LA_T_6448583_0005	Interior_A	True	True	320.0000000000003	320.00000000000085	
LA_T_6448583_0005	Interior_B	True	False	-160.00000000000014	-160.00000000000136	incomplete_strict_phone_support_for_nine_point_cpps_trajectory
LA_T_6448583_0014	Boundary	True	False			official_v6_boundary_cpps_invalid_or_incomplete_support
LA_T_6448583_0014	Interior_A	True	True	160.00000000000014	160.0000000000007	
LA_T_6448583_0014	Interior_B	True	False	0.0	-2.9976021664879227e-12	incomplete_strict_phone_support_for_nine_point_cpps_trajectory
LA_T_6448583_0023	Boundary	True	True			
LA_T_6448583_0023	Interior_A	True	False	-79.9999999999983	-80.0000000000013	incomplete_strict_phone_support_for_nine_point_cpps_trajectory
LA_T_6448583_0023	Interior_B	True	False	0.0	5.551115123125783e-13	incomplete_strict_phone_support_for_nine_point_cpps_trajectory
LA_T_6448583_0024	Boundary	True	True			
LA_T_6448583_0024	Interior_A	True	False	0.0	5.551115123125783e-13	incomplete_strict_phone_support_for_nine_point_cpps_trajectory
LA_T_6448583_0024	Interior_B	True	False	0.0	-2.9976021664879227e-12	incomplete_strict_phone_support_for_nine_point_cpps_trajectory
LA_T_6448583_0025	Boundary	True	True			
LA_T_6448583_0025	Interior_A	True	False	0.0	-2.9976021664879227e-12	incomplete_strict_phone_support_for_nine_point_cpps_trajectory
LA_T_6448583_0025	Interior_B	True	False	-160.00000000000014	-159.99999999999957	incomplete_strict_phone_support_for_nine_point_cpps_trajectory
LA_T_6448583_0026	Boundary	True	True			
LA_T_6448583_0026	Interior_A	True	False	-160.00000000000014	-159.99999999999957	incomplete_strict_phone_support_for_nine_point_cpps_trajectory
LA_T_6448583_0026	Interior_B	True	True	79.9999999999983	79.99999999999885	
LA_T_6448583_0029	Boundary	True	True			
LA_T_6448583_0029	Interior_A	True	False	-79.9999999999983	-80.00000000000485	incomplete_strict_phone_support_for_nine_point_cpps_trajectory
LA_T_6448583_0029	Interior_B	True	True	160.0000000000037	159.99999999999716	
LA_T_6448583_0032	Boundary	True	False			official_v6_boundary_cpps_invalid_or_incomplete_support
LA_T_6448583_0032	Interior_A	True	True	160.0000000000037	159.99999999999716	
LA_T_6448583_0032	Interior_B	True	True	80.0000000000054	79.99999999999885	
LA_T_6448583_0033	Boundary	True	True			
LA_T_6448583_0033	Interior_A	True	True	80.0000000000054	79.99999999999885	
LA_T_6448583_0033	Interior_B	True	False	-79.9999999999983	-80.00000000000485	incomplete_strict_phone_support_for_nine_point_cpps_trajectory
LA_T_6449878_0000	Boundary	True	False			official_v6_boundary_cpps_invalid_or_incomplete_support
LA_T_6449878_0000	Interior_A	True	True	80.00000000000007	80.00000000000063	
LA_T_6449878_0000	Interior_B	True	True	80.00000000000007	80.00000000000063	
LA_T_6449878_0001	Boundary	True	False			official_v6_boundary_cpps_invalid_or_incomplete_support
LA_T_6449878_0001	Interior_A	True	True	80.00000000000007	80.00000000000063	
LA_T_6449878_0001	Interior_B	True	False	-80.00000000000185	-79.99999999999952	incomplete_strict_phone_support_for_nine_point_cpps_trajectory
LA_T_6449878_0002	Boundary	True	True			
LA_T_6449878_0002	Interior_A	True	False	-80.00000000000185	-79.99999999999952	incomplete_strict_phone_support_for_nine_point_cpps_trajectory
LA_T_6449878_0002	Interior_B	True	True	80.00000000000007	79.99999999999885	
LA_T_6449878_0003	Boundary	True	True			
LA_T_6449878_0003	Interior_A	True	True	80.00000000000007	79.99999999999885	
LA_T_6449878_0003	Interior_B	True	False	-80.00000000000007	-79.99999999999952	incomplete_strict_phone_support_for_nine_point_cpps_trajectory
LA_T_6449878_0004	Boundary	True	True			
LA_T_6449878_0004	Interior_A	True	False	-80.00000000000007	-79.99999999999952	incomplete_strict_phone_support_for_nine_point_cpps_trajectory
LA_T_6449878_0004	Interior_B	True	True	480.00000000000045	479.9999999999992	
LA_T_6449878_0005	Boundary	True	False			official_v6_boundary_cpps_invalid_or_incomplete_support
LA_T_6449878_0005	Interior_A	True	True	480.00000000000045	479.9999999999992	
LA_T_6449878_0005	Interior_B	True	True	79.9999999999983	80.00000000000063	
LA_T_6449878_0006	Boundary	True	False			official_v6_boundary_cpps_invalid_or_incomplete_support
LA_T_6449878_0006	Interior_A	True	True	79.9999999999983	80.00000000000063	
LA_T_6449878_0006	Interior_B	True	True	80.00000000000185	79.99999999999885	
LA_T_6449878_0008	Boundary	True	True			
LA_T_6449878_0008	Interior_A	True	False	-160.0000000000037	-159.99999999999957	incomplete_strict_phone_support_for_nine_point_cpps_trajectory
LA_T_6449878_0008	Interior_B	True	True	480.00000000000045	480.00000000000097	
LA_T_6449878_0009	Boundary	True	False			official_v6_boundary_cpps_invalid_or_incomplete_support
LA_T_6449878_0009	Interior_A	True	True	480.00000000000045	480.00000000000097	
LA_T_6449878_0009	Interior_B	True	True	399.9999999999986	399.99999999999915	
LA_T_6449878_0010	Boundary	True	False			official_v6_boundary_cpps_invalid_or_incomplete_support
LA_T_6449878_0010	Interior_A	True	True	399.9999999999986	399.99999999999915	
LA_T_6449878_0010	Interior_B	True	True	1440.0000000000014	1439.9999999999982	
LA_T_6452800_0005	Boundary	True	True			
LA_T_6452800_0005	Interior_A	True	True	80.00000000000185	79.99999999999885	
LA_T_6452800_0005	Interior_B	True	False	-160.00000000000014	-159.99999999999957	incomplete_strict_phone_support_for_nine_point_cpps_trajectory
LA_T_6452800_0006	Boundary	True	False			official_v6_boundary_cpps_invalid_or_incomplete_support
LA_T_6452800_0006	Interior_A	True	False	-160.00000000000014	-159.99999999999957	incomplete_strict_phone_support_for_nine_point_cpps_trajectory
LA_T_6452800_0006	Interior_B	True	True	79.9999999999983	79.99999999999885	
LA_T_6452800_0010	Boundary	True	False			official_v6_boundary_cpps_invalid_or_incomplete_support
LA_T_6452800_0010	Interior_A	True	True	79.9999999999983	80.0000000000024	
LA_T_6452800_0010	Interior_B	True	True	319.9999999999967	320.00000000000085	
LA_T_6452800_0011	Boundary	True	False			official_v6_boundary_cpps_invalid_or_incomplete_support
LA_T_6452800_0011	Interior_A	True	True	319.9999999999967	320.00000000000085	
LA_T_6452800_0011	Interior_B	True	True	160.00000000000014	159.99999999999716	
LA_T_6452800_0016	Boundary	True	True			
LA_T_6452800_0016	Interior_A	True	True	240.000000000002	240.00000000000256	
LA_T_6452800_0016	Interior_B	True	False	0.0	5.551115123125783e-13	incomplete_strict_phone_support_for_nine_point_cpps_trajectory
LA_T_6452800_0017	Boundary	True	True			
LA_T_6452800_0017	Interior_A	True	False	0.0	5.551115123125783e-13	incomplete_strict_phone_support_for_nine_point_cpps_trajectory
LA_T_6452800_0017	Interior_B	True	False	-80.0000000000054	-79.99999999999774	incomplete_strict_phone_support_for_nine_point_cpps_trajectory
LA_T_6452800_0020	Boundary	True	True			
LA_T_6452800_0020	Interior_A	True	False	-159.9999999999966	-160.00000000000313	incomplete_strict_phone_support_for_nine_point_cpps_trajectory
LA_T_6452800_0020	Interior_B	True	True	160.0000000000037	159.99999999999716	
LA_T_6452800_0023	Boundary	True	True			
LA_T_6452800_0023	Interior_A	True	False	-159.9999999999966	-160.00000000000313	incomplete_strict_phone_support_for_nine_point_cpps_trajectory
LA_T_6452800_0023	Interior_B	True	False	-159.9999999999966	-160.00000000000313	incomplete_strict_phone_support_for_nine_point_cpps_trajectory
LA_T_6452800_0024	Boundary	True	True			
LA_T_6452800_0024	Interior_A	True	False	-159.9999999999966	-160.00000000000313	incomplete_strict_phone_support_for_nine_point_cpps_trajectory
LA_T_6452800_0024	Interior_B	True	True	160.0000000000037	159.99999999999716	
LA_T_6452800_0025	Boundary	True	False			official_v6_boundary_cpps_invalid_or_incomplete_support
LA_T_6452800_0025	Interior_A	True	True	160.0000000000037	159.99999999999716	
LA_T_6452800_0025	Interior_B	True	True	79.9999999999983	79.99999999999885	
LA_T_6452800_0045	Boundary	True	True			
LA_T_6452800_0045	Interior_A	True	True	640.0000000000006	640.0000000000011	
LA_T_6452800_0045	Interior_B	True	True	319.9999999999932	319.99999999999375	
LA_T_6454597_0000	Boundary	True	False			official_v6_boundary_cpps_invalid_or_incomplete_support
LA_T_6454597_0000	Interior_A	True	True	399.9999999999986	399.99999999999915	
LA_T_6454597_0000	Interior_B	True	True	80.00000000000185	79.99999999999885	
LA_T_6454597_0001	Boundary	True	True			
LA_T_6454597_0001	Interior_A	True	True	80.00000000000185	79.99999999999885	
LA_T_6454597_0001	Interior_B	True	True	319.9999999999967	320.00000000000085	
LA_T_6454597_0006	Boundary	True	False			official_v6_boundary_cpps_invalid_or_incomplete_support
LA_T_6454597_0006	Interior_A	True	False	-160.00000000000014	-159.99999999999957	incomplete_strict_phone_support_for_nine_point_cpps_trajectory
LA_T_6454597_0006	Interior_B	True	True	160.00000000000014	159.99999999999716	
LA_T_6454597_0011	Boundary	True	False			official_v6_boundary_cpps_invalid_or_incomplete_support
LA_T_6454597_0011	Interior_A	True	False	-159.9999999999966	-160.00000000000313	incomplete_strict_phone_support_for_nine_point_cpps_trajectory
LA_T_6454597_0011	Interior_B	True	True	160.0000000000037	159.99999999999716	
LA_T_6454597_0012	Boundary	True	False			official_v6_boundary_cpps_invalid_or_incomplete_support
LA_T_6454597_0012	Interior_A	True	True	160.0000000000037	159.99999999999716	
LA_T_6454597_0012	Interior_B	True	False	-79.9999999999983	-80.00000000000485	incomplete_strict_phone_support_for_nine_point_cpps_trajectory
LA_T_6454597_0013	Boundary	True	True			
LA_T_6454597_0013	Interior_A	True	False	-79.9999999999983	-80.00000000000485	incomplete_strict_phone_support_for_nine_point_cpps_trajectory
LA_T_6454597_0013	Interior_B	True	False	0.0	5.551115123125783e-13	incomplete_strict_phone_support_for_nine_point_cpps_trajectory
LA_T_6454597_0014	Boundary	True	False			official_v6_boundary_cpps_invalid_or_incomplete_support
LA_T_6454597_0014	Interior_A	True	False	0.0	5.551115123125783e-13	incomplete_strict_phone_support_for_nine_point_cpps_trajectory
LA_T_6454597_0014	Interior_B	True	False	0.0	5.551115123125783e-13	incomplete_strict_phone_support_for_nine_point_cpps_trajectory
LA_T_6454597_0018	Boundary	True	True			
LA_T_6454597_0018	Interior_A	True	True	160.0000000000037	159.99999999999716	
LA_T_6454597_0018	Interior_B	True	True	240.000000000002	240.00000000000256	
LA_T_6454597_0019	Boundary	True	True			
LA_T_6454597_0019	Interior_A	True	True	240.000000000002	240.00000000000256	
LA_T_6454597_0019	Interior_B	True	False	-79.9999999999983	-80.00000000000485	incomplete_strict_phone_support_for_nine_point_cpps_trajectory
LA_T_6454597_0022	Boundary	True	True			
LA_T_6454597_0022	Interior_A	True	True	79.9999999999983	80.00000000000595	
LA_T_6454597_0022	Interior_B	True	False	-79.9999999999983	-80.00000000000485	incomplete_strict_phone_support_for_nine_point_cpps_trajectory
LA_T_6454597_0023	Boundary	True	False			official_v6_boundary_cpps_invalid_or_incomplete_support
LA_T_6454597_0023	Interior_A	True	False	-79.9999999999983	-80.00000000000485	incomplete_strict_phone_support_for_nine_point_cpps_trajectory
LA_T_6454597_0023	Interior_B	True	True	399.9999999999986	399.99999999999915	
LA_T_6454597_0024	Boundary	True	False			official_v6_boundary_cpps_invalid_or_incomplete_support
LA_T_6454597_0024	Interior_A	True	True	399.9999999999986	399.99999999999915	
LA_T_6454597_0024	Interior_B	True	False	-79.9999999999983	-79.99999999999774	incomplete_strict_phone_support_for_nine_point_cpps_trajectory
LA_T_6454597_0025	Boundary	True	True			
LA_T_6454597_0025	Interior_A	True	False	-79.9999999999983	-79.99999999999774	incomplete_strict_phone_support_for_nine_point_cpps_trajectory
LA_T_6454597_0025	Interior_B	True	True	79.9999999999983	79.99999999999885	
LA_T_6454597_0026	Boundary	True	False			official_v6_boundary_cpps_invalid_or_incomplete_support
LA_T_6454597_0026	Interior_A	True	True	79.9999999999983	79.99999999999885	
LA_T_6454597_0026	Interior_B	True	False	-79.9999999999983	-80.00000000000485	incomplete_strict_phone_support_for_nine_point_cpps_trajectory
LA_T_6454597_0029	Boundary	True	True			
LA_T_6454597_0029	Interior_A	True	False	-79.9999999999983	-79.99999999999774	incomplete_strict_phone_support_for_nine_point_cpps_trajectory
LA_T_6454597_0029	Interior_B	True	True	159.9999999999966	159.99999999999716	
LA_T_6454597_0030	Boundary	True	True			
LA_T_6454597_0030	Interior_A	True	True	159.9999999999966	159.99999999999716	
LA_T_6454597_0030	Interior_B	True	False	0.0	5.551115123125783e-13	incomplete_strict_phone_support_for_nine_point_cpps_trajectory
LA_T_6454597_0031	Boundary	True	True			
LA_T_6454597_0031	Interior_A	True	False	0.0	5.551115123125783e-13	incomplete_strict_phone_support_for_nine_point_cpps_trajectory
LA_T_6454597_0031	Interior_B	True	True	79.9999999999983	79.99999999999885	
LA_T_6454597_0036	Boundary	True	True			
LA_T_6454597_0036	Interior_A	True	True	960.0000000000009	959.9999999999943	
LA_T_6454597_0036	Interior_B	True	True	960.000000000008	959.9999999999943	
LA_T_6459468_0000	Boundary	True	True			
LA_T_6459468_0000	Interior_A	True	False	0.0	-3.3306690738754696e-13	incomplete_strict_phone_support_for_nine_point_cpps_trajectory
LA_T_6459468_0000	Interior_B	True	False	-8.881784197001252e-13	1.4432899320127035e-12	incomplete_strict_phone_support_for_nine_point_cpps_trajectory
LA_T_6459468_0001	Boundary	True	True			
LA_T_6459468_0001	Interior_A	True	False	-8.881784197001252e-13	1.4432899320127035e-12	incomplete_strict_phone_support_for_nine_point_cpps_trajectory
LA_T_6459468_0001	Interior_B	True	False	8.881784197001252e-13	-1.2212453270876722e-12	incomplete_strict_phone_support_for_nine_point_cpps_trajectory
LA_T_6459468_0004	Boundary	True	True			
LA_T_6459468_0004	Interior_A	True	False	0.0	5.551115123125783e-13	incomplete_strict_phone_support_for_nine_point_cpps_trajectory
LA_T_6459468_0004	Interior_B	True	True	80.00000000000007	79.99999999999885	
LA_T_6459468_0005	Boundary	True	True			
LA_T_6459468_0005	Interior_A	True	True	80.00000000000007	79.99999999999885	
LA_T_6459468_0005	Interior_B	True	True	239.99999999999844	240.00000000000077	
LA_T_6459468_0006	Boundary	True	True			
LA_T_6459468_0006	Interior_A	True	True	239.99999999999844	240.00000000000077	
LA_T_6459468_0006	Interior_B	True	True	160.00000000000014	159.99999999999892	
LA_T_6459468_0007	Boundary	True	True			
LA_T_6459468_0007	Interior_A	True	True	160.00000000000014	159.99999999999892	
LA_T_6459468_0007	Interior_B	True	False	-160.00000000000014	-159.99999999999957	incomplete_strict_phone_support_for_nine_point_cpps_trajectory
LA_T_6459468_0012	Boundary	True	True			
LA_T_6459468_0012	Interior_A	True	False	-79.9999999999983	-80.0000000000013	incomplete_strict_phone_support_for_nine_point_cpps_trajectory
LA_T_6459468_0012	Interior_B	True	False	0.0	5.551115123125783e-13	incomplete_strict_phone_support_for_nine_point_cpps_trajectory
LA_T_6459468_0013	Boundary	True	True			
LA_T_6459468_0013	Interior_A	True	False	0.0	5.551115123125783e-13	incomplete_strict_phone_support_for_nine_point_cpps_trajectory
LA_T_6459468_0013	Interior_B	True	False	-80.00000000000185	-80.0000000000013	incomplete_strict_phone_support_for_nine_point_cpps_trajectory
LA_T_6459468_0014	Boundary	True	False			official_v6_boundary_cpps_invalid_or_incomplete_support
LA_T_6459468_0014	Interior_A	True	False	-80.00000000000185	-80.0000000000013	incomplete_strict_phone_support_for_nine_point_cpps_trajectory
LA_T_6459468_0014	Interior_B	True	True	400.00000000000216	399.99999999999915	
LA_T_6459468_0018	Boundary	True	True			
LA_T_6459468_0018	Interior_A	True	True	159.9999999999966	160.0000000000007	
LA_T_6459468_0018	Interior_B	True	True	960.0000000000009	959.9999999999978	
LA_T_6459468_0019	Boundary	True	True			
LA_T_6459468_0019	Interior_A	True	True	960.0000000000009	959.9999999999978	
LA_T_6459468_0019	Interior_B	True	True	1040.0000000000027	1039.9999999999995	
LA_T_6462121_0002	Boundary	True	True			
LA_T_6462121_0002	Interior_A	True	False	-160.00000000000014	-159.99999999999957	incomplete_strict_phone_support_for_nine_point_cpps_trajectory
LA_T_6462121_0002	Interior_B	True	False	0.0	-1.2212453270876722e-12	incomplete_strict_phone_support_for_nine_point_cpps_trajectory
LA_T_6462121_0003	Boundary	True	False			official_v6_boundary_cpps_invalid_or_incomplete_support
LA_T_6462121_0003	Interior_A	True	False	0.0	-1.2212453270876722e-12	incomplete_strict_phone_support_for_nine_point_cpps_trajectory
LA_T_6462121_0003	Interior_B	True	False	-160.00000000000014	-159.99999999999957	incomplete_strict_phone_support_for_nine_point_cpps_trajectory
LA_T_6462121_0004	Boundary	True	False			official_v6_boundary_cpps_invalid_or_incomplete_support
LA_T_6462121_0004	Interior_A	True	False	-160.00000000000014	-159.99999999999957	incomplete_strict_phone_support_for_nine_point_cpps_trajectory
LA_T_6462121_0004	Interior_B	True	True	80.00000000000007	79.99999999999885	
LA_T_6462121_0005	Boundary	True	False			official_v6_boundary_cpps_invalid_or_incomplete_support
LA_T_6462121_0005	Interior_A	True	True	80.00000000000007	79.99999999999885	
LA_T_6462121_0005	Interior_B	True	True	79.9999999999983	80.00000000000063	
LA_T_6462121_0006	Boundary	True	True			
LA_T_6462121_0006	Interior_A	True	True	79.9999999999983	80.00000000000063	
LA_T_6462121_0006	Interior_B	True	False	0.0	5.551115123125783e-13	incomplete_strict_phone_support_for_nine_point_cpps_trajectory
LA_T_6462121_0007	Boundary	True	True			
LA_T_6462121_0007	Interior_A	True	False	0.0	5.551115123125783e-13	incomplete_strict_phone_support_for_nine_point_cpps_trajectory
LA_T_6462121_0007	Interior_B	True	False	-1.7763568394002505e-12	5.551115123125783e-13	incomplete_strict_phone_support_for_nine_point_cpps_trajectory
LA_T_6462121_0008	Boundary	True	False			official_v6_boundary_cpps_invalid_or_incomplete_support
LA_T_6462121_0008	Interior_A	True	False	-1.7763568394002505e-12	5.551115123125783e-13	incomplete_strict_phone_support_for_nine_point_cpps_trajectory
LA_T_6462121_0008	Interior_B	True	True	160.00000000000014	160.0000000000007	
LA_T_6462121_0010	Boundary	True	True			
LA_T_6462121_0010	Interior_A	True	False	-160.0000000000037	-159.99999999999957	incomplete_strict_phone_support_for_nine_point_cpps_trajectory
LA_T_6462121_0010	Interior_B	True	True	80.00000000000185	79.99999999999885	
LA_T_6462121_0011	Boundary	True	True			
LA_T_6462121_0011	Interior_A	True	True	80.00000000000185	79.99999999999885	
LA_T_6462121_0011	Interior_B	True	False	-80.00000000000185	-79.99999999999774	incomplete_strict_phone_support_for_nine_point_cpps_trajectory
LA_T_6462121_0014	Boundary	True	False			official_v6_boundary_cpps_invalid_or_incomplete_support
LA_T_6462121_0014	Interior_A	True	True	79.9999999999983	79.99999999999885	
LA_T_6462121_0014	Interior_B	True	False	-79.9999999999983	-80.0000000000013	incomplete_strict_phone_support_for_nine_point_cpps_trajectory
LA_T_6462121_0015	Boundary	True	False			official_v6_boundary_cpps_invalid_or_incomplete_support
LA_T_6462121_0015	Interior_A	True	False	-79.9999999999983	-80.0000000000013	incomplete_strict_phone_support_for_nine_point_cpps_trajectory
LA_T_6462121_0015	Interior_B	True	True	79.9999999999983	80.0000000000024	
LA_T_6462121_0016	Boundary	True	True			
LA_T_6462121_0016	Interior_A	True	True	79.9999999999983	80.0000000000024	
LA_T_6462121_0016	Interior_B	True	False	-80.00000000000185	-80.0000000000013	incomplete_strict_phone_support_for_nine_point_cpps_trajectory
LA_T_6462121_0017	Boundary	True	False			official_v6_boundary_cpps_invalid_or_incomplete_support
LA_T_6462121_0017	Interior_A	True	False	-80.00000000000185	-80.0000000000013	incomplete_strict_phone_support_for_nine_point_cpps_trajectory
LA_T_6462121_0017	Interior_B	True	False	0.0	5.551115123125783e-13	incomplete_strict_phone_support_for_nine_point_cpps_trajectory
LA_T_6462121_0018	Boundary	True	False			official_v6_boundary_cpps_invalid_or_incomplete_support
LA_T_6462121_0018	Interior_A	True	False	0.0	5.551115123125783e-13	incomplete_strict_phone_support_for_nine_point_cpps_trajectory
LA_T_6462121_0018	Interior_B	True	False	-80.00000000000185	-79.99999999999774	incomplete_strict_phone_support_for_nine_point_cpps_trajectory
LA_T_6462121_0019	Boundary	True	False			official_v6_boundary_cpps_invalid_or_incomplete_support
LA_T_6462121_0019	Interior_A	True	False	-80.00000000000185	-79.99999999999774	incomplete_strict_phone_support_for_nine_point_cpps_trajectory
LA_T_6462121_0019	Interior_B	True	True	160.00000000000014	159.99999999999716	
LA_T_6462121_0020	Boundary	True	False			official_v6_boundary_cpps_invalid_or_incomplete_support
LA_T_6462121_0020	Interior_A	True	True	160.00000000000014	159.99999999999716	
LA_T_6462121_0020	Interior_B	True	False	-160.00000000000014	-159.99999999999957	incomplete_strict_phone_support_for_nine_point_cpps_trajectory
LA_T_6462121_0021	Boundary	True	True			
LA_T_6462121_0021	Interior_A	True	False	-160.00000000000014	-159.99999999999957	incomplete_strict_phone_support_for_nine_point_cpps_trajectory
LA_T_6462121_0021	Interior_B	True	True	159.9999999999966	160.00000000000426	
LA_T_6462121_0022	Boundary	True	True			
LA_T_6462121_0022	Interior_A	True	True	159.9999999999966	160.00000000000426	
LA_T_6462121_0022	Interior_B	True	False	-79.9999999999983	-80.00000000000485	incomplete_strict_phone_support_for_nine_point_cpps_trajectory
LA_T_6462121_0025	Boundary	True	True			
LA_T_6462121_0025	Interior_A	True	False	0.0	-6.5503158452884236e-12	incomplete_strict_phone_support_for_nine_point_cpps_trajectory
LA_T_6462121_0025	Interior_B	True	True	640.0000000000006	640.0000000000011	
LA_T_6462121_0026	Boundary	True	True			
LA_T_6462121_0026	Interior_A	True	True	640.0000000000006	640.0000000000011	
LA_T_6462121_0026	Interior_B	True	True	320.0000000000003	320.00000000000085	
LA_T_6462121_0027	Boundary	True	True			
LA_T_6462121_0027	Interior_A	True	True	320.0000000000003	320.00000000000085	
LA_T_6462121_0027	Interior_B	True	True	159.9999999999966	160.00000000000426	
LA_T_6462121_0028	Boundary	True	True			
LA_T_6462121_0028	Interior_A	True	True	159.9999999999966	160.00000000000426	
LA_T_6462121_0028	Interior_B	True	True	79.9999999999983	79.99999999999885	
LA_T_6462121_0035	Boundary	True	True			
LA_T_6462121_0035	Interior_A	True	False	0.0	5.551115123125783e-13	incomplete_strict_phone_support_for_nine_point_cpps_trajectory
LA_T_6462121_0035	Interior_B	True	True	79.9999999999983	80.00000000000595	
LA_T_6462121_0036	Boundary	True	True			
LA_T_6462121_0036	Interior_A	True	True	79.9999999999983	80.00000000000595	
LA_T_6462121_0036	Interior_B	True	False	-160.0000000000037	-160.00000000000313	incomplete_strict_phone_support_for_nine_point_cpps_trajectory
LA_T_6462121_0037	Boundary	True	True			
LA_T_6462121_0037	Interior_A	True	False	-160.0000000000037	-160.00000000000313	incomplete_strict_phone_support_for_nine_point_cpps_trajectory
LA_T_6462121_0037	Interior_B	True	True	320.0000000000003	320.00000000000085	
LA_T_6462121_0038	Boundary	True	True			
LA_T_6462121_0038	Interior_A	True	True	320.0000000000003	320.00000000000085	
LA_T_6462121_0038	Interior_B	True	True	399.9999999999986	399.99999999999915	
LA_T_6462121_0039	Boundary	True	False			official_v6_boundary_cpps_invalid_or_incomplete_support
LA_T_6462121_0039	Interior_A	True	True	399.9999999999986	399.99999999999915	
LA_T_6462121_0039	Interior_B	True	False	0.0	5.551115123125783e-13	incomplete_strict_phone_support_for_nine_point_cpps_trajectory
LA_T_6462121_0040	Boundary	True	False			official_v6_boundary_cpps_invalid_or_incomplete_support
LA_T_6462121_0040	Interior_A	True	False	0.0	5.551115123125783e-13	incomplete_strict_phone_support_for_nine_point_cpps_trajectory
LA_T_6462121_0040	Interior_B	True	False	-79.9999999999983	-79.99999999999774	incomplete_strict_phone_support_for_nine_point_cpps_trajectory
LA_T_6462121_0041	Boundary	True	False			official_v6_boundary_cpps_invalid_or_incomplete_support
LA_T_6462121_0041	Interior_A	True	False	-79.9999999999983	-79.99999999999774	incomplete_strict_phone_support_for_nine_point_cpps_trajectory
LA_T_6462121_0041	Interior_B	True	True	79.9999999999983	79.99999999999885	
LA_T_6462121_0042	Boundary	True	True			
LA_T_6462121_0042	Interior_A	True	True	79.9999999999983	79.99999999999885	
LA_T_6462121_0042	Interior_B	True	True	799.9999999999972	800.0000000000048	
LA_T_6462121_0043	Boundary	True	True			
LA_T_6462121_0043	Interior_A	True	True	799.9999999999972	800.0000000000048	
LA_T_6462121_0043	Interior_B	True	True	800.0000000000043	799.9999999999977	
LA_T_6463350_0004	Boundary	True	False			official_v6_boundary_cpps_invalid_or_incomplete_support
LA_T_6463350_0004	Interior_A	True	True	80.00000000000007	80.00000000000063	
LA_T_6463350_0004	Interior_B	True	True	320.0000000000003	319.9999999999991	
LA_T_6463350_0005	Boundary	True	False			official_v6_boundary_cpps_invalid_or_incomplete_support
LA_T_6463350_0005	Interior_A	True	True	320.0000000000003	319.9999999999991	
LA_T_6463350_0005	Interior_B	True	True	159.99999999999835	160.0000000000007	
LA_T_6463350_0006	Boundary	True	True			
LA_T_6463350_0006	Interior_A	True	True	159.99999999999835	160.0000000000007	
LA_T_6463350_0006	Interior_B	True	True	399.9999999999986	400.0000000000009	
LA_T_6463350_0008	Boundary	True	False			official_v6_boundary_cpps_invalid_or_incomplete_support
LA_T_6463350_0008	Interior_A	True	False	-80.00000000000185	-79.99999999999774	incomplete_strict_phone_support_for_nine_point_cpps_trajectory
LA_T_6463350_0008	Interior_B	True	False	0.0	-2.9976021664879227e-12	incomplete_strict_phone_support_for_nine_point_cpps_trajectory
LA_T_6463350_0009	Boundary	True	False			official_v6_boundary_cpps_invalid_or_incomplete_support
LA_T_6463350_0009	Interior_A	True	False	0.0	-2.9976021664879227e-12	incomplete_strict_phone_support_for_nine_point_cpps_trajectory
LA_T_6463350_0009	Interior_B	True	False	-160.00000000000014	-159.99999999999957	incomplete_strict_phone_support_for_nine_point_cpps_trajectory
LA_T_6463350_0012	Boundary	True	False			official_v6_boundary_cpps_invalid_or_incomplete_support
LA_T_6463350_0012	Interior_A	True	True	319.9999999999967	320.00000000000085	
LA_T_6463350_0012	Interior_B	True	False	-79.9999999999983	-80.0000000000013	incomplete_strict_phone_support_for_nine_point_cpps_trajectory
LA_T_6463350_0016	Boundary	True	True			
LA_T_6463350_0016	Interior_A	True	False	-79.9999999999983	-80.0000000000013	incomplete_strict_phone_support_for_nine_point_cpps_trajectory
LA_T_6463350_0016	Interior_B	True	True	79.9999999999983	79.99999999999885	
LA_T_6463350_0022	Boundary	True	True			
LA_T_6463350_0022	Interior_A	True	False	-79.9999999999983	-80.0000000000013	incomplete_strict_phone_support_for_nine_point_cpps_trajectory
LA_T_6463350_0022	Interior_B	True	False	-160.00000000000014	-159.99999999999957	incomplete_strict_phone_support_for_nine_point_cpps_trajectory
LA_T_6466042_0005	Boundary	True	True			
LA_T_6466042_0005	Interior_A	True	True	399.9999999999986	399.99999999999915	
LA_T_6466042_0005	Interior_B	True	True	160.00000000000014	160.0000000000007	
LA_T_6466042_0006	Boundary	True	True			
LA_T_6466042_0006	Interior_A	True	True	160.00000000000014	160.0000000000007	
LA_T_6466042_0006	Interior_B	True	True	79.9999999999983	79.99999999999885	
LA_T_6466042_0009	Boundary	True	False			official_v6_boundary_cpps_invalid_or_incomplete_support
LA_T_6466042_0009	Interior_A	True	False	-160.00000000000014	-159.99999999999957	incomplete_strict_phone_support_for_nine_point_cpps_trajectory
LA_T_6466042_0009	Interior_B	True	True	160.00000000000014	160.0000000000007	
LA_T_6466042_0010	Boundary	True	False			official_v6_boundary_cpps_invalid_or_incomplete_support
LA_T_6466042_0010	Interior_A	True	True	160.00000000000014	160.0000000000007	
LA_T_6466042_0010	Interior_B	True	True	799.9999999999972	800.0000000000013	
LA_T_6466887_0002	Boundary	True	True			
LA_T_6466887_0002	Interior_A	True	False	0.0	5.551115123125783e-13	incomplete_strict_phone_support_for_nine_point_cpps_trajectory
LA_T_6466887_0002	Interior_B	True	True	559.9999999999987	559.9999999999993	
LA_T_6466887_0005	Boundary	True	False			official_v6_boundary_cpps_invalid_or_incomplete_support
LA_T_6466887_0005	Interior_A	True	True	160.00000000000014	159.99999999999892	
LA_T_6466887_0005	Interior_B	True	False	0.0	5.551115123125783e-13	incomplete_strict_phone_support_for_nine_point_cpps_trajectory
LA_T_6466887_0011	Boundary	True	False			official_v6_boundary_cpps_invalid_or_incomplete_support
LA_T_6466887_0011	Interior_A	True	True	160.00000000000014	160.0000000000007	
LA_T_6466887_0011	Interior_B	True	True	160.00000000000014	160.0000000000007	
LA_T_6466887_0012	Boundary	True	False			official_v6_boundary_cpps_invalid_or_incomplete_support
LA_T_6466887_0012	Interior_A	True	True	160.00000000000014	160.0000000000007	
LA_T_6466887_0012	Interior_B	True	True	79.9999999999983	79.99999999999885	
LA_T_6466887_0013	Boundary	True	True			
LA_T_6466887_0013	Interior_A	True	True	79.9999999999983	79.99999999999885	
LA_T_6466887_0013	Interior_B	True	False	-79.9999999999983	-80.0000000000013	incomplete_strict_phone_support_for_nine_point_cpps_trajectory
LA_T_6466887_0014	Boundary	True	False			official_v6_boundary_cpps_invalid_or_incomplete_support
LA_T_6466887_0014	Interior_A	True	False	-79.9999999999983	-80.0000000000013	incomplete_strict_phone_support_for_nine_point_cpps_trajectory
LA_T_6466887_0014	Interior_B	True	True	80.00000000000185	79.99999999999885	
LA_T_6466887_0017	Boundary	True	False			official_v6_boundary_cpps_invalid_or_incomplete_support
LA_T_6466887_0017	Interior_A	True	True	400.00000000000216	399.99999999999915	
LA_T_6466887_0017	Interior_B	True	True	239.99999999999844	239.999999999999	
LA_T_6466887_0018	Boundary	True	True			
LA_T_6466887_0018	Interior_A	True	True	239.99999999999844	239.999999999999	
LA_T_6466887_0018	Interior_B	True	True	480.00000000000045	479.99999999999744	
LA_T_6466887_0019	Boundary	True	True			
LA_T_6466887_0019	Interior_A	True	True	480.00000000000045	479.99999999999744	
LA_T_6466887_0019	Interior_B	True	False	-159.9999999999966	-160.00000000000313	incomplete_strict_phone_support_for_nine_point_cpps_trajectory
LA_T_6466887_0026	Boundary	True	True			
LA_T_6466887_0026	Interior_A	True	True	159.9999999999966	160.00000000000426	
LA_T_6466887_0026	Interior_B	True	False	-80.0000000000054	-79.99999999999774	incomplete_strict_phone_support_for_nine_point_cpps_trajectory
LA_T_6466887_0030	Boundary	True	False			official_v6_boundary_cpps_invalid_or_incomplete_support
LA_T_6466887_0030	Interior_A	True	False	0.0	5.551115123125783e-13	incomplete_strict_phone_support_for_nine_point_cpps_trajectory
LA_T_6466887_0030	Interior_B	True	True	399.9999999999986	399.99999999999915	
LA_T_6466887_0033	Boundary	True	False			official_v6_boundary_cpps_invalid_or_incomplete_support
LA_T_6466887_0033	Interior_A	True	False	-79.9999999999983	-80.00000000000485	incomplete_strict_phone_support_for_nine_point_cpps_trajectory
LA_T_6466887_0033	Interior_B	True	True	320.0000000000003	320.00000000000085	
LA_T_6467197_0000	Boundary	True	True			
LA_T_6467197_0000	Interior_A	True	False	-3.552713678800501e-12	5.551115123125783e-13	incomplete_strict_phone_support_for_nine_point_cpps_trajectory
LA_T_6467197_0000	Interior_B	True	False	-79.9999999999983	-80.0000000000013	incomplete_strict_phone_support_for_nine_point_cpps_trajectory
LA_T_6467197_0001	Boundary	True	False			official_v6_boundary_cpps_invalid_or_incomplete_support
LA_T_6467197_0001	Interior_A	True	False	-79.9999999999983	-80.0000000000013	incomplete_strict_phone_support_for_nine_point_cpps_trajectory
LA_T_6467197_0001	Interior_B	True	False	-80.00000000000185	-79.99999999999774	incomplete_strict_phone_support_for_nine_point_cpps_trajectory
LA_T_6467197_0004	Boundary	True	True			
LA_T_6467197_0004	Interior_A	True	False	-3.552713678800501e-12	5.551115123125783e-13	incomplete_strict_phone_support_for_nine_point_cpps_trajectory
LA_T_6467197_0004	Interior_B	True	True	480.00000000000045	480.00000000000097	
LA_T_6467197_0005	Boundary	True	False			official_v6_boundary_cpps_invalid_or_incomplete_support
LA_T_6467197_0005	Interior_A	True	True	480.00000000000045	480.00000000000097	
LA_T_6467197_0005	Interior_B	True	True	639.999999999997	640.0000000000011	
LA_T_6467197_0006	Boundary	True	False			official_v6_boundary_cpps_invalid_or_incomplete_support
LA_T_6467197_0006	Interior_A	True	True	639.999999999997	640.0000000000011	
LA_T_6467197_0006	Interior_B	True	True	480.00000000000045	479.99999999999744	
LA_T_6467197_0007	Boundary	True	True			
LA_T_6467197_0007	Interior_A	True	True	480.00000000000045	479.99999999999744	
LA_T_6467197_0007	Interior_B	True	True	320.0000000000003	319.99999999999727	
LA_T_6467197_0008	Boundary	True	True			
LA_T_6467197_0008	Interior_A	True	True	320.0000000000003	319.99999999999727	
LA_T_6467197_0008	Interior_B	True	True	160.0000000000037	159.99999999999716	
LA_T_6467197_0010	Boundary	True	True			
LA_T_6467197_0010	Interior_A	True	False	-160.0000000000037	-160.00000000000313	incomplete_strict_phone_support_for_nine_point_cpps_trajectory
LA_T_6467197_0010	Interior_B	True	False	0.0	5.551115123125783e-13	incomplete_strict_phone_support_for_nine_point_cpps_trajectory
LA_T_6467197_0011	Boundary	True	True			
LA_T_6467197_0011	Interior_A	True	False	0.0	5.551115123125783e-13	incomplete_strict_phone_support_for_nine_point_cpps_trajectory
LA_T_6467197_0011	Interior_B	True	True	79.9999999999983	80.00000000000595	
LA_T_6467197_0012	Boundary	True	True			
LA_T_6467197_0012	Interior_A	True	True	79.9999999999983	80.00000000000595	
LA_T_6467197_0012	Interior_B	True	False	-160.0000000000037	-160.00000000000313	incomplete_strict_phone_support_for_nine_point_cpps_trajectory
LA_T_6467197_0016	Boundary	True	False			official_v6_boundary_cpps_invalid_or_incomplete_support
LA_T_6467197_0016	Interior_A	True	True	239.99999999999488	240.00000000000256	
LA_T_6467197_0016	Interior_B	True	True	399.9999999999986	399.99999999999915	
LA_T_6467197_0017	Boundary	True	True			
LA_T_6467197_0017	Interior_A	True	True	399.9999999999986	399.99999999999915	
LA_T_6467197_0017	Interior_B	True	True	719.9999999999989	719.9999999999994	
LA_T_6468203_0001	Boundary	True	False			official_v6_boundary_cpps_invalid_or_incomplete_support
LA_T_6468203_0001	Interior_A	True	True	80.00000000000185	79.99999999999885	
LA_T_6468203_0001	Interior_B	True	False	0.0	5.551115123125783e-13	incomplete_strict_phone_support_for_nine_point_cpps_trajectory
LA_T_6468203_0006	Boundary	True	True			
LA_T_6468203_0006	Interior_A	True	False	-80.00000000000185	-79.99999999999774	incomplete_strict_phone_support_for_nine_point_cpps_trajectory
LA_T_6468203_0006	Interior_B	True	True	79.9999999999983	79.99999999999885	
LA_T_6468203_0007	Boundary	True	True			
LA_T_6468203_0007	Interior_A	True	True	79.9999999999983	79.99999999999885	
LA_T_6468203_0007	Interior_B	True	True	560.0000000000023	559.9999999999993	
LA_T_6468203_0010	Boundary	True	True			
LA_T_6468203_0010	Interior_A	True	True	159.9999999999966	160.0000000000007	
LA_T_6468203_0010	Interior_B	True	False	-160.00000000000014	-159.99999999999957	incomplete_strict_phone_support_for_nine_point_cpps_trajectory
LA_T_6468203_0011	Boundary	True	True			
LA_T_6468203_0011	Interior_A	True	False	-160.00000000000014	-159.99999999999957	incomplete_strict_phone_support_for_nine_point_cpps_trajectory
LA_T_6468203_0011	Interior_B	True	False	-160.0000000000037	-159.99999999999602	incomplete_strict_phone_support_for_nine_point_cpps_trajectory
LA_T_6468203_0012	Boundary	True	False			official_v6_boundary_cpps_invalid_or_incomplete_support
LA_T_6468203_0012	Interior_A	True	False	-160.0000000000037	-159.99999999999602	incomplete_strict_phone_support_for_nine_point_cpps_trajectory
LA_T_6468203_0012	Interior_B	True	False	0.0	5.551115123125783e-13	incomplete_strict_phone_support_for_nine_point_cpps_trajectory
LA_T_6468203_0013	Boundary	True	False			official_v6_boundary_cpps_invalid_or_incomplete_support
LA_T_6468203_0013	Interior_A	True	False	0.0	5.551115123125783e-13	incomplete_strict_phone_support_for_nine_point_cpps_trajectory
LA_T_6468203_0013	Interior_B	True	False	-79.9999999999983	-80.00000000000485	incomplete_strict_phone_support_for_nine_point_cpps_trajectory
LA_T_6468203_0019	Boundary	True	False			official_v6_boundary_cpps_invalid_or_incomplete_support
LA_T_6468203_0019	Interior_A	True	False	-79.9999999999983	-79.99999999999774	incomplete_strict_phone_support_for_nine_point_cpps_trajectory
LA_T_6468203_0019	Interior_B	True	True	159.9999999999966	159.99999999999716	
LA_T_6468203_0020	Boundary	True	False			official_v6_boundary_cpps_invalid_or_incomplete_support
LA_T_6468203_0020	Interior_A	True	True	159.9999999999966	159.99999999999716	
LA_T_6468203_0020	Interior_B	True	True	399.9999999999986	400.00000000000625	
LA_T_6468203_0023	Boundary	True	False			official_v6_boundary_cpps_invalid_or_incomplete_support
LA_T_6468203_0023	Interior_A	True	False	-79.9999999999983	-80.00000000000485	incomplete_strict_phone_support_for_nine_point_cpps_trajectory
LA_T_6468203_0023	Interior_B	True	False	-160.0000000000037	-159.99999999999602	incomplete_strict_phone_support_for_nine_point_cpps_trajectory
LA_T_6468203_0033	Boundary	True	False			official_v6_boundary_cpps_invalid_or_incomplete_support
LA_T_6468203_0033	Interior_A	True	False	0.0	5.551115123125783e-13	incomplete_strict_phone_support_for_nine_point_cpps_trajectory
LA_T_6468203_0033	Interior_B	True	False	-159.9999999999966	-160.00000000000313	incomplete_strict_phone_support_for_nine_point_cpps_trajectory
LA_T_6468203_0039	Boundary	True	True			
LA_T_6468203_0039	Interior_A	True	False	-159.9999999999966	-160.00000000000313	incomplete_strict_phone_support_for_nine_point_cpps_trajectory
LA_T_6468203_0039	Interior_B	True	False	-159.9999999999966	-160.00000000000313	incomplete_strict_phone_support_for_nine_point_cpps_trajectory
LA_T_6468203_0040	Boundary	True	True			
LA_T_6468203_0040	Interior_A	True	False	-159.9999999999966	-160.00000000000313	incomplete_strict_phone_support_for_nine_point_cpps_trajectory
LA_T_6468203_0040	Interior_B	True	True	240.000000000002	239.99999999999545	
LA_T_6468203_0052	Boundary	True	False			official_v6_boundary_cpps_invalid_or_incomplete_support
LA_T_6468203_0052	Interior_A	True	False	-80.0000000000125	-79.99999999999774	incomplete_strict_phone_support_for_nine_point_cpps_trajectory
LA_T_6468203_0052	Interior_B	True	True	160.0000000000108	159.99999999999716	
LA_T_6468203_0053	Boundary	True	False			official_v6_boundary_cpps_invalid_or_incomplete_support
LA_T_6468203_0053	Interior_A	True	True	160.0000000000108	159.99999999999716	
LA_T_6468203_0053	Interior_B	True	True	400.0000000000057	399.99999999999204	
LA_T_6468203_0054	Boundary	True	True			
LA_T_6468203_0054	Interior_A	True	True	400.0000000000057	399.99999999999204	
LA_T_6468203_0054	Interior_B	True	False	-160.0000000000108	-159.99999999999602	incomplete_strict_phone_support_for_nine_point_cpps_trajectory
LA_T_6468203_0055	Boundary	True	False			official_v6_boundary_cpps_invalid_or_incomplete_support
LA_T_6468203_0055	Interior_A	True	False	-160.0000000000108	-159.99999999999602	incomplete_strict_phone_support_for_nine_point_cpps_trajectory
LA_T_6468203_0055	Interior_B	True	False	0.0	5.551115123125783e-13	incomplete_strict_phone_support_for_nine_point_cpps_trajectory
LA_T_6468203_0059	Boundary	True	True			
LA_T_6468203_0059	Interior_A	True	False	-79.9999999999983	-79.99999999999774	incomplete_strict_phone_support_for_nine_point_cpps_trajectory
LA_T_6468203_0059	Interior_B	True	False	-159.9999999999966	-160.00000000001023	incomplete_strict_phone_support_for_nine_point_cpps_trajectory
LA_T_6468203_0066	Boundary	True	False			official_v6_boundary_cpps_invalid_or_incomplete_support
LA_T_6468203_0066	Interior_A	True	False	-159.9999999999966	-160.00000000001023	incomplete_strict_phone_support_for_nine_point_cpps_trajectory
LA_T_6468203_0066	Interior_B	True	False	-79.9999999999983	-79.99999999999774	incomplete_strict_phone_support_for_nine_point_cpps_trajectory
LA_T_6468203_0067	Boundary	True	False			official_v6_boundary_cpps_invalid_or_incomplete_support
LA_T_6468203_0067	Interior_A	True	False	-79.9999999999983	-79.99999999999774	incomplete_strict_phone_support_for_nine_point_cpps_trajectory
LA_T_6468203_0067	Interior_B	True	False	0.0	5.551115123125783e-13	incomplete_strict_phone_support_for_nine_point_cpps_trajectory
LA_T_6468203_0068	Boundary	True	True			
LA_T_6468203_0068	Interior_A	True	False	0.0	5.551115123125783e-13	incomplete_strict_phone_support_for_nine_point_cpps_trajectory
LA_T_6468203_0068	Interior_B	True	False	-159.9999999999966	-160.00000000001023	incomplete_strict_phone_support_for_nine_point_cpps_trajectory
LA_T_6468203_0069	Boundary	True	False			official_v6_boundary_cpps_invalid_or_incomplete_support
LA_T_6468203_0069	Interior_A	True	False	-159.9999999999966	-160.00000000001023	incomplete_strict_phone_support_for_nine_point_cpps_trajectory
LA_T_6468203_0069	Interior_B	True	False	-79.9999999999983	-79.99999999999774	incomplete_strict_phone_support_for_nine_point_cpps_trajectory
LA_T_6468203_0070	Boundary	True	False			official_v6_boundary_cpps_invalid_or_incomplete_support
LA_T_6468203_0070	Interior_A	True	False	-79.9999999999983	-79.99999999999774	incomplete_strict_phone_support_for_nine_point_cpps_trajectory
LA_T_6468203_0070	Interior_B	True	True	719.9999999999989	719.9999999999994	
LA_T_6468203_0071	Boundary	True	True			
LA_T_6468203_0071	Interior_A	True	True	719.9999999999989	719.9999999999994	
LA_T_6468203_0071	Interior_B	True	True	239.99999999999488	240.00000000000966	
LA_T_6468643_0000	Boundary	True	False			official_v6_boundary_cpps_invalid_or_incomplete_support
LA_T_6468643_0000	Interior_A	True	False	-1.1102230246251565e-13	1.1102230246251565e-13	incomplete_strict_phone_support_for_nine_point_cpps_trajectory
LA_T_6468643_0000	Interior_B	True	False	-1.7763568394002505e-12	1.4432899320127035e-12	incomplete_strict_phone_support_for_nine_point_cpps_trajectory
LA_T_6468643_0001	Boundary	True	False			official_v6_boundary_cpps_invalid_or_incomplete_support
LA_T_6468643_0001	Interior_A	True	False	-1.7763568394002505e-12	1.4432899320127035e-12	incomplete_strict_phone_support_for_nine_point_cpps_trajectory
LA_T_6468643_0001	Interior_B	True	False	-160.00000000000014	-159.99999999999957	incomplete_strict_phone_support_for_nine_point_cpps_trajectory
LA_T_6468643_0002	Boundary	True	True			
LA_T_6468643_0002	Interior_A	True	False	-160.00000000000014	-159.99999999999957	incomplete_strict_phone_support_for_nine_point_cpps_trajectory
LA_T_6468643_0002	Interior_B	True	False	-80.00000000000007	-79.99999999999952	incomplete_strict_phone_support_for_nine_point_cpps_trajectory
LA_T_6468643_0006	Boundary	True	False			official_v6_boundary_cpps_invalid_or_incomplete_support
LA_T_6468643_0006	Interior_A	True	False	-80.00000000000007	-79.99999999999952	incomplete_strict_phone_support_for_nine_point_cpps_trajectory
LA_T_6468643_0006	Interior_B	True	False	-80.00000000000185	-79.99999999999952	incomplete_strict_phone_support_for_nine_point_cpps_trajectory
LA_T_6468643_0009	Boundary	True	True			
LA_T_6468643_0009	Interior_A	True	True	240.00000000000023	239.999999999999	
LA_T_6468643_0009	Interior_B	True	False	-80.00000000000007	-79.99999999999952	incomplete_strict_phone_support_for_nine_point_cpps_trajectory
LA_T_6468643_0010	Boundary	True	True			
LA_T_6468643_0010	Interior_A	True	False	-80.00000000000007	-79.99999999999952	incomplete_strict_phone_support_for_nine_point_cpps_trajectory
LA_T_6468643_0010	Interior_B	True	False	-160.00000000000014	-160.00000000000136	incomplete_strict_phone_support_for_nine_point_cpps_trajectory
LA_T_6468643_0012	Boundary	True	True			
LA_T_6468643_0012	Interior_A	True	False	-1.7763568394002505e-12	5.551115123125783e-13	incomplete_strict_phone_support_for_nine_point_cpps_trajectory
LA_T_6468643_0012	Interior_B	True	False	0.0	5.551115123125783e-13	incomplete_strict_phone_support_for_nine_point_cpps_trajectory
LA_T_6468643_0013	Boundary	True	True			
LA_T_6468643_0013	Interior_A	True	False	0.0	5.551115123125783e-13	incomplete_strict_phone_support_for_nine_point_cpps_trajectory
LA_T_6468643_0013	Interior_B	True	True	320.0000000000003	319.99999999999727	
LA_T_6468643_0014	Boundary	True	True			
LA_T_6468643_0014	Interior_A	True	True	320.0000000000003	319.99999999999727	
LA_T_6468643_0014	Interior_B	True	True	320.0000000000003	320.00000000000085	
LA_T_6471147_0000	Boundary	True	True			
LA_T_6471147_0000	Interior_A	True	False	-160.00000000000014	-159.99999999999957	incomplete_strict_phone_support_for_nine_point_cpps_trajectory
LA_T_6471147_0000	Interior_B	True	False	-160.00000000000014	-159.99999999999957	incomplete_strict_phone_support_for_nine_point_cpps_trajectory
LA_T_6471147_0002	Boundary	True	True			
LA_T_6471147_0002	Interior_A	True	False	-160.00000000000014	-159.99999999999957	incomplete_strict_phone_support_for_nine_point_cpps_trajectory
LA_T_6471147_0002	Interior_B	True	False	0.0	-1.2212453270876722e-12	incomplete_strict_phone_support_for_nine_point_cpps_trajectory
LA_T_6471147_0003	Boundary	True	True			
LA_T_6471147_0003	Interior_A	True	False	0.0	-1.2212453270876722e-12	incomplete_strict_phone_support_for_nine_point_cpps_trajectory
LA_T_6471147_0003	Interior_B	True	False	-160.00000000000014	-159.99999999999957	incomplete_strict_phone_support_for_nine_point_cpps_trajectory
LA_T_6471147_0006	Boundary	True	True			
LA_T_6471147_0006	Interior_A	True	False	-80.00000000000007	-80.0000000000013	incomplete_strict_phone_support_for_nine_point_cpps_trajectory
LA_T_6471147_0006	Interior_B	True	False	-160.00000000000014	-159.99999999999957	incomplete_strict_phone_support_for_nine_point_cpps_trajectory
LA_T_6471147_0009	Boundary	True	False			official_v6_boundary_cpps_invalid_or_incomplete_support
LA_T_6471147_0009	Interior_A	True	False	-160.00000000000014	-159.99999999999957	incomplete_strict_phone_support_for_nine_point_cpps_trajectory
LA_T_6471147_0009	Interior_B	True	True	159.99999999999835	160.0000000000007	
LA_T_6471147_0013	Boundary	True	True			
LA_T_6471147_0013	Interior_A	True	False	-160.0000000000037	-159.99999999999957	incomplete_strict_phone_support_for_nine_point_cpps_trajectory
LA_T_6471147_0013	Interior_B	True	False	-79.9999999999983	-80.0000000000013	incomplete_strict_phone_support_for_nine_point_cpps_trajectory
LA_T_6471147_0016	Boundary	True	False			official_v6_boundary_cpps_invalid_or_incomplete_support
LA_T_6471147_0016	Interior_A	True	True	239.99999999999844	239.999999999999	
LA_T_6471147_0016	Interior_B	True	False	-160.00000000000014	-159.99999999999957	incomplete_strict_phone_support_for_nine_point_cpps_trajectory
LA_T_6471147_0017	Boundary	True	False			official_v6_boundary_cpps_invalid_or_incomplete_support
LA_T_6471147_0017	Interior_A	True	False	-160.00000000000014	-159.99999999999957	incomplete_strict_phone_support_for_nine_point_cpps_trajectory
LA_T_6471147_0017	Interior_B	True	False	-160.00000000000014	-159.99999999999957	incomplete_strict_phone_support_for_nine_point_cpps_trajectory
LA_T_6471147_0018	Boundary	True	True			
LA_T_6471147_0018	Interior_A	True	False	-160.00000000000014	-159.99999999999957	incomplete_strict_phone_support_for_nine_point_cpps_trajectory
LA_T_6471147_0018	Interior_B	True	False	0.0	5.551115123125783e-13	incomplete_strict_phone_support_for_nine_point_cpps_trajectory
LA_T_6471147_0022	Boundary	True	True			
LA_T_6471147_0022	Interior_A	True	False	-79.9999999999983	-80.0000000000013	incomplete_strict_phone_support_for_nine_point_cpps_trajectory
LA_T_6471147_0022	Interior_B	True	True	640.0000000000006	639.9999999999976	
LA_T_6471147_0023	Boundary	True	False			official_v6_boundary_cpps_invalid_or_incomplete_support
LA_T_6471147_0023	Interior_A	True	True	640.0000000000006	639.9999999999976	
LA_T_6471147_0023	Interior_B	True	True	1119.9999999999975	1120.000000000005	
LA_T_6474273_0006	Boundary	True	True			
LA_T_6474273_0006	Interior_A	True	True	80.00000000000007	79.99999999999885	
LA_T_6474273_0006	Interior_B	True	True	79.9999999999983	80.00000000000063	
LA_T_6474273_0007	Boundary	True	False			official_v6_boundary_cpps_invalid_or_incomplete_support
LA_T_6474273_0007	Interior_A	True	True	79.9999999999983	80.00000000000063	
LA_T_6474273_0007	Interior_B	True	True	159.99999999999835	160.0000000000007	
LA_T_6474273_0008	Boundary	True	False			official_v6_boundary_cpps_invalid_or_incomplete_support
LA_T_6474273_0008	Interior_A	True	True	159.99999999999835	160.0000000000007	
LA_T_6474273_0008	Interior_B	True	True	1039.999999999999	1039.9999999999995	
LA_T_6474573_0000	Boundary	True	True			
LA_T_6474573_0000	Interior_A	True	True	79.9999999999983	80.0000000000024	
LA_T_6474573_0000	Interior_B	True	False	-160.00000000000014	-159.99999999999957	incomplete_strict_phone_support_for_nine_point_cpps_trajectory
LA_T_6474573_0004	Boundary	True	False			official_v6_boundary_cpps_invalid_or_incomplete_support
LA_T_6474573_0004	Interior_A	True	True	160.00000000000014	160.0000000000007	
LA_T_6474573_0004	Interior_B	True	False	-160.00000000000014	-159.99999999999957	incomplete_strict_phone_support_for_nine_point_cpps_trajectory
LA_T_6474573_0005	Boundary	True	True			
LA_T_6474573_0005	Interior_A	True	False	-160.00000000000014	-159.99999999999957	incomplete_strict_phone_support_for_nine_point_cpps_trajectory
LA_T_6474573_0005	Interior_B	True	False	-80.00000000000185	-79.99999999999774	incomplete_strict_phone_support_for_nine_point_cpps_trajectory
LA_T_6474573_0006	Boundary	True	False			official_v6_boundary_cpps_invalid_or_incomplete_support
LA_T_6474573_0006	Interior_A	True	False	-80.00000000000185	-79.99999999999774	incomplete_strict_phone_support_for_nine_point_cpps_trajectory
LA_T_6474573_0006	Interior_B	True	False	-80.00000000000185	-80.0000000000013	incomplete_strict_phone_support_for_nine_point_cpps_trajectory
LA_T_6474573_0009	Boundary	True	True			
LA_T_6474573_0009	Interior_A	True	False	-160.00000000000014	-159.99999999999957	incomplete_strict_phone_support_for_nine_point_cpps_trajectory
LA_T_6474573_0009	Interior_B	True	False	-80.00000000000185	-79.99999999999774	incomplete_strict_phone_support_for_nine_point_cpps_trajectory
LA_T_6474573_0010	Boundary	True	True			
LA_T_6474573_0010	Interior_A	True	False	-80.00000000000185	-79.99999999999774	incomplete_strict_phone_support_for_nine_point_cpps_trajectory
LA_T_6474573_0010	Interior_B	True	True	879.999999999999	879.9999999999995	
LA_T_6474573_0012	Boundary	True	False			official_v6_boundary_cpps_invalid_or_incomplete_support
LA_T_6474573_0012	Interior_A	True	True	79.9999999999983	79.99999999999885	
LA_T_6474573_0012	Interior_B	True	False	-160.0000000000037	-159.99999999999602	incomplete_strict_phone_support_for_nine_point_cpps_trajectory
LA_T_6474573_0016	Boundary	True	True			
LA_T_6474573_0016	Interior_A	True	False	0.0	5.551115123125783e-13	incomplete_strict_phone_support_for_nine_point_cpps_trajectory
LA_T_6474573_0016	Interior_B	True	True	320.0000000000003	320.00000000000085	
LA_T_6474573_0019	Boundary	True	False			official_v6_boundary_cpps_invalid_or_incomplete_support
LA_T_6474573_0019	Interior_A	True	True	160.0000000000037	159.99999999999716	
LA_T_6474573_0019	Interior_B	True	False	-160.0000000000037	-159.99999999999602	incomplete_strict_phone_support_for_nine_point_cpps_trajectory
LA_T_6474573_0020	Boundary	True	True			
LA_T_6474573_0020	Interior_A	True	False	-160.0000000000037	-159.99999999999602	incomplete_strict_phone_support_for_nine_point_cpps_trajectory
LA_T_6474573_0020	Interior_B	True	True	399.9999999999986	399.99999999999915	
LA_T_6474573_0021	Boundary	True	True			
LA_T_6474573_0021	Interior_A	True	True	399.9999999999986	399.99999999999915	
LA_T_6474573_0021	Interior_B	True	False	-159.9999999999966	-160.00000000000313	incomplete_strict_phone_support_for_nine_point_cpps_trajectory
LA_T_6474573_0022	Boundary	True	True			
LA_T_6474573_0022	Interior_A	True	False	-159.9999999999966	-160.00000000000313	incomplete_strict_phone_support_for_nine_point_cpps_trajectory
LA_T_6474573_0022	Interior_B	True	False	0.0	5.551115123125783e-13	incomplete_strict_phone_support_for_nine_point_cpps_trajectory
LA_T_6474573_0023	Boundary	True	True			
LA_T_6474573_0023	Interior_A	True	False	0.0	5.551115123125783e-13	incomplete_strict_phone_support_for_nine_point_cpps_trajectory
LA_T_6474573_0023	Interior_B	True	False	-79.9999999999983	-80.00000000000485	incomplete_strict_phone_support_for_nine_point_cpps_trajectory
LA_T_6474573_0024	Boundary	True	True			
LA_T_6474573_0024	Interior_A	True	False	-79.9999999999983	-80.00000000000485	incomplete_strict_phone_support_for_nine_point_cpps_trajectory
LA_T_6474573_0024	Interior_B	True	False	0.0	5.551115123125783e-13	incomplete_strict_phone_support_for_nine_point_cpps_trajectory
LA_T_6474573_0025	Boundary	True	True			
LA_T_6474573_0025	Interior_A	True	False	0.0	5.551115123125783e-13	incomplete_strict_phone_support_for_nine_point_cpps_trajectory
LA_T_6474573_0025	Interior_B	True	False	0.0	5.551115123125783e-13	incomplete_strict_phone_support_for_nine_point_cpps_trajectory
LA_T_6474573_0026	Boundary	True	False			official_v6_boundary_cpps_invalid_or_incomplete_support
LA_T_6474573_0026	Interior_A	True	False	0.0	5.551115123125783e-13	incomplete_strict_phone_support_for_nine_point_cpps_trajectory
LA_T_6474573_0026	Interior_B	True	True	240.000000000002	239.99999999999545	
LA_T_6474573_0027	Boundary	True	False			official_v6_boundary_cpps_invalid_or_incomplete_support
LA_T_6474573_0027	Interior_A	True	True	240.000000000002	239.99999999999545	
LA_T_6474573_0027	Interior_B	True	False	-79.9999999999983	-79.99999999999774	incomplete_strict_phone_support_for_nine_point_cpps_trajectory
LA_T_6474573_0028	Boundary	True	True			
LA_T_6474573_0028	Interior_A	True	False	-79.9999999999983	-79.99999999999774	incomplete_strict_phone_support_for_nine_point_cpps_trajectory
LA_T_6474573_0028	Interior_B	True	False	-79.9999999999983	-80.00000000000485	incomplete_strict_phone_support_for_nine_point_cpps_trajectory
LA_T_6474573_0029	Boundary	True	True			
LA_T_6474573_0029	Interior_A	True	False	-79.9999999999983	-80.00000000000485	incomplete_strict_phone_support_for_nine_point_cpps_trajectory
LA_T_6474573_0029	Interior_B	True	True	559.9999999999952	560.0000000000028	
LA_T_6478356_0000	Boundary	True	False			official_v6_boundary_cpps_invalid_or_incomplete_support
LA_T_6478356_0000	Interior_A	True	False	0.0	5.551115123125783e-13	incomplete_strict_phone_support_for_nine_point_cpps_trajectory
LA_T_6478356_0000	Interior_B	True	False	-160.00000000000014	-159.99999999999957	incomplete_strict_phone_support_for_nine_point_cpps_trajectory
LA_T_6478356_0001	Boundary	True	False			official_v6_boundary_cpps_invalid_or_incomplete_support
LA_T_6478356_0001	Interior_A	True	False	-160.00000000000014	-159.99999999999957	incomplete_strict_phone_support_for_nine_point_cpps_trajectory
LA_T_6478356_0001	Interior_B	True	False	-80.00000000000185	-79.99999999999774	incomplete_strict_phone_support_for_nine_point_cpps_trajectory
LA_T_6478356_0004	Boundary	True	True			
LA_T_6478356_0004	Interior_A	True	False	0.0	5.551115123125783e-13	incomplete_strict_phone_support_for_nine_point_cpps_trajectory
LA_T_6478356_0004	Interior_B	True	False	-160.00000000000014	-159.99999999999957	incomplete_strict_phone_support_for_nine_point_cpps_trajectory
LA_T_6478356_0005	Boundary	True	True			
LA_T_6478356_0005	Interior_A	True	False	-160.00000000000014	-159.99999999999957	incomplete_strict_phone_support_for_nine_point_cpps_trajectory
LA_T_6478356_0005	Interior_B	True	True	399.9999999999986	399.99999999999915	
LA_T_6478356_0006	Boundary	True	True			
LA_T_6478356_0006	Interior_A	True	True	399.9999999999986	399.99999999999915	
LA_T_6478356_0006	Interior_B	True	False	0.0	5.551115123125783e-13	incomplete_strict_phone_support_for_nine_point_cpps_trajectory
LA_T_6478356_0007	Boundary	True	True			
LA_T_6478356_0007	Interior_A	True	False	0.0	5.551115123125783e-13	incomplete_strict_phone_support_for_nine_point_cpps_trajectory
LA_T_6478356_0007	Interior_B	True	False	-80.00000000000185	-79.99999999999774	incomplete_strict_phone_support_for_nine_point_cpps_trajectory
LA_T_6478356_0008	Boundary	True	True			
LA_T_6478356_0008	Interior_A	True	False	-80.00000000000185	-79.99999999999774	incomplete_strict_phone_support_for_nine_point_cpps_trajectory
LA_T_6478356_0008	Interior_B	True	False	-80.00000000000185	-80.0000000000013	incomplete_strict_phone_support_for_nine_point_cpps_trajectory
LA_T_6478356_0011	Boundary	True	False			official_v6_boundary_cpps_invalid_or_incomplete_support
LA_T_6478356_0011	Interior_A	True	True	319.9999999999967	320.00000000000085	
LA_T_6478356_0011	Interior_B	True	True	320.0000000000003	320.00000000000085	
LA_T_6478356_0012	Boundary	True	False			official_v6_boundary_cpps_invalid_or_incomplete_support
LA_T_6478356_0012	Interior_A	True	True	320.0000000000003	320.00000000000085	
LA_T_6478356_0012	Interior_B	True	True	560.0000000000023	559.9999999999957	
LA_T_6478356_0017	Boundary	True	True			
LA_T_6478356_0017	Interior_A	True	False	-7.105427357601002e-12	5.551115123125783e-13	incomplete_strict_phone_support_for_nine_point_cpps_trajectory
LA_T_6478356_0017	Interior_B	True	True	560.0000000000023	560.0000000000028	
LA_T_6478477_0003	Boundary	True	False			official_v6_boundary_cpps_invalid_or_incomplete_support
LA_T_6478477_0003	Interior_A	True	True	79.9999999999983	80.00000000000063	
LA_T_6478477_0003	Interior_B	True	False	-80.00000000000007	-79.99999999999952	incomplete_strict_phone_support_for_nine_point_cpps_trajectory
LA_T_6478477_0004	Boundary	True	False			official_v6_boundary_cpps_invalid_or_incomplete_support
LA_T_6478477_0004	Interior_A	True	False	-80.00000000000007	-79.99999999999952	incomplete_strict_phone_support_for_nine_point_cpps_trajectory
LA_T_6478477_0004	Interior_B	True	True	240.00000000000023	239.999999999999	
LA_T_6478477_0005	Boundary	True	False			official_v6_boundary_cpps_invalid_or_incomplete_support
LA_T_6478477_0005	Interior_A	True	True	240.00000000000023	239.999999999999	
LA_T_6478477_0005	Interior_B	True	False	-80.00000000000185	-79.99999999999952	incomplete_strict_phone_support_for_nine_point_cpps_trajectory
LA_T_6478477_0013	Boundary	True	True			
LA_T_6478477_0013	Interior_A	True	True	80.00000000000185	79.99999999999885	
LA_T_6478477_0013	Interior_B	True	False	-80.00000000000185	-79.99999999999774	incomplete_strict_phone_support_for_nine_point_cpps_trajectory
LA_T_6478477_0014	Boundary	True	True			
LA_T_6478477_0014	Interior_A	True	False	-80.00000000000185	-79.99999999999774	incomplete_strict_phone_support_for_nine_point_cpps_trajectory
LA_T_6478477_0014	Interior_B	True	False	0.0	-2.9976021664879227e-12	incomplete_strict_phone_support_for_nine_point_cpps_trajectory
LA_T_6478477_0015	Boundary	True	True			
LA_T_6478477_0015	Interior_A	True	False	0.0	-2.9976021664879227e-12	incomplete_strict_phone_support_for_nine_point_cpps_trajectory
LA_T_6478477_0015	Interior_B	True	False	-160.00000000000014	-159.99999999999957	incomplete_strict_phone_support_for_nine_point_cpps_trajectory
LA_T_6478477_0016	Boundary	True	True			
LA_T_6478477_0016	Interior_A	True	False	-160.00000000000014	-159.99999999999957	incomplete_strict_phone_support_for_nine_point_cpps_trajectory
LA_T_6478477_0016	Interior_B	True	False	0.0	5.551115123125783e-13	incomplete_strict_phone_support_for_nine_point_cpps_trajectory
LA_T_6478477_0017	Boundary	True	True			
LA_T_6478477_0017	Interior_A	True	False	0.0	5.551115123125783e-13	incomplete_strict_phone_support_for_nine_point_cpps_trajectory
LA_T_6478477_0017	Interior_B	True	True	160.00000000000014	159.99999999999716	
LA_T_6478477_0018	Boundary	True	True			
LA_T_6478477_0018	Interior_A	True	True	160.00000000000014	159.99999999999716	
LA_T_6478477_0018	Interior_B	True	True	239.99999999999844	240.00000000000256	
LA_T_6478477_0019	Boundary	True	True			
LA_T_6478477_0019	Interior_A	True	True	239.99999999999844	240.00000000000256	
LA_T_6478477_0019	Interior_B	True	True	160.00000000000014	160.0000000000007	
LA_T_6478477_0022	Boundary	True	True			
LA_T_6478477_0022	Interior_A	True	False	-79.9999999999983	-80.0000000000013	incomplete_strict_phone_support_for_nine_point_cpps_trajectory
LA_T_6478477_0022	Interior_B	True	False	0.0	5.551115123125783e-13	incomplete_strict_phone_support_for_nine_point_cpps_trajectory
LA_T_6478477_0023	Boundary	True	True			
LA_T_6478477_0023	Interior_A	True	False	0.0	5.551115123125783e-13	incomplete_strict_phone_support_for_nine_point_cpps_trajectory
LA_T_6478477_0023	Interior_B	True	False	0.0	5.551115123125783e-13	incomplete_strict_phone_support_for_nine_point_cpps_trajectory
LA_T_6478477_0026	Boundary	True	True			
LA_T_6478477_0026	Interior_A	True	True	560.0000000000023	559.9999999999957	
LA_T_6478477_0026	Interior_B	True	True	560.0000000000023	560.0000000000028	
LA_T_6479253_0003	Boundary	True	False			official_v6_boundary_cpps_invalid_or_incomplete_support
LA_T_6479253_0003	Interior_A	True	True	160.00000000000014	160.0000000000007	
LA_T_6479253_0003	Interior_B	True	False	-3.552713678800501e-12	5.551115123125783e-13	incomplete_strict_phone_support_for_nine_point_cpps_trajectory
LA_T_6479253_0016	Boundary	True	True			
LA_T_6479253_0016	Interior_A	True	True	240.000000000002	240.00000000000256	
LA_T_6479253_0016	Interior_B	True	True	79.9999999999983	79.99999999999885	
LA_T_6479253_0017	Boundary	True	True			
LA_T_6479253_0017	Interior_A	True	True	79.9999999999983	79.99999999999885	
LA_T_6479253_0017	Interior_B	True	False	-160.0000000000037	-159.99999999999602	incomplete_strict_phone_support_for_nine_point_cpps_trajectory
LA_T_6479253_0021	Boundary	True	False			official_v6_boundary_cpps_invalid_or_incomplete_support
LA_T_6479253_0021	Interior_A	True	True	79.9999999999983	79.99999999999885	
LA_T_6479253_0021	Interior_B	True	False	-79.9999999999983	-80.00000000000485	incomplete_strict_phone_support_for_nine_point_cpps_trajectory
LA_T_6479253_0022	Boundary	True	False			official_v6_boundary_cpps_invalid_or_incomplete_support
LA_T_6479253_0022	Interior_A	True	False	-79.9999999999983	-80.00000000000485	incomplete_strict_phone_support_for_nine_point_cpps_trajectory
LA_T_6479253_0022	Interior_B	True	False	-159.9999999999966	-160.00000000000313	incomplete_strict_phone_support_for_nine_point_cpps_trajectory
LA_T_6479253_0023	Boundary	True	True			
LA_T_6479253_0023	Interior_A	True	False	-159.9999999999966	-160.00000000000313	incomplete_strict_phone_support_for_nine_point_cpps_trajectory
LA_T_6479253_0023	Interior_B	True	False	0.0	5.551115123125783e-13	incomplete_strict_phone_support_for_nine_point_cpps_trajectory
LA_T_6479253_0024	Boundary	True	False			official_v6_boundary_cpps_invalid_or_incomplete_support
LA_T_6479253_0024	Interior_A	True	False	0.0	5.551115123125783e-13	incomplete_strict_phone_support_for_nine_point_cpps_trajectory
LA_T_6479253_0024	Interior_B	True	True	159.9999999999966	160.00000000000426	
LA_T_6479253_0025	Boundary	True	False			official_v6_boundary_cpps_invalid_or_incomplete_support
LA_T_6479253_0025	Interior_A	True	True	159.9999999999966	160.00000000000426	
LA_T_6479253_0025	Interior_B	True	True	559.9999999999952	560.0000000000028	
LA_T_6479902_0002	Boundary	True	True			
LA_T_6479902_0002	Interior_A	True	False	-160.00000000000102	-159.9999999999987	incomplete_strict_phone_support_for_nine_point_cpps_trajectory
LA_T_6479902_0002	Interior_B	True	False	-79.99999999999918	-80.0000000000004	incomplete_strict_phone_support_for_nine_point_cpps_trajectory
LA_T_6479902_0003	Boundary	True	True			
LA_T_6479902_0003	Interior_A	True	False	-79.99999999999918	-80.0000000000004	incomplete_strict_phone_support_for_nine_point_cpps_trajectory
LA_T_6479902_0003	Interior_B	True	False	-80.00000000000007	-79.99999999999952	incomplete_strict_phone_support_for_nine_point_cpps_trajectory
LA_T_6479902_0004	Boundary	True	True			
LA_T_6479902_0004	Interior_A	True	False	-80.00000000000007	-79.99999999999952	incomplete_strict_phone_support_for_nine_point_cpps_trajectory
LA_T_6479902_0004	Interior_B	True	True	160.00000000000014	159.99999999999892	
LA_T_6479902_0005	Boundary	True	True			
LA_T_6479902_0005	Interior_A	True	True	160.00000000000014	159.99999999999892	
LA_T_6479902_0005	Interior_B	True	False	-160.00000000000014	-159.99999999999957	incomplete_strict_phone_support_for_nine_point_cpps_trajectory
LA_T_6479902_0008	Boundary	True	True			
LA_T_6479902_0008	Interior_A	True	False	-160.00000000000014	-159.99999999999957	incomplete_strict_phone_support_for_nine_point_cpps_trajectory
LA_T_6479902_0008	Interior_B	True	True	79.9999999999983	80.00000000000063	
LA_T_6479902_0013	Boundary	True	True			
LA_T_6479902_0013	Interior_A	True	False	0.0	5.551115123125783e-13	incomplete_strict_phone_support_for_nine_point_cpps_trajectory
LA_T_6479902_0013	Interior_B	True	False	-3.552713678800501e-12	5.551115123125783e-13	incomplete_strict_phone_support_for_nine_point_cpps_trajectory
LA_T_6479902_0016	Boundary	True	False			official_v6_boundary_cpps_invalid_or_incomplete_support
LA_T_6479902_0016	Interior_A	True	False	-160.00000000000014	-159.99999999999957	incomplete_strict_phone_support_for_nine_point_cpps_trajectory
LA_T_6479902_0016	Interior_B	True	True	160.00000000000014	159.99999999999716	
LA_T_6479902_0017	Boundary	True	False			official_v6_boundary_cpps_invalid_or_incomplete_support
LA_T_6479902_0017	Interior_A	True	True	160.00000000000014	159.99999999999716	
LA_T_6479902_0017	Interior_B	True	True	320.0000000000003	320.00000000000085	
LA_T_6479902_0018	Boundary	True	True			
LA_T_6479902_0018	Interior_A	True	True	320.0000000000003	320.00000000000085	
LA_T_6479902_0018	Interior_B	True	False	-160.00000000000014	-159.99999999999957	incomplete_strict_phone_support_for_nine_point_cpps_trajectory
LA_T_6479902_0019	Boundary	True	True			
LA_T_6479902_0019	Interior_A	True	False	-160.00000000000014	-159.99999999999957	incomplete_strict_phone_support_for_nine_point_cpps_trajectory
LA_T_6479902_0019	Interior_B	True	False	0.0	-2.9976021664879227e-12	incomplete_strict_phone_support_for_nine_point_cpps_trajectory
LA_T_6479902_0020	Boundary	True	True			
LA_T_6479902_0020	Interior_A	True	False	0.0	-2.9976021664879227e-12	incomplete_strict_phone_support_for_nine_point_cpps_trajectory
LA_T_6479902_0020	Interior_B	True	True	80.00000000000185	79.99999999999885	
LA_T_6479902_0021	Boundary	True	True			
LA_T_6479902_0021	Interior_A	True	True	80.00000000000185	79.99999999999885	
LA_T_6479902_0021	Interior_B	True	True	320.0000000000003	320.00000000000085	
LA_T_6481124_0001	Boundary	True	False			official_v6_boundary_cpps_invalid_or_incomplete_support
LA_T_6481124_0001	Interior_A	True	False	-80.00000000000007	-79.99999999999952	incomplete_strict_phone_support_for_nine_point_cpps_trajectory
LA_T_6481124_0001	Interior_B	True	False	-160.00000000000014	-160.00000000000136	incomplete_strict_phone_support_for_nine_point_cpps_trajectory
LA_T_6481124_0006	Boundary	True	True			
LA_T_6481124_0006	Interior_A	True	False	-80.00000000000007	-79.99999999999952	incomplete_strict_phone_support_for_nine_point_cpps_trajectory
LA_T_6481124_0006	Interior_B	True	False	0.0	-1.2212453270876722e-12	incomplete_strict_phone_support_for_nine_point_cpps_trajectory
LA_T_6481124_0007	Boundary	True	True			
LA_T_6481124_0007	Interior_A	True	False	0.0	-1.2212453270876722e-12	incomplete_strict_phone_support_for_nine_point_cpps_trajectory
LA_T_6481124_0007	Interior_B	True	False	0.0	-1.2212453270876722e-12	incomplete_strict_phone_support_for_nine_point_cpps_trajectory
LA_T_6481124_0008	Boundary	True	True			
LA_T_6481124_0008	Interior_A	True	False	0.0	-1.2212453270876722e-12	incomplete_strict_phone_support_for_nine_point_cpps_trajectory
LA_T_6481124_0008	Interior_B	True	False	0.0	5.551115123125783e-13	incomplete_strict_phone_support_for_nine_point_cpps_trajectory
LA_T_6481124_0012	Boundary	True	True			
LA_T_6481124_0012	Interior_A	True	False	-79.9999999999983	-80.0000000000013	incomplete_strict_phone_support_for_nine_point_cpps_trajectory
LA_T_6481124_0012	Interior_B	True	True	239.99999999999844	240.00000000000256	
LA_T_6481124_0013	Boundary	True	False			official_v6_boundary_cpps_invalid_or_incomplete_support
LA_T_6481124_0013	Interior_A	True	True	239.99999999999844	240.00000000000256	
LA_T_6481124_0013	Interior_B	True	False	-160.00000000000014	-159.99999999999957	incomplete_strict_phone_support_for_nine_point_cpps_trajectory
LA_T_6481124_0014	Boundary	True	False			official_v6_boundary_cpps_invalid_or_incomplete_support
LA_T_6481124_0014	Interior_A	True	False	-160.00000000000014	-159.99999999999957	incomplete_strict_phone_support_for_nine_point_cpps_trajectory
LA_T_6481124_0014	Interior_B	True	True	79.9999999999983	79.99999999999885	
LA_T_6481124_0031	Boundary	True	True			
LA_T_6481124_0031	Interior_A	True	True	79.9999999999983	79.99999999999885	
LA_T_6481124_0031	Interior_B	True	True	640.0000000000006	640.0000000000011	
LA_T_6481136_0004	Boundary	True	True			
LA_T_6481136_0004	Interior_A	True	False	0.0	5.551115123125783e-13	incomplete_strict_phone_support_for_nine_point_cpps_trajectory
LA_T_6481136_0004	Interior_B	True	False	0.0	-2.9976021664879227e-12	incomplete_strict_phone_support_for_nine_point_cpps_trajectory
LA_T_6481136_0005	Boundary	True	True			
LA_T_6481136_0005	Interior_A	True	False	0.0	-2.9976021664879227e-12	incomplete_strict_phone_support_for_nine_point_cpps_trajectory
LA_T_6481136_0005	Interior_B	True	False	-160.00000000000014	-159.99999999999957	incomplete_strict_phone_support_for_nine_point_cpps_trajectory
LA_T_6481136_0006	Boundary	True	False			official_v6_boundary_cpps_invalid_or_incomplete_support
LA_T_6481136_0006	Interior_A	True	False	-160.00000000000014	-159.99999999999957	incomplete_strict_phone_support_for_nine_point_cpps_trajectory
LA_T_6481136_0006	Interior_B	True	False	0.0	5.551115123125783e-13	incomplete_strict_phone_support_for_nine_point_cpps_trajectory
LA_T_6481136_0007	Boundary	True	False			official_v6_boundary_cpps_invalid_or_incomplete_support
LA_T_6481136_0007	Interior_A	True	False	0.0	5.551115123125783e-13	incomplete_strict_phone_support_for_nine_point_cpps_trajectory
LA_T_6481136_0007	Interior_B	True	True	799.9999999999972	800.0000000000013	
LA_T_6481136_0008	Boundary	True	True			
LA_T_6481136_0008	Interior_A	True	True	799.9999999999972	800.0000000000013	
LA_T_6481136_0008	Interior_B	True	True	480.00000000000045	480.00000000000097	
LA_T_6481136_0012	Boundary	True	False			official_v6_boundary_cpps_invalid_or_incomplete_support
LA_T_6481136_0012	Interior_A	True	True	240.000000000002	239.99999999999545	
LA_T_6481136_0012	Interior_B	True	True	80.0000000000054	79.99999999999885	
LA_T_6481136_0013	Boundary	True	True			
LA_T_6481136_0013	Interior_A	True	True	80.0000000000054	79.99999999999885	
LA_T_6481136_0013	Interior_B	True	False	-79.9999999999983	-80.00000000000485	incomplete_strict_phone_support_for_nine_point_cpps_trajectory
LA_T_6481136_0014	Boundary	True	True			
LA_T_6481136_0014	Interior_A	True	False	-79.9999999999983	-80.00000000000485	incomplete_strict_phone_support_for_nine_point_cpps_trajectory
LA_T_6481136_0014	Interior_B	True	False	0.0	5.551115123125783e-13	incomplete_strict_phone_support_for_nine_point_cpps_trajectory
LA_T_6481136_0019	Boundary	True	False			official_v6_boundary_cpps_invalid_or_incomplete_support
LA_T_6481136_0019	Interior_A	True	False	0.0	5.551115123125783e-13	incomplete_strict_phone_support_for_nine_point_cpps_trajectory
LA_T_6481136_0019	Interior_B	True	False	-79.9999999999983	-79.99999999999774	incomplete_strict_phone_support_for_nine_point_cpps_trajectory
LA_T_6481136_0020	Boundary	True	False			official_v6_boundary_cpps_invalid_or_incomplete_support
LA_T_6481136_0020	Interior_A	True	False	-79.9999999999983	-79.99999999999774	incomplete_strict_phone_support_for_nine_point_cpps_trajectory
LA_T_6481136_0020	Interior_B	True	False	0.0	-6.5503158452884236e-12	incomplete_strict_phone_support_for_nine_point_cpps_trajectory
LA_T_6481136_0026	Boundary	True	True			
LA_T_6481136_0026	Interior_A	True	True	79.9999999999983	79.99999999999885	
LA_T_6481136_0026	Interior_B	True	False	-79.9999999999983	-79.99999999999774	incomplete_strict_phone_support_for_nine_point_cpps_trajectory
LA_T_6481136_0027	Boundary	True	True			
LA_T_6481136_0027	Interior_A	True	False	-79.9999999999983	-79.99999999999774	incomplete_strict_phone_support_for_nine_point_cpps_trajectory
LA_T_6481136_0027	Interior_B	True	False	-159.9999999999966	-160.00000000000313	incomplete_strict_phone_support_for_nine_point_cpps_trajectory
LA_T_6481136_0028	Boundary	True	True			
LA_T_6481136_0028	Interior_A	True	False	-159.9999999999966	-160.00000000000313	incomplete_strict_phone_support_for_nine_point_cpps_trajectory
LA_T_6481136_0028	Interior_B	True	True	320.0000000000003	319.99999999999375	
LA_T_6481136_0029	Boundary	True	True			
LA_T_6481136_0029	Interior_A	True	True	320.0000000000003	319.99999999999375	
LA_T_6481136_0029	Interior_B	True	False	-159.9999999999966	-160.00000000000313	incomplete_strict_phone_support_for_nine_point_cpps_trajectory
LA_T_6481136_0030	Boundary	True	True			
LA_T_6481136_0030	Interior_A	True	False	-159.9999999999966	-160.00000000000313	incomplete_strict_phone_support_for_nine_point_cpps_trajectory
LA_T_6481136_0030	Interior_B	True	True	79.9999999999983	80.00000000000595	
LA_T_6481136_0031	Boundary	True	True			
LA_T_6481136_0031	Interior_A	True	True	79.9999999999983	80.00000000000595	
LA_T_6481136_0031	Interior_B	True	False	-79.9999999999983	-80.00000000000485	incomplete_strict_phone_support_for_nine_point_cpps_trajectory
LA_T_6481136_0032	Boundary	True	True			
LA_T_6481136_0032	Interior_A	True	False	-79.9999999999983	-80.00000000000485	incomplete_strict_phone_support_for_nine_point_cpps_trajectory
LA_T_6481136_0032	Interior_B	True	True	160.0000000000037	159.99999999999716	
LA_T_6481136_0033	Boundary	True	True			
LA_T_6481136_0033	Interior_A	True	True	160.0000000000037	159.99999999999716	
LA_T_6481136_0033	Interior_B	True	True	399.9999999999986	399.99999999999915	
LA_T_6481379_0001	Boundary	True	False			official_v6_boundary_cpps_invalid_or_incomplete_support
LA_T_6481379_0001	Interior_A	True	False	-160.00000000000102	-159.9999999999987	incomplete_strict_phone_support_for_nine_point_cpps_trajectory
LA_T_6481379_0001	Interior_B	True	True	80.00000000000097	80.00000000000063	
LA_T_6481379_0014	Boundary	True	True			
LA_T_6481379_0014	Interior_A	True	False	-160.00000000000014	-159.99999999999957	incomplete_strict_phone_support_for_nine_point_cpps_trajectory
LA_T_6481379_0014	Interior_B	True	False	-160.00000000000014	-159.99999999999957	incomplete_strict_phone_support_for_nine_point_cpps_trajectory
LA_T_6481379_0019	Boundary	True	True			
LA_T_6481379_0019	Interior_A	True	False	-160.00000000000014	-159.99999999999957	incomplete_strict_phone_support_for_nine_point_cpps_trajectory
LA_T_6481379_0019	Interior_B	True	False	-80.00000000000185	-79.99999999999774	incomplete_strict_phone_support_for_nine_point_cpps_trajectory
LA_T_6481379_0020	Boundary	True	False			official_v6_boundary_cpps_invalid_or_incomplete_support
LA_T_6481379_0020	Interior_A	True	False	-80.00000000000185	-79.99999999999774	incomplete_strict_phone_support_for_nine_point_cpps_trajectory
LA_T_6481379_0020	Interior_B	True	False	0.0	-2.9976021664879227e-12	incomplete_strict_phone_support_for_nine_point_cpps_trajectory
LA_T_6482944_0000	Boundary	True	True			
LA_T_6482944_0000	Interior_A	True	False	-160.00000000000003	-160.00000000000003	incomplete_strict_phone_support_for_nine_point_cpps_trajectory
LA_T_6482944_0000	Interior_B	True	True	239.99999999999977	239.9999999999999	
LA_T_6482944_0001	Boundary	True	True			
LA_T_6482944_0001	Interior_A	True	True	239.99999999999977	239.9999999999999	
LA_T_6482944_0001	Interior_B	True	True	159.9999999999997	160.0000000000007	
LA_T_6482944_0007	Boundary	True	False			official_v6_boundary_cpps_invalid_or_incomplete_support
LA_T_6482944_0007	Interior_A	True	False	-159.99999999999926	-159.99999999999957	incomplete_strict_phone_support_for_nine_point_cpps_trajectory
LA_T_6482944_0007	Interior_B	True	False	-80.00000000000185	-79.99999999999952	incomplete_strict_phone_support_for_nine_point_cpps_trajectory
LA_T_6482944_0014	Boundary	True	False			official_v6_boundary_cpps_invalid_or_incomplete_support
LA_T_6482944_0014	Interior_A	True	False	-160.00000000000014	-160.00000000000136	incomplete_strict_phone_support_for_nine_point_cpps_trajectory
LA_T_6482944_0014	Interior_B	True	True	80.00000000000007	80.00000000000063	
LA_T_6482944_0017	Boundary	True	True			
LA_T_6482944_0017	Interior_A	True	True	79.9999999999983	79.99999999999885	
LA_T_6482944_0017	Interior_B	True	False	0.0	5.551115123125783e-13	incomplete_strict_phone_support_for_nine_point_cpps_trajectory
LA_T_6484853_0002	Boundary	True	True			
LA_T_6484853_0002	Interior_A	True	True	160.00000000000014	160.0000000000007	
LA_T_6484853_0002	Interior_B	True	False	-80.00000000000185	-80.0000000000013	incomplete_strict_phone_support_for_nine_point_cpps_trajectory
LA_T_6484853_0003	Boundary	True	True			
LA_T_6484853_0003	Interior_A	True	False	-80.00000000000185	-80.0000000000013	incomplete_strict_phone_support_for_nine_point_cpps_trajectory
LA_T_6484853_0003	Interior_B	True	True	240.000000000002	239.999999999999	
LA_T_6484853_0004	Boundary	True	False			official_v6_boundary_cpps_invalid_or_incomplete_support
LA_T_6484853_0004	Interior_A	True	True	240.000000000002	239.999999999999	
LA_T_6484853_0004	Interior_B	True	False	0.0	5.551115123125783e-13	incomplete_strict_phone_support_for_nine_point_cpps_trajectory
LA_T_6484853_0006	Boundary	True	True			
LA_T_6484853_0006	Interior_A	True	False	-160.0000000000037	-159.99999999999957	incomplete_strict_phone_support_for_nine_point_cpps_trajectory
LA_T_6484853_0006	Interior_B	True	False	-160.00000000000014	-159.99999999999957	incomplete_strict_phone_support_for_nine_point_cpps_trajectory
LA_T_6484853_0007	Boundary	True	False			official_v6_boundary_cpps_invalid_or_incomplete_support
LA_T_6484853_0007	Interior_A	True	False	-160.00000000000014	-159.99999999999957	incomplete_strict_phone_support_for_nine_point_cpps_trajectory
LA_T_6484853_0007	Interior_B	True	True	79.9999999999983	80.0000000000024	
LA_T_6484853_0010	Boundary	True	True			
LA_T_6484853_0010	Interior_A	True	True	79.9999999999983	79.99999999999885	
LA_T_6484853_0010	Interior_B	True	False	-160.00000000000014	-159.99999999999957	incomplete_strict_phone_support_for_nine_point_cpps_trajectory
LA_T_6484853_0011	Boundary	True	False			official_v6_boundary_cpps_invalid_or_incomplete_support
LA_T_6484853_0011	Interior_A	True	False	-160.00000000000014	-159.99999999999957	incomplete_strict_phone_support_for_nine_point_cpps_trajectory
LA_T_6484853_0011	Interior_B	True	True	79.9999999999983	79.99999999999885	
LA_T_6484853_0012	Boundary	True	False			official_v6_boundary_cpps_invalid_or_incomplete_support
LA_T_6484853_0012	Interior_A	True	True	79.9999999999983	79.99999999999885	
LA_T_6484853_0012	Interior_B	True	False	-79.9999999999983	-79.99999999999774	incomplete_strict_phone_support_for_nine_point_cpps_trajectory
LA_T_6484853_0013	Boundary	True	True			
LA_T_6484853_0013	Interior_A	True	False	-79.9999999999983	-79.99999999999774	incomplete_strict_phone_support_for_nine_point_cpps_trajectory
LA_T_6484853_0013	Interior_B	True	False	-79.9999999999983	-80.00000000000485	incomplete_strict_phone_support_for_nine_point_cpps_trajectory
LA_T_6484853_0022	Boundary	True	True			
LA_T_6484853_0022	Interior_A	True	True	240.000000000002	240.00000000000256	
LA_T_6484853_0022	Interior_B	True	False	-160.0000000000037	-159.99999999999602	incomplete_strict_phone_support_for_nine_point_cpps_trajectory
LA_T_6484853_0023	Boundary	True	True			
LA_T_6484853_0023	Interior_A	True	False	-160.0000000000037	-159.99999999999602	incomplete_strict_phone_support_for_nine_point_cpps_trajectory
LA_T_6484853_0023	Interior_B	True	False	-7.105427357601002e-12	5.551115123125783e-13	incomplete_strict_phone_support_for_nine_point_cpps_trajectory
LA_T_6484853_0024	Boundary	True	True			
LA_T_6484853_0024	Interior_A	True	False	-7.105427357601002e-12	5.551115123125783e-13	incomplete_strict_phone_support_for_nine_point_cpps_trajectory
LA_T_6484853_0024	Interior_B	True	False	-79.9999999999983	-79.99999999999774	incomplete_strict_phone_support_for_nine_point_cpps_trajectory
LA_T_6484853_0025	Boundary	True	False			official_v6_boundary_cpps_invalid_or_incomplete_support
LA_T_6484853_0025	Interior_A	True	False	-79.9999999999983	-79.99999999999774	incomplete_strict_phone_support_for_nine_point_cpps_trajectory
LA_T_6484853_0025	Interior_B	True	True	79.9999999999983	79.99999999999885	
LA_T_6484853_0026	Boundary	True	False			official_v6_boundary_cpps_invalid_or_incomplete_support
LA_T_6484853_0026	Interior_A	True	True	79.9999999999983	79.99999999999885	
LA_T_6484853_0026	Interior_B	True	True	240.000000000002	239.99999999999545	
LA_T_6484853_0027	Boundary	True	False			official_v6_boundary_cpps_invalid_or_incomplete_support
LA_T_6484853_0027	Interior_A	True	True	240.000000000002	239.99999999999545	
LA_T_6484853_0027	Interior_B	True	True	160.0000000000037	159.99999999999716	
LA_T_6484853_0032	Boundary	True	True			
LA_T_6484853_0032	Interior_A	True	False	-159.9999999999966	-160.00000000000313	incomplete_strict_phone_support_for_nine_point_cpps_trajectory
LA_T_6484853_0032	Interior_B	True	True	160.0000000000037	159.99999999999716	
LA_T_6484853_0033	Boundary	True	False			official_v6_boundary_cpps_invalid_or_incomplete_support
LA_T_6484853_0033	Interior_A	True	True	160.0000000000037	159.99999999999716	
LA_T_6484853_0033	Interior_B	True	False	-160.0000000000037	-159.99999999999602	incomplete_strict_phone_support_for_nine_point_cpps_trajectory
LA_T_6484853_0036	Boundary	True	True			
LA_T_6484853_0036	Interior_A	True	False	-160.0000000000037	-159.99999999999602	incomplete_strict_phone_support_for_nine_point_cpps_trajectory
LA_T_6484853_0036	Interior_B	True	False	-160.0000000000037	-159.99999999999602	incomplete_strict_phone_support_for_nine_point_cpps_trajectory
LA_T_6484853_0039	Boundary	True	False			official_v6_boundary_cpps_invalid_or_incomplete_support
LA_T_6484853_0039	Interior_A	True	True	240.000000000002	239.99999999999545	
LA_T_6484853_0039	Interior_B	True	False	0.0	5.551115123125783e-13	incomplete_strict_phone_support_for_nine_point_cpps_trajectory
LA_T_6484853_0044	Boundary	True	True			
LA_T_6484853_0044	Interior_A	True	True	399.9999999999915	400.00000000000625	
LA_T_6484853_0044	Interior_B	True	False	-79.9999999999983	-79.99999999999774	incomplete_strict_phone_support_for_nine_point_cpps_trajectory
LA_T_6484853_0045	Boundary	True	True			
LA_T_6484853_0045	Interior_A	True	False	-79.9999999999983	-79.99999999999774	incomplete_strict_phone_support_for_nine_point_cpps_trajectory
LA_T_6484853_0045	Interior_B	True	False	-159.9999999999966	-160.00000000001023	incomplete_strict_phone_support_for_nine_point_cpps_trajectory
LA_T_6484853_0046	Boundary	True	False			official_v6_boundary_cpps_invalid_or_incomplete_support
LA_T_6484853_0046	Interior_A	True	False	-159.9999999999966	-160.00000000001023	incomplete_strict_phone_support_for_nine_point_cpps_trajectory
LA_T_6484853_0046	Interior_B	True	False	-79.9999999999983	-79.99999999999774	incomplete_strict_phone_support_for_nine_point_cpps_trajectory
LA_T_6484853_0049	Boundary	True	True			
LA_T_6484853_0049	Interior_A	True	True	240.0000000000091	239.99999999999545	
LA_T_6484853_0049	Interior_B	True	False	-79.9999999999983	-79.99999999999774	incomplete_strict_phone_support_for_nine_point_cpps_trajectory
LA_T_6484853_0050	Boundary	True	True			
LA_T_6484853_0050	Interior_A	True	False	-79.9999999999983	-79.99999999999774	incomplete_strict_phone_support_for_nine_point_cpps_trajectory
LA_T_6484853_0050	Interior_B	True	False	-79.9999999999983	-80.00000000001195	incomplete_strict_phone_support_for_nine_point_cpps_trajectory
LA_T_6484853_0051	Boundary	True	False			official_v6_boundary_cpps_invalid_or_incomplete_support
LA_T_6484853_0051	Interior_A	True	False	-79.9999999999983	-80.00000000001195	incomplete_strict_phone_support_for_nine_point_cpps_trajectory
LA_T_6484853_0051	Interior_B	True	True	240.0000000000091	239.99999999999545	
LA_T_6484853_0052	Boundary	True	False			official_v6_boundary_cpps_invalid_or_incomplete_support
LA_T_6484853_0052	Interior_A	True	True	240.0000000000091	239.99999999999545	
LA_T_6484853_0052	Interior_B	True	True	159.9999999999966	159.99999999999716	
LA_T_6484853_0053	Boundary	True	False			official_v6_boundary_cpps_invalid_or_incomplete_support
LA_T_6484853_0053	Interior_A	True	True	159.9999999999966	159.99999999999716	
LA_T_6484853_0053	Interior_B	True	True	1359.9999999999995	1359.9999999999998	
LA_T_6487227_0001	Boundary	True	False			official_v6_boundary_cpps_invalid_or_incomplete_support
LA_T_6487227_0001	Interior_A	True	False	-160.00000000000014	-159.99999999999957	incomplete_strict_phone_support_for_nine_point_cpps_trajectory
LA_T_6487227_0001	Interior_B	True	True	239.99999999999844	240.00000000000256	
LA_T_6487227_0004	Boundary	True	True			
LA_T_6487227_0004	Interior_A	True	False	0.0	5.551115123125783e-13	incomplete_strict_phone_support_for_nine_point_cpps_trajectory
LA_T_6487227_0004	Interior_B	True	False	-80.00000000000185	-79.99999999999774	incomplete_strict_phone_support_for_nine_point_cpps_trajectory
LA_T_6487227_0005	Boundary	True	True			
LA_T_6487227_0005	Interior_A	True	False	-80.00000000000185	-79.99999999999774	incomplete_strict_phone_support_for_nine_point_cpps_trajectory
LA_T_6487227_0005	Interior_B	True	True	160.00000000000014	159.99999999999716	
LA_T_6487227_0006	Boundary	True	True			
LA_T_6487227_0006	Interior_A	True	True	160.00000000000014	159.99999999999716	
LA_T_6487227_0006	Interior_B	True	False	-80.00000000000185	-79.99999999999774	incomplete_strict_phone_support_for_nine_point_cpps_trajectory
LA_T_6487227_0009	Boundary	True	True			
LA_T_6487227_0009	Interior_A	True	False	-80.00000000000185	-79.99999999999774	incomplete_strict_phone_support_for_nine_point_cpps_trajectory
LA_T_6487227_0009	Interior_B	True	False	0.0	-2.9976021664879227e-12	incomplete_strict_phone_support_for_nine_point_cpps_trajectory
LA_T_6487227_0010	Boundary	True	True			
LA_T_6487227_0010	Interior_A	True	False	0.0	-2.9976021664879227e-12	incomplete_strict_phone_support_for_nine_point_cpps_trajectory
LA_T_6487227_0010	Interior_B	True	True	160.00000000000014	160.0000000000007	
LA_T_6487227_0011	Boundary	True	False			official_v6_boundary_cpps_invalid_or_incomplete_support
LA_T_6487227_0011	Interior_A	True	True	160.00000000000014	160.0000000000007	
LA_T_6487227_0011	Interior_B	True	True	80.00000000000185	79.99999999999885	
LA_T_6489508_0000	Boundary	True	True			
LA_T_6489508_0000	Interior_A	True	False	-160.00000000000014	-160.00000000000003	incomplete_strict_phone_support_for_nine_point_cpps_trajectory
LA_T_6489508_0000	Interior_B	True	False	-160.00000000000014	-160.00000000000003	incomplete_strict_phone_support_for_nine_point_cpps_trajectory
LA_T_6489508_0001	Boundary	True	False			official_v6_boundary_cpps_invalid_or_incomplete_support
LA_T_6489508_0001	Interior_A	True	False	-160.00000000000014	-160.00000000000003	incomplete_strict_phone_support_for_nine_point_cpps_trajectory
LA_T_6489508_0001	Interior_B	True	False	-80.00000000000007	-79.99999999999952	incomplete_strict_phone_support_for_nine_point_cpps_trajectory
LA_T_6489508_0006	Boundary	True	False			official_v6_boundary_cpps_invalid_or_incomplete_support
LA_T_6489508_0006	Interior_A	True	True	160.00000000000014	160.0000000000007	
LA_T_6489508_0006	Interior_B	True	True	479.99999999999864	479.9999999999992	
LA_T_6489508_0010	Boundary	True	False			official_v6_boundary_cpps_invalid_or_incomplete_support
LA_T_6489508_0010	Interior_A	True	False	0.0	-1.2212453270876722e-12	incomplete_strict_phone_support_for_nine_point_cpps_trajectory
LA_T_6489508_0010	Interior_B	True	False	-160.00000000000014	-159.99999999999957	incomplete_strict_phone_support_for_nine_point_cpps_trajectory
LA_T_6489508_0011	Boundary	True	True			
LA_T_6489508_0011	Interior_A	True	False	-160.00000000000014	-159.99999999999957	incomplete_strict_phone_support_for_nine_point_cpps_trajectory
LA_T_6489508_0011	Interior_B	True	True	639.9999999999987	640.0000000000011	
LA_T_6489508_0013	Boundary	True	False			official_v6_boundary_cpps_invalid_or_incomplete_support
LA_T_6489508_0013	Interior_A	True	True	719.9999999999989	720.000000000003	
LA_T_6489508_0013	Interior_B	True	False	-160.0000000000037	-159.99999999999957	incomplete_strict_phone_support_for_nine_point_cpps_trajectory
LA_T_6489508_0015	Boundary	True	True			
LA_T_6489508_0015	Interior_A	True	False	0.0	5.551115123125783e-13	incomplete_strict_phone_support_for_nine_point_cpps_trajectory
LA_T_6489508_0015	Interior_B	True	True	320.0000000000003	320.00000000000085	
LA_T_6489508_0016	Boundary	True	False			official_v6_boundary_cpps_invalid_or_incomplete_support
LA_T_6489508_0016	Interior_A	True	True	320.0000000000003	320.00000000000085	
LA_T_6489508_0016	Interior_B	True	False	-3.552713678800501e-12	5.551115123125783e-13	incomplete_strict_phone_support_for_nine_point_cpps_trajectory
LA_T_6489508_0017	Boundary	True	False			official_v6_boundary_cpps_invalid_or_incomplete_support
LA_T_6489508_0017	Interior_A	True	False	-3.552713678800501e-12	5.551115123125783e-13	incomplete_strict_phone_support_for_nine_point_cpps_trajectory
LA_T_6489508_0017	Interior_B	True	False	-160.00000000000014	-159.99999999999957	incomplete_strict_phone_support_for_nine_point_cpps_trajectory
LA_T_6489508_0018	Boundary	True	False			official_v6_boundary_cpps_invalid_or_incomplete_support
LA_T_6489508_0018	Interior_A	True	False	-160.00000000000014	-159.99999999999957	incomplete_strict_phone_support_for_nine_point_cpps_trajectory
LA_T_6489508_0018	Interior_B	True	False	-160.00000000000014	-159.99999999999957	incomplete_strict_phone_support_for_nine_point_cpps_trajectory
LA_T_6489508_0019	Boundary	True	True			
LA_T_6489508_0019	Interior_A	True	False	-160.00000000000014	-159.99999999999957	incomplete_strict_phone_support_for_nine_point_cpps_trajectory
LA_T_6489508_0019	Interior_B	True	False	-80.00000000000185	-80.0000000000013	incomplete_strict_phone_support_for_nine_point_cpps_trajectory
LA_T_6489508_0020	Boundary	True	True			
LA_T_6489508_0020	Interior_A	True	False	-80.00000000000185	-80.0000000000013	incomplete_strict_phone_support_for_nine_point_cpps_trajectory
LA_T_6489508_0020	Interior_B	True	False	-160.00000000000014	-159.99999999999957	incomplete_strict_phone_support_for_nine_point_cpps_trajectory
LA_T_6489508_0023	Boundary	True	False			official_v6_boundary_cpps_invalid_or_incomplete_support
LA_T_6489508_0023	Interior_A	True	True	79.9999999999983	79.99999999999885	
LA_T_6489508_0023	Interior_B	True	True	79.9999999999983	80.00000000000595	
LA_T_6489508_0026	Boundary	True	False			official_v6_boundary_cpps_invalid_or_incomplete_support
LA_T_6489508_0026	Interior_A	True	True	79.9999999999983	79.99999999999885	
LA_T_6489508_0026	Interior_B	True	True	320.0000000000003	320.00000000000085	
LA_T_6489508_0027	Boundary	True	False			official_v6_boundary_cpps_invalid_or_incomplete_support
LA_T_6489508_0027	Interior_A	True	True	320.0000000000003	320.00000000000085	
LA_T_6489508_0027	Interior_B	True	False	-159.9999999999966	-160.00000000000313	incomplete_strict_phone_support_for_nine_point_cpps_trajectory
LA_T_6489508_0031	Boundary	True	False			official_v6_boundary_cpps_invalid_or_incomplete_support
LA_T_6489508_0031	Interior_A	True	False	-80.0000000000054	-79.99999999999774	incomplete_strict_phone_support_for_nine_point_cpps_trajectory
LA_T_6489508_0031	Interior_B	True	False	-159.9999999999966	-160.00000000000313	incomplete_strict_phone_support_for_nine_point_cpps_trajectory
LA_T_6489508_0035	Boundary	True	False			official_v6_boundary_cpps_invalid_or_incomplete_support
LA_T_6489508_0035	Interior_A	True	True	240.000000000002	240.00000000000256	
LA_T_6489508_0035	Interior_B	True	True	79.9999999999983	79.99999999999885	
LA_T_6489508_0036	Boundary	True	True			
LA_T_6489508_0036	Interior_A	True	True	79.9999999999983	79.99999999999885	
LA_T_6489508_0036	Interior_B	True	False	-160.0000000000037	-159.99999999999602	incomplete_strict_phone_support_for_nine_point_cpps_trajectory
LA_T_6489508_0037	Boundary	True	False			official_v6_boundary_cpps_invalid_or_incomplete_support
LA_T_6489508_0037	Interior_A	True	False	-160.0000000000037	-159.99999999999602	incomplete_strict_phone_support_for_nine_point_cpps_trajectory
LA_T_6489508_0037	Interior_B	True	False	0.0	5.551115123125783e-13	incomplete_strict_phone_support_for_nine_point_cpps_trajectory
LA_T_6489508_0040	Boundary	True	False			official_v6_boundary_cpps_invalid_or_incomplete_support
LA_T_6489508_0040	Interior_A	True	False	-159.9999999999966	-160.00000000000313	incomplete_strict_phone_support_for_nine_point_cpps_trajectory
LA_T_6489508_0040	Interior_B	True	True	160.0000000000037	159.99999999999716	
LA_T_6489508_0046	Boundary	True	True			
LA_T_6489508_0046	Interior_A	True	False	-160.0000000000037	-159.99999999999602	incomplete_strict_phone_support_for_nine_point_cpps_trajectory
LA_T_6489508_0046	Interior_B	True	False	0.0	5.551115123125783e-13	incomplete_strict_phone_support_for_nine_point_cpps_trajectory
LA_T_6493260_0002	Boundary	True	True			
LA_T_6493260_0002	Interior_A	True	True	160.00000000000014	159.9999999999998	
LA_T_6493260_0002	Interior_B	True	True	80.00000000000007	80.00000000000063	
LA_T_6493260_0005	Boundary	True	True			
LA_T_6493260_0005	Interior_A	True	False	-160.00000000000014	-159.99999999999957	incomplete_strict_phone_support_for_nine_point_cpps_trajectory
LA_T_6493260_0005	Interior_B	True	False	-159.99999999999926	-159.99999999999957	incomplete_strict_phone_support_for_nine_point_cpps_trajectory
LA_T_6493260_0008	Boundary	True	True			
LA_T_6493260_0008	Interior_A	True	True	400.00000000000034	399.99999999999915	
LA_T_6493260_0008	Interior_B	True	False	-80.00000000000007	-79.99999999999952	incomplete_strict_phone_support_for_nine_point_cpps_trajectory
LA_T_6493260_0011	Boundary	True	True			
LA_T_6493260_0011	Interior_A	True	False	0.0	5.551115123125783e-13	incomplete_strict_phone_support_for_nine_point_cpps_trajectory
LA_T_6493260_0011	Interior_B	True	True	239.99999999999844	240.00000000000077	
LA_T_6493260_0014	Boundary	True	False			official_v6_boundary_cpps_invalid_or_incomplete_support
LA_T_6493260_0014	Interior_A	True	True	159.9999999999966	160.0000000000007	
LA_T_6493260_0014	Interior_B	True	False	-160.00000000000014	-159.99999999999957	incomplete_strict_phone_support_for_nine_point_cpps_trajectory
LA_T_6493260_0015	Boundary	True	False			official_v6_boundary_cpps_invalid_or_incomplete_support
LA_T_6493260_0015	Interior_A	True	False	-160.00000000000014	-159.99999999999957	incomplete_strict_phone_support_for_nine_point_cpps_trajectory
LA_T_6493260_0015	Interior_B	True	False	-80.00000000000185	-79.99999999999774	incomplete_strict_phone_support_for_nine_point_cpps_trajectory
LA_T_6493260_0016	Boundary	True	True			
LA_T_6493260_0016	Interior_A	True	False	-80.00000000000185	-79.99999999999774	incomplete_strict_phone_support_for_nine_point_cpps_trajectory
LA_T_6493260_0016	Interior_B	True	False	-160.00000000000014	-160.00000000000313	incomplete_strict_phone_support_for_nine_point_cpps_trajectory
LA_T_6493260_0018	Boundary	True	False			official_v6_boundary_cpps_invalid_or_incomplete_support
LA_T_6493260_0018	Interior_A	True	False	-160.00000000000014	-159.99999999999957	incomplete_strict_phone_support_for_nine_point_cpps_trajectory
LA_T_6493260_0018	Interior_B	True	False	-160.00000000000014	-159.99999999999957	incomplete_strict_phone_support_for_nine_point_cpps_trajectory
LA_T_6493260_0023	Boundary	True	False			official_v6_boundary_cpps_invalid_or_incomplete_support
LA_T_6493260_0023	Interior_A	True	True	239.99999999999844	240.00000000000256	
LA_T_6493260_0023	Interior_B	True	True	160.00000000000014	160.0000000000007	
LA_T_6493260_0024	Boundary	True	True			
LA_T_6493260_0024	Interior_A	True	True	160.00000000000014	160.0000000000007	
LA_T_6493260_0024	Interior_B	True	False	-3.552713678800501e-12	5.551115123125783e-13	incomplete_strict_phone_support_for_nine_point_cpps_trajectory
LA_T_6493260_0034	Boundary	True	False			official_v6_boundary_cpps_invalid_or_incomplete_support
LA_T_6493260_0034	Interior_A	True	False	-159.9999999999966	-160.00000000000313	incomplete_strict_phone_support_for_nine_point_cpps_trajectory
LA_T_6493260_0034	Interior_B	True	True	240.000000000002	239.99999999999545	
LA_T_6493260_0035	Boundary	True	False			official_v6_boundary_cpps_invalid_or_incomplete_support
LA_T_6493260_0035	Interior_A	True	True	240.000000000002	239.99999999999545	
LA_T_6493260_0035	Interior_B	True	False	-159.9999999999966	-160.00000000000313	incomplete_strict_phone_support_for_nine_point_cpps_trajectory
LA_T_6493260_0038	Boundary	True	True			
LA_T_6493260_0038	Interior_A	True	False	0.0	5.551115123125783e-13	incomplete_strict_phone_support_for_nine_point_cpps_trajectory
LA_T_6493260_0038	Interior_B	True	False	-79.9999999999983	-80.00000000000485	incomplete_strict_phone_support_for_nine_point_cpps_trajectory
LA_T_6493260_0039	Boundary	True	True			
LA_T_6493260_0039	Interior_A	True	False	-79.9999999999983	-80.00000000000485	incomplete_strict_phone_support_for_nine_point_cpps_trajectory
LA_T_6493260_0039	Interior_B	True	False	-79.9999999999983	-79.99999999999774	incomplete_strict_phone_support_for_nine_point_cpps_trajectory
LA_T_6493260_0040	Boundary	True	True			
LA_T_6493260_0040	Interior_A	True	False	-79.9999999999983	-79.99999999999774	incomplete_strict_phone_support_for_nine_point_cpps_trajectory
LA_T_6493260_0040	Interior_B	True	False	-160.0000000000037	-159.99999999999602	incomplete_strict_phone_support_for_nine_point_cpps_trajectory
LA_T_6493260_0041	Boundary	True	True			
LA_T_6493260_0041	Interior_A	True	False	-160.0000000000037	-159.99999999999602	incomplete_strict_phone_support_for_nine_point_cpps_trajectory
LA_T_6493260_0041	Interior_B	True	False	-160.0000000000037	-160.00000000000313	incomplete_strict_phone_support_for_nine_point_cpps_trajectory
LA_T_6493260_0042	Boundary	True	True			
LA_T_6493260_0042	Interior_A	True	False	-160.0000000000037	-160.00000000000313	incomplete_strict_phone_support_for_nine_point_cpps_trajectory
LA_T_6493260_0042	Interior_B	True	False	-159.9999999999966	-160.00000000000313	incomplete_strict_phone_support_for_nine_point_cpps_trajectory
LA_T_6493260_0048	Boundary	True	True			
LA_T_6493260_0048	Interior_A	True	False	-79.9999999999983	-79.99999999999774	incomplete_strict_phone_support_for_nine_point_cpps_trajectory
LA_T_6493260_0048	Interior_B	True	False	-159.9999999999966	-160.00000000000313	incomplete_strict_phone_support_for_nine_point_cpps_trajectory
LA_T_6493260_0049	Boundary	True	False			official_v6_boundary_cpps_invalid_or_incomplete_support
LA_T_6493260_0049	Interior_A	True	False	-159.9999999999966	-160.00000000000313	incomplete_strict_phone_support_for_nine_point_cpps_trajectory
LA_T_6493260_0049	Interior_B	True	False	0.0	5.551115123125783e-13	incomplete_strict_phone_support_for_nine_point_cpps_trajectory
LA_T_6493260_0052	Boundary	True	False			official_v6_boundary_cpps_invalid_or_incomplete_support
LA_T_6493260_0052	Interior_A	True	False	-160.0000000000037	-159.99999999999602	incomplete_strict_phone_support_for_nine_point_cpps_trajectory
LA_T_6493260_0052	Interior_B	True	True	239.99999999999488	240.00000000000256	
LA_T_6493260_0053	Boundary	True	True			
LA_T_6493260_0053	Interior_A	True	True	239.99999999999488	240.00000000000256	
LA_T_6493260_0053	Interior_B	True	False	0.0	5.551115123125783e-13	incomplete_strict_phone_support_for_nine_point_cpps_trajectory
LA_T_6493260_0054	Boundary	True	True			
LA_T_6493260_0054	Interior_A	True	False	0.0	5.551115123125783e-13	incomplete_strict_phone_support_for_nine_point_cpps_trajectory
LA_T_6493260_0054	Interior_B	True	True	79.9999999999983	79.99999999999885	
LA_T_6493260_0057	Boundary	True	True			
LA_T_6493260_0057	Interior_A	True	False	-159.9999999999966	-160.00000000000313	incomplete_strict_phone_support_for_nine_point_cpps_trajectory
LA_T_6493260_0057	Interior_B	True	False	-159.9999999999966	-160.00000000001023	incomplete_strict_phone_support_for_nine_point_cpps_trajectory
LA_T_6493260_0058	Boundary	True	False			official_v6_boundary_cpps_invalid_or_incomplete_support
LA_T_6493260_0058	Interior_A	True	False	-159.9999999999966	-160.00000000001023	incomplete_strict_phone_support_for_nine_point_cpps_trajectory
LA_T_6493260_0058	Interior_B	True	True	239.99999999999488	240.00000000000966	
LA_T_6493260_0059	Boundary	True	False			official_v6_boundary_cpps_invalid_or_incomplete_support
LA_T_6493260_0059	Interior_A	True	True	239.99999999999488	240.00000000000966	
LA_T_6493260_0059	Interior_B	True	False	-79.9999999999983	-79.99999999999774	incomplete_strict_phone_support_for_nine_point_cpps_trajectory
LA_T_6493260_0062	Boundary	True	True			
LA_T_6493260_0062	Interior_A	True	False	-79.9999999999983	-80.00000000001195	incomplete_strict_phone_support_for_nine_point_cpps_trajectory
LA_T_6493260_0062	Interior_B	True	True	560.0000000000023	560.0000000000028	
LA_T_6493306_0000	Boundary	True	True			
LA_T_6493306_0000	Interior_A	True	True	399.9999999999986	400.0000000000027	
LA_T_6493306_0000	Interior_B	True	False	-80.00000000000185	-80.0000000000013	incomplete_strict_phone_support_for_nine_point_cpps_trajectory
LA_T_6493306_0001	Boundary	True	True			
LA_T_6493306_0001	Interior_A	True	False	-80.00000000000185	-80.0000000000013	incomplete_strict_phone_support_for_nine_point_cpps_trajectory
LA_T_6493306_0001	Interior_B	True	True	79.9999999999983	80.0000000000024	
LA_T_6493306_0002	Boundary	True	True			
LA_T_6493306_0002	Interior_A	True	True	79.9999999999983	80.0000000000024	
LA_T_6493306_0002	Interior_B	True	False	-160.00000000000014	-159.99999999999957	incomplete_strict_phone_support_for_nine_point_cpps_trajectory
LA_T_6493306_0005	Boundary	True	False			official_v6_boundary_cpps_invalid_or_incomplete_support
LA_T_6493306_0005	Interior_A	True	False	-3.552713678800501e-12	5.551115123125783e-13	incomplete_strict_phone_support_for_nine_point_cpps_trajectory
LA_T_6493306_0005	Interior_B	True	False	-79.9999999999983	-80.0000000000013	incomplete_strict_phone_support_for_nine_point_cpps_trajectory
LA_T_6493306_0006	Boundary	True	True			
LA_T_6493306_0006	Interior_A	True	False	-79.9999999999983	-80.0000000000013	incomplete_strict_phone_support_for_nine_point_cpps_trajectory
LA_T_6493306_0006	Interior_B	True	False	-80.00000000000185	-79.99999999999774	incomplete_strict_phone_support_for_nine_point_cpps_trajectory
LA_T_6493306_0010	Boundary	True	False			official_v6_boundary_cpps_invalid_or_incomplete_support
LA_T_6493306_0010	Interior_A	True	False	-160.00000000000014	-159.99999999999957	incomplete_strict_phone_support_for_nine_point_cpps_trajectory
LA_T_6493306_0010	Interior_B	True	True	239.99999999999844	240.00000000000256	
LA_T_6493306_0013	Boundary	True	False			official_v6_boundary_cpps_invalid_or_incomplete_support
LA_T_6493306_0013	Interior_A	True	True	79.9999999999983	79.99999999999885	
LA_T_6493306_0013	Interior_B	True	False	-160.00000000000014	-159.99999999999957	incomplete_strict_phone_support_for_nine_point_cpps_trajectory
LA_T_6493306_0014	Boundary	True	False			official_v6_boundary_cpps_invalid_or_incomplete_support
LA_T_6493306_0014	Interior_A	True	False	-160.00000000000014	-159.99999999999957	incomplete_strict_phone_support_for_nine_point_cpps_trajectory
LA_T_6493306_0014	Interior_B	True	True	159.9999999999966	160.00000000000426	
LA_T_6493306_0015	Boundary	True	True			
LA_T_6493306_0015	Interior_A	True	True	159.9999999999966	160.00000000000426	
LA_T_6493306_0015	Interior_B	True	True	160.0000000000037	159.99999999999716	
LA_T_6493306_0016	Boundary	True	False			official_v6_boundary_cpps_invalid_or_incomplete_support
LA_T_6493306_0016	Interior_A	True	True	160.0000000000037	159.99999999999716	
LA_T_6493306_0016	Interior_B	True	False	0.0	-6.5503158452884236e-12	incomplete_strict_phone_support_for_nine_point_cpps_trajectory
LA_T_6493306_0017	Boundary	True	False			official_v6_boundary_cpps_invalid_or_incomplete_support
LA_T_6493306_0017	Interior_A	True	False	0.0	-6.5503158452884236e-12	incomplete_strict_phone_support_for_nine_point_cpps_trajectory
LA_T_6493306_0017	Interior_B	True	True	240.000000000002	240.00000000000256	
LA_T_6494050_0000	Boundary	True	False			official_v6_boundary_cpps_invalid_or_incomplete_support
LA_T_6494050_0000	Interior_A	True	False	-160.00000000000014	-159.99999999999957	incomplete_strict_phone_support_for_nine_point_cpps_trajectory
LA_T_6494050_0000	Interior_B	True	True	159.9999999999966	160.0000000000007	
LA_T_6494050_0001	Boundary	True	True			
LA_T_6494050_0001	Interior_A	True	True	159.9999999999966	160.0000000000007	
LA_T_6494050_0001	Interior_B	True	False	0.0	5.551115123125783e-13	incomplete_strict_phone_support_for_nine_point_cpps_trajectory
LA_T_6494050_0002	Boundary	True	True			
LA_T_6494050_0002	Interior_A	True	False	0.0	5.551115123125783e-13	incomplete_strict_phone_support_for_nine_point_cpps_trajectory
LA_T_6494050_0002	Interior_B	True	False	-80.00000000000185	-79.99999999999774	incomplete_strict_phone_support_for_nine_point_cpps_trajectory
LA_T_6494050_0006	Boundary	True	False			official_v6_boundary_cpps_invalid_or_incomplete_support
LA_T_6494050_0006	Interior_A	True	False	0.0	5.551115123125783e-13	incomplete_strict_phone_support_for_nine_point_cpps_trajectory
LA_T_6494050_0006	Interior_B	True	True	79.9999999999983	79.99999999999885	
LA_T_6494050_0009	Boundary	True	False			official_v6_boundary_cpps_invalid_or_incomplete_support
LA_T_6494050_0009	Interior_A	True	False	-160.00000000000014	-159.99999999999957	incomplete_strict_phone_support_for_nine_point_cpps_trajectory
LA_T_6494050_0009	Interior_B	True	False	-160.00000000000014	-159.99999999999957	incomplete_strict_phone_support_for_nine_point_cpps_trajectory
LA_T_6494050_0010	Boundary	True	True			
LA_T_6494050_0010	Interior_A	True	False	-160.00000000000014	-159.99999999999957	incomplete_strict_phone_support_for_nine_point_cpps_trajectory
LA_T_6494050_0010	Interior_B	True	True	320.0000000000003	319.99999999999727	
LA_T_6494050_0011	Boundary	True	True			
LA_T_6494050_0011	Interior_A	True	True	320.0000000000003	319.99999999999727	
LA_T_6494050_0011	Interior_B	True	True	1039.999999999999	1039.9999999999995	
LA_T_6496886_0001	Boundary	True	True			
LA_T_6496886_0001	Interior_A	True	False	0.0	-3.3306690738754696e-13	incomplete_strict_phone_support_for_nine_point_cpps_trajectory
LA_T_6496886_0001	Interior_B	True	False	-79.99999999999918	-80.0000000000004	incomplete_strict_phone_support_for_nine_point_cpps_trajectory
LA_T_6496886_0002	Boundary	True	True			
LA_T_6496886_0002	Interior_A	True	False	-79.99999999999918	-80.0000000000004	incomplete_strict_phone_support_for_nine_point_cpps_trajectory
LA_T_6496886_0002	Interior_B	True	True	240.00000000000023	240.00000000000077	
LA_T_6496886_0009	Boundary	True	False			official_v6_boundary_cpps_invalid_or_incomplete_support
LA_T_6496886_0009	Interior_A	True	True	639.9999999999987	639.9999999999993	
LA_T_6496886_0009	Interior_B	True	False	-160.00000000000014	-159.99999999999957	incomplete_strict_phone_support_for_nine_point_cpps_trajectory
LA_T_6496886_0015	Boundary	True	False			official_v6_boundary_cpps_invalid_or_incomplete_support
LA_T_6496886_0015	Interior_A	True	False	-79.9999999999983	-80.0000000000013	incomplete_strict_phone_support_for_nine_point_cpps_trajectory
LA_T_6496886_0015	Interior_B	True	False	-80.00000000000185	-79.99999999999774	incomplete_strict_phone_support_for_nine_point_cpps_trajectory
LA_T_6496886_0019	Boundary	True	False			official_v6_boundary_cpps_invalid_or_incomplete_support
LA_T_6496886_0019	Interior_A	True	True	239.99999999999844	240.00000000000256	
LA_T_6496886_0019	Interior_B	True	False	-160.00000000000014	-159.99999999999957	incomplete_strict_phone_support_for_nine_point_cpps_trajectory
LA_T_6496886_0021	Boundary	True	True			
LA_T_6496886_0021	Interior_A	True	False	-160.0000000000037	-159.99999999999957	incomplete_strict_phone_support_for_nine_point_cpps_trajectory
LA_T_6496886_0021	Interior_B	True	False	-160.00000000000014	-159.99999999999957	incomplete_strict_phone_support_for_nine_point_cpps_trajectory
LA_T_6496886_0022	Boundary	True	False			official_v6_boundary_cpps_invalid_or_incomplete_support
LA_T_6496886_0022	Interior_A	True	False	-160.00000000000014	-159.99999999999957	incomplete_strict_phone_support_for_nine_point_cpps_trajectory
LA_T_6496886_0022	Interior_B	True	False	-80.00000000000185	-79.99999999999774	incomplete_strict_phone_support_for_nine_point_cpps_trajectory
LA_T_6496886_0023	Boundary	True	False			official_v6_boundary_cpps_invalid_or_incomplete_support
LA_T_6496886_0023	Interior_A	True	False	-80.00000000000185	-79.99999999999774	incomplete_strict_phone_support_for_nine_point_cpps_trajectory
LA_T_6496886_0023	Interior_B	True	False	-160.00000000000014	-159.99999999999957	incomplete_strict_phone_support_for_nine_point_cpps_trajectory
LA_T_6496886_0026	Boundary	True	True			
LA_T_6496886_0026	Interior_A	True	True	400.00000000000216	399.99999999999557	
LA_T_6496886_0026	Interior_B	True	True	160.0000000000037	159.99999999999716	
LA_T_6496886_0027	Boundary	True	True			
LA_T_6496886_0027	Interior_A	True	True	160.0000000000037	159.99999999999716	
LA_T_6496886_0027	Interior_B	True	True	240.000000000002	239.99999999999545	
LA_T_6497470_0000	Boundary	True	True			
LA_T_6497470_0000	Interior_A	True	True	160.00000000000014	160.0000000000007	
LA_T_6497470_0000	Interior_B	True	False	-80.00000000000185	-79.99999999999774	incomplete_strict_phone_support_for_nine_point_cpps_trajectory
LA_T_6497470_0003	Boundary	True	True			
LA_T_6497470_0003	Interior_A	True	False	-79.9999999999983	-80.0000000000013	incomplete_strict_phone_support_for_nine_point_cpps_trajectory
LA_T_6497470_0003	Interior_B	True	True	160.00000000000014	160.0000000000007	
LA_T_6497470_0004	Boundary	True	True			
LA_T_6497470_0004	Interior_A	True	True	160.00000000000014	160.0000000000007	
LA_T_6497470_0004	Interior_B	True	False	-160.00000000000014	-159.99999999999957	incomplete_strict_phone_support_for_nine_point_cpps_trajectory
LA_T_6497470_0007	Boundary	True	False			official_v6_boundary_cpps_invalid_or_incomplete_support
LA_T_6497470_0007	Interior_A	True	True	160.00000000000014	160.0000000000007	
LA_T_6497470_0007	Interior_B	True	True	79.9999999999983	80.0000000000024	
LA_T_6497470_0014	Boundary	True	False			official_v6_boundary_cpps_invalid_or_incomplete_support
LA_T_6497470_0014	Interior_A	True	False	-160.0000000000037	-159.99999999999602	incomplete_strict_phone_support_for_nine_point_cpps_trajectory
LA_T_6497470_0014	Interior_B	True	True	79.9999999999983	79.99999999999885	
LA_T_6497470_0015	Boundary	True	False			official_v6_boundary_cpps_invalid_or_incomplete_support
LA_T_6497470_0015	Interior_A	True	True	79.9999999999983	79.99999999999885	
LA_T_6497470_0015	Interior_B	True	True	480.000000000004	479.99999999999744	
LA_T_6497470_0016	Boundary	True	False			official_v6_boundary_cpps_invalid_or_incomplete_support
LA_T_6497470_0016	Interior_A	True	True	480.000000000004	479.99999999999744	
LA_T_6497470_0016	Interior_B	True	True	1520.0000000000032	1519.9999999999964	
LA_T_6497500_0001	Boundary	True	False			official_v6_boundary_cpps_invalid_or_incomplete_support
LA_T_6497500_0001	Interior_A	True	False	-160.00000000000102	-159.9999999999987	incomplete_strict_phone_support_for_nine_point_cpps_trajectory
LA_T_6497500_0001	Interior_B	True	True	8.881784197001252e-13	5.551115123125783e-13	
LA_T_6497500_0002	Boundary	True	False			official_v6_boundary_cpps_invalid_or_incomplete_support
LA_T_6497500_0002	Interior_A	True	True	8.881784197001252e-13	5.551115123125783e-13	
LA_T_6497500_0002	Interior_B	True	False	0.0	-1.2212453270876722e-12	incomplete_strict_phone_support_for_nine_point_cpps_trajectory
LA_T_6497500_0003	Boundary	True	True			
LA_T_6497500_0003	Interior_A	True	False	0.0	-1.2212453270876722e-12	incomplete_strict_phone_support_for_nine_point_cpps_trajectory
LA_T_6497500_0003	Interior_B	True	False	-1.7763568394002505e-12	5.551115123125783e-13	incomplete_strict_phone_support_for_nine_point_cpps_trajectory
LA_T_6497500_0011	Boundary	True	False			official_v6_boundary_cpps_invalid_or_incomplete_support
LA_T_6497500_0011	Interior_A	True	True	160.00000000000014	160.0000000000007	
LA_T_6497500_0011	Interior_B	True	False	-160.0000000000037	-159.99999999999957	incomplete_strict_phone_support_for_nine_point_cpps_trajectory
LA_T_6497500_0014	Boundary	True	True			
LA_T_6497500_0014	Interior_A	True	True	79.9999999999983	80.0000000000024	
LA_T_6497500_0014	Interior_B	True	True	79.9999999999983	79.99999999999885	
LA_T_6497500_0015	Boundary	True	True			
LA_T_6497500_0015	Interior_A	True	True	79.9999999999983	79.99999999999885	
LA_T_6497500_0015	Interior_B	True	False	-160.00000000000014	-159.99999999999957	incomplete_strict_phone_support_for_nine_point_cpps_trajectory
LA_T_6497500_0016	Boundary	True	True			
LA_T_6497500_0016	Interior_A	True	False	-160.00000000000014	-159.99999999999957	incomplete_strict_phone_support_for_nine_point_cpps_trajectory
LA_T_6497500_0016	Interior_B	True	False	-160.00000000000014	-159.99999999999957	incomplete_strict_phone_support_for_nine_point_cpps_trajectory
LA_T_6497500_0025	Boundary	True	False			official_v6_boundary_cpps_invalid_or_incomplete_support
LA_T_6497500_0025	Interior_A	True	True	160.00000000000014	159.99999999999716	
LA_T_6497500_0025	Interior_B	True	True	480.00000000000045	480.00000000000097	
LA_T_6497500_0026	Boundary	True	True			
LA_T_6497500_0026	Interior_A	True	True	480.00000000000045	480.00000000000097	
LA_T_6497500_0026	Interior_B	True	False	-160.0000000000037	-159.99999999999602	incomplete_strict_phone_support_for_nine_point_cpps_trajectory
LA_T_6497500_0027	Boundary	True	True			
LA_T_6497500_0027	Interior_A	True	False	-160.0000000000037	-159.99999999999602	incomplete_strict_phone_support_for_nine_point_cpps_trajectory
LA_T_6497500_0027	Interior_B	True	False	0.0	5.551115123125783e-13	incomplete_strict_phone_support_for_nine_point_cpps_trajectory
LA_T_6497500_0038	Boundary	True	False			official_v6_boundary_cpps_invalid_or_incomplete_support
LA_T_6497500_0038	Interior_A	True	False	-79.9999999999983	-79.99999999999774	incomplete_strict_phone_support_for_nine_point_cpps_trajectory
LA_T_6497500_0038	Interior_B	True	True	159.9999999999966	159.99999999999716	
LA_T_6497500_0039	Boundary	True	True			
LA_T_6497500_0039	Interior_A	True	True	159.9999999999966	159.99999999999716	
LA_T_6497500_0039	Interior_B	True	True	79.9999999999983	80.00000000000595	
LA_T_6497500_0042	Boundary	True	True			
LA_T_6497500_0042	Interior_A	True	False	0.0	5.551115123125783e-13	incomplete_strict_phone_support_for_nine_point_cpps_trajectory
LA_T_6497500_0042	Interior_B	True	True	640.0000000000006	640.0000000000011	
LA_T_6498093_0002	Boundary	True	False			official_v6_boundary_cpps_invalid_or_incomplete_support
LA_T_6498093_0002	Interior_A	True	True	240.000000000002	239.999999999999	
LA_T_6498093_0002	Interior_B	True	False	-160.00000000000014	-159.99999999999957	incomplete_strict_phone_support_for_nine_point_cpps_trajectory
LA_T_6498093_0003	Boundary	True	False			official_v6_boundary_cpps_invalid_or_incomplete_support
LA_T_6498093_0003	Interior_A	True	False	-160.00000000000014	-159.99999999999957	incomplete_strict_phone_support_for_nine_point_cpps_trajectory
LA_T_6498093_0003	Interior_B	True	True	319.9999999999967	320.00000000000085	
LA_T_6498093_0004	Boundary	True	True			
LA_T_6498093_0004	Interior_A	True	True	319.9999999999967	320.00000000000085	
LA_T_6498093_0004	Interior_B	True	True	160.00000000000014	160.0000000000007	
LA_T_6498093_0009	Boundary	True	False			official_v6_boundary_cpps_invalid_or_incomplete_support
LA_T_6498093_0009	Interior_A	True	True	239.99999999999844	240.00000000000256	
LA_T_6498093_0009	Interior_B	True	False	0.0	-2.9976021664879227e-12	incomplete_strict_phone_support_for_nine_point_cpps_trajectory
LA_T_6498093_0010	Boundary	True	False			official_v6_boundary_cpps_invalid_or_incomplete_support
LA_T_6498093_0010	Interior_A	True	False	0.0	-2.9976021664879227e-12	incomplete_strict_phone_support_for_nine_point_cpps_trajectory
LA_T_6498093_0010	Interior_B	True	False	-160.00000000000014	-159.99999999999957	incomplete_strict_phone_support_for_nine_point_cpps_trajectory
LA_T_6498093_0011	Boundary	True	False			official_v6_boundary_cpps_invalid_or_incomplete_support
LA_T_6498093_0011	Interior_A	True	False	-160.00000000000014	-159.99999999999957	incomplete_strict_phone_support_for_nine_point_cpps_trajectory
LA_T_6498093_0011	Interior_B	True	True	80.00000000000185	79.99999999999885	
LA_T_6498093_0015	Boundary	True	False			official_v6_boundary_cpps_invalid_or_incomplete_support
LA_T_6498093_0015	Interior_A	True	False	-159.9999999999966	-160.00000000000313	incomplete_strict_phone_support_for_nine_point_cpps_trajectory
LA_T_6498093_0015	Interior_B	True	True	399.9999999999986	399.99999999999915	
LA_T_6498093_0016	Boundary	True	False			official_v6_boundary_cpps_invalid_or_incomplete_support
LA_T_6498093_0016	Interior_A	True	True	399.9999999999986	399.99999999999915	
LA_T_6498093_0016	Interior_B	True	True	320.0000000000003	320.00000000000085	
LA_T_6498093_0017	Boundary	True	True			
LA_T_6498093_0017	Interior_A	True	True	320.0000000000003	320.00000000000085	
LA_T_6498093_0017	Interior_B	True	False	-80.0000000000054	-79.99999999999774	incomplete_strict_phone_support_for_nine_point_cpps_trajectory
LA_T_6498093_0018	Boundary	True	True			
LA_T_6498093_0018	Interior_A	True	False	-80.0000000000054	-79.99999999999774	incomplete_strict_phone_support_for_nine_point_cpps_trajectory
LA_T_6498093_0018	Interior_B	True	True	719.9999999999989	719.9999999999994	
LA_T_6498093_0019	Boundary	True	True			
LA_T_6498093_0019	Interior_A	True	True	719.9999999999989	719.9999999999994	
LA_T_6498093_0019	Interior_B	True	True	399.9999999999986	399.99999999999915	
LA_T_6502363_0010	Boundary	True	False			official_v6_boundary_cpps_invalid_or_incomplete_support
LA_T_6502363_0010	Interior_A	True	False	-160.00000000000014	-160.00000000000136	incomplete_strict_phone_support_for_nine_point_cpps_trajectory
LA_T_6502363_0010	Interior_B	True	True	160.00000000000014	160.0000000000007	
LA_T_6502363_0011	Boundary	True	False			official_v6_boundary_cpps_invalid_or_incomplete_support
LA_T_6502363_0011	Interior_A	True	True	160.00000000000014	160.0000000000007	
LA_T_6502363_0011	Interior_B	True	True	79.9999999999983	79.99999999999885	
LA_T_6502363_0017	Boundary	True	False			official_v6_boundary_cpps_invalid_or_incomplete_support
LA_T_6502363_0017	Interior_A	True	True	79.9999999999983	79.99999999999885	
LA_T_6502363_0017	Interior_B	True	False	-160.00000000000014	-159.99999999999957	incomplete_strict_phone_support_for_nine_point_cpps_trajectory
LA_T_6502363_0020	Boundary	True	False			official_v6_boundary_cpps_invalid_or_incomplete_support
LA_T_6502363_0020	Interior_A	True	False	-79.9999999999983	-80.0000000000013	incomplete_strict_phone_support_for_nine_point_cpps_trajectory
LA_T_6502363_0020	Interior_B	True	True	239.99999999999844	239.999999999999	
LA_T_6502363_0021	Boundary	True	True			
LA_T_6502363_0021	Interior_A	True	True	239.99999999999844	239.999999999999	
LA_T_6502363_0021	Interior_B	True	False	-80.00000000000185	-79.99999999999774	incomplete_strict_phone_support_for_nine_point_cpps_trajectory
LA_T_6502363_0022	Boundary	True	False			official_v6_boundary_cpps_invalid_or_incomplete_support
LA_T_6502363_0022	Interior_A	True	False	-80.00000000000185	-79.99999999999774	incomplete_strict_phone_support_for_nine_point_cpps_trajectory
LA_T_6502363_0022	Interior_B	True	False	0.0	5.551115123125783e-13	incomplete_strict_phone_support_for_nine_point_cpps_trajectory
LA_T_6502363_0024	Boundary	True	False			official_v6_boundary_cpps_invalid_or_incomplete_support
LA_T_6502363_0024	Interior_A	True	False	-160.0000000000037	-159.99999999999957	incomplete_strict_phone_support_for_nine_point_cpps_trajectory
LA_T_6502363_0024	Interior_B	True	False	-160.00000000000014	-159.99999999999957	incomplete_strict_phone_support_for_nine_point_cpps_trajectory
LA_T_6502363_0028	Boundary	True	False			official_v6_boundary_cpps_invalid_or_incomplete_support
LA_T_6502363_0028	Interior_A	True	False	-159.9999999999966	-160.00000000000313	incomplete_strict_phone_support_for_nine_point_cpps_trajectory
LA_T_6502363_0028	Interior_B	True	True	240.000000000002	239.99999999999545	
LA_T_6502363_0029	Boundary	True	True			
LA_T_6502363_0029	Interior_A	True	True	240.000000000002	239.99999999999545	
LA_T_6502363_0029	Interior_B	True	True	79.9999999999983	79.99999999999885	
LA_T_6502816_0000	Boundary	True	True			
LA_T_6502816_0000	Interior_A	True	True	80.00000000000007	80.00000000000063	
LA_T_6502816_0000	Interior_B	True	False	-80.00000000000185	-79.99999999999952	incomplete_strict_phone_support_for_nine_point_cpps_trajectory
LA_T_6502816_0001	Boundary	True	True			
LA_T_6502816_0001	Interior_A	True	False	-80.00000000000185	-79.99999999999952	incomplete_strict_phone_support_for_nine_point_cpps_trajectory
LA_T_6502816_0001	Interior_B	True	False	-80.00000000000007	-79.99999999999952	incomplete_strict_phone_support_for_nine_point_cpps_trajectory
LA_T_6502816_0007	Boundary	True	False			official_v6_boundary_cpps_invalid_or_incomplete_support
LA_T_6502816_0007	Interior_A	True	True	240.00000000000023	239.999999999999	
LA_T_6502816_0007	Interior_B	True	False	-80.00000000000007	-79.99999999999952	incomplete_strict_phone_support_for_nine_point_cpps_trajectory
LA_T_6502816_0008	Boundary	True	False			official_v6_boundary_cpps_invalid_or_incomplete_support
LA_T_6502816_0008	Interior_A	True	False	-80.00000000000007	-79.99999999999952	incomplete_strict_phone_support_for_nine_point_cpps_trajectory
LA_T_6502816_0008	Interior_B	True	False	-79.9999999999983	-80.0000000000013	incomplete_strict_phone_support_for_nine_point_cpps_trajectory
LA_T_6502816_0009	Boundary	True	True			
LA_T_6502816_0009	Interior_A	True	False	-79.9999999999983	-80.0000000000013	incomplete_strict_phone_support_for_nine_point_cpps_trajectory
LA_T_6502816_0009	Interior_B	True	True	159.9999999999966	160.0000000000007	
LA_T_6502816_0010	Boundary	True	True			
LA_T_6502816_0010	Interior_A	True	True	159.9999999999966	160.0000000000007	
LA_T_6502816_0010	Interior_B	True	True	719.9999999999989	720.000000000003	
LA_T_6502947_0000	Boundary	True	True			
LA_T_6502947_0000	Interior_A	True	True	79.9999999999983	79.99999999999885	
LA_T_6502947_0000	Interior_B	True	False	0.0	5.551115123125783e-13	incomplete_strict_phone_support_for_nine_point_cpps_trajectory
LA_T_6502947_0005	Boundary	True	False			official_v6_boundary_cpps_invalid_or_incomplete_support
LA_T_6502947_0005	Interior_A	True	True	79.9999999999983	80.0000000000024	
LA_T_6502947_0005	Interior_B	True	False	-160.00000000000014	-159.99999999999957	incomplete_strict_phone_support_for_nine_point_cpps_trajectory
LA_T_6502947_0006	Boundary	True	False			official_v6_boundary_cpps_invalid_or_incomplete_support
LA_T_6502947_0006	Interior_A	True	False	-160.00000000000014	-159.99999999999957	incomplete_strict_phone_support_for_nine_point_cpps_trajectory
LA_T_6502947_0006	Interior_B	True	False	-160.00000000000014	-159.99999999999957	incomplete_strict_phone_support_for_nine_point_cpps_trajectory
LA_T_6502947_0007	Boundary	True	False			official_v6_boundary_cpps_invalid_or_incomplete_support
LA_T_6502947_0007	Interior_A	True	False	-160.00000000000014	-159.99999999999957	incomplete_strict_phone_support_for_nine_point_cpps_trajectory
LA_T_6502947_0007	Interior_B	True	False	-3.552713678800501e-12	5.551115123125783e-13	incomplete_strict_phone_support_for_nine_point_cpps_trajectory
LA_T_6502947_0008	Boundary	True	False			official_v6_boundary_cpps_invalid_or_incomplete_support
LA_T_6502947_0008	Interior_A	True	False	-3.552713678800501e-12	5.551115123125783e-13	incomplete_strict_phone_support_for_nine_point_cpps_trajectory
LA_T_6502947_0008	Interior_B	True	False	-79.9999999999983	-80.0000000000013	incomplete_strict_phone_support_for_nine_point_cpps_trajectory
LA_T_6502947_0009	Boundary	True	False			official_v6_boundary_cpps_invalid_or_incomplete_support
LA_T_6502947_0009	Interior_A	True	False	-79.9999999999983	-80.0000000000013	incomplete_strict_phone_support_for_nine_point_cpps_trajectory
LA_T_6502947_0009	Interior_B	True	True	320.0000000000003	319.99999999999727	
LA_T_6502947_0017	Boundary	True	True			
LA_T_6502947_0017	Interior_A	True	True	240.000000000002	239.99999999999545	
LA_T_6502947_0017	Interior_B	True	True	160.0000000000037	159.99999999999716	
LA_T_6502947_0020	Boundary	True	False			official_v6_boundary_cpps_invalid_or_incomplete_support
LA_T_6502947_0020	Interior_A	True	False	-159.9999999999966	-160.00000000000313	incomplete_strict_phone_support_for_nine_point_cpps_trajectory
LA_T_6502947_0020	Interior_B	True	True	240.000000000002	239.99999999999545	
LA_T_6502947_0021	Boundary	True	False			official_v6_boundary_cpps_invalid_or_incomplete_support
LA_T_6502947_0021	Interior_A	True	True	240.000000000002	239.99999999999545	
LA_T_6502947_0021	Interior_B	True	True	159.9999999999966	160.00000000000426	
LA_T_6502947_0024	Boundary	True	True			
LA_T_6502947_0024	Interior_A	True	True	79.9999999999983	79.99999999999885	
LA_T_6502947_0024	Interior_B	True	True	160.0000000000037	159.99999999999716	
LA_T_6502947_0030	Boundary	True	True			
LA_T_6502947_0030	Interior_A	True	True	79.9999999999983	79.99999999999885	
LA_T_6502947_0030	Interior_B	True	False	-79.9999999999983	-80.00000000000485	incomplete_strict_phone_support_for_nine_point_cpps_trajectory
LA_T_6506218_0000	Boundary	True	True			
LA_T_6506218_0000	Interior_A	True	True	320.0000000000003	320.00000000000085	
LA_T_6506218_0000	Interior_B	True	False	-160.00000000000014	-159.99999999999957	incomplete_strict_phone_support_for_nine_point_cpps_trajectory
LA_T_6506218_0003	Boundary	True	False			official_v6_boundary_cpps_invalid_or_incomplete_support
LA_T_6506218_0003	Interior_A	True	False	0.0	5.551115123125783e-13	incomplete_strict_phone_support_for_nine_point_cpps_trajectory
LA_T_6506218_0003	Interior_B	True	False	-160.00000000000014	-159.99999999999957	incomplete_strict_phone_support_for_nine_point_cpps_trajectory
LA_T_6506218_0004	Boundary	True	False			official_v6_boundary_cpps_invalid_or_incomplete_support
LA_T_6506218_0004	Interior_A	True	False	-160.00000000000014	-159.99999999999957	incomplete_strict_phone_support_for_nine_point_cpps_trajectory
LA_T_6506218_0004	Interior_B	True	True	79.9999999999983	79.99999999999885	
LA_T_6506218_0005	Boundary	True	False			official_v6_boundary_cpps_invalid_or_incomplete_support
LA_T_6506218_0005	Interior_A	True	True	79.9999999999983	79.99999999999885	
LA_T_6506218_0005	Interior_B	True	True	320.0000000000003	320.00000000000085	
LA_T_6506218_0006	Boundary	True	False			official_v6_boundary_cpps_invalid_or_incomplete_support
LA_T_6506218_0006	Interior_A	True	True	320.0000000000003	320.00000000000085	
LA_T_6506218_0006	Interior_B	True	False	-79.9999999999983	-80.0000000000013	incomplete_strict_phone_support_for_nine_point_cpps_trajectory
LA_T_6506218_0009	Boundary	True	True			
LA_T_6506218_0009	Interior_A	True	False	-160.00000000000014	-159.99999999999957	incomplete_strict_phone_support_for_nine_point_cpps_trajectory
LA_T_6506218_0009	Interior_B	True	True	160.00000000000014	160.0000000000007	
LA_T_6506218_0010	Boundary	True	False			official_v6_boundary_cpps_invalid_or_incomplete_support
LA_T_6506218_0010	Interior_A	True	True	160.00000000000014	160.0000000000007	
LA_T_6506218_0010	Interior_B	True	True	79.9999999999983	79.99999999999885	
LA_T_6506218_0011	Boundary	True	False			official_v6_boundary_cpps_invalid_or_incomplete_support
LA_T_6506218_0011	Interior_A	True	True	79.9999999999983	79.99999999999885	
LA_T_6506218_0011	Interior_B	True	True	160.00000000000014	160.0000000000007	
LA_T_6506579_0002	Boundary	True	True			
LA_T_6506579_0002	Interior_A	True	False	0.0	-3.3306690738754696e-13	incomplete_strict_phone_support_for_nine_point_cpps_trajectory
LA_T_6506579_0002	Interior_B	True	False	-80.00000000000097	-79.99999999999862	incomplete_strict_phone_support_for_nine_point_cpps_trajectory
LA_T_6506579_0005	Boundary	True	True			
LA_T_6506579_0005	Interior_A	True	False	-80.00000000000007	-80.0000000000004	incomplete_strict_phone_support_for_nine_point_cpps_trajectory
LA_T_6506579_0005	Interior_B	True	False	-79.99999999999918	-79.99999999999952	incomplete_strict_phone_support_for_nine_point_cpps_trajectory
LA_T_6506579_0006	Boundary	True	False			official_v6_boundary_cpps_invalid_or_incomplete_support
LA_T_6506579_0006	Interior_A	True	False	-79.99999999999918	-79.99999999999952	incomplete_strict_phone_support_for_nine_point_cpps_trajectory
LA_T_6506579_0006	Interior_B	True	False	0.0	-1.2212453270876722e-12	incomplete_strict_phone_support_for_nine_point_cpps_trajectory
LA_T_6506579_0011	Boundary	True	True			
LA_T_6506579_0011	Interior_A	True	False	0.0	-1.2212453270876722e-12	incomplete_strict_phone_support_for_nine_point_cpps_trajectory
LA_T_6506579_0011	Interior_B	True	True	160.00000000000014	159.99999999999892	
LA_T_6506579_0012	Boundary	True	False			official_v6_boundary_cpps_invalid_or_incomplete_support
LA_T_6506579_0012	Interior_A	True	True	160.00000000000014	159.99999999999892	
LA_T_6506579_0012	Interior_B	True	True	79.9999999999983	80.0000000000024	
LA_T_6506579_0016	Boundary	True	False			official_v6_boundary_cpps_invalid_or_incomplete_support
LA_T_6506579_0016	Interior_A	True	False	0.0	5.551115123125783e-13	incomplete_strict_phone_support_for_nine_point_cpps_trajectory
LA_T_6506579_0016	Interior_B	True	True	160.00000000000014	160.0000000000007	
LA_T_6506579_0017	Boundary	True	False			official_v6_boundary_cpps_invalid_or_incomplete_support
LA_T_6506579_0017	Interior_A	True	True	160.00000000000014	160.0000000000007	
LA_T_6506579_0017	Interior_B	True	False	-80.00000000000185	-80.0000000000013	incomplete_strict_phone_support_for_nine_point_cpps_trajectory
LA_T_6506579_0020	Boundary	True	False			official_v6_boundary_cpps_invalid_or_incomplete_support
LA_T_6506579_0020	Interior_A	True	True	240.000000000002	239.999999999999	
LA_T_6506579_0020	Interior_B	True	True	79.9999999999983	79.99999999999885	
LA_T_6506579_0021	Boundary	True	False			official_v6_boundary_cpps_invalid_or_incomplete_support
LA_T_6506579_0021	Interior_A	True	True	79.9999999999983	79.99999999999885	
LA_T_6506579_0021	Interior_B	True	False	-160.00000000000014	-159.99999999999957	incomplete_strict_phone_support_for_nine_point_cpps_trajectory
LA_T_6506579_0022	Boundary	True	False			official_v6_boundary_cpps_invalid_or_incomplete_support
LA_T_6506579_0022	Interior_A	True	False	-160.00000000000014	-159.99999999999957	incomplete_strict_phone_support_for_nine_point_cpps_trajectory
LA_T_6506579_0022	Interior_B	True	True	320.0000000000003	320.00000000000085	
LA_T_6506579_0023	Boundary	True	False			official_v6_boundary_cpps_invalid_or_incomplete_support
LA_T_6506579_0023	Interior_A	True	True	320.0000000000003	320.00000000000085	
LA_T_6506579_0023	Interior_B	True	False	0.0	-2.9976021664879227e-12	incomplete_strict_phone_support_for_nine_point_cpps_trajectory
LA_T_6506579_0024	Boundary	True	True			
LA_T_6506579_0024	Interior_A	True	False	0.0	-2.9976021664879227e-12	incomplete_strict_phone_support_for_nine_point_cpps_trajectory
LA_T_6506579_0024	Interior_B	True	False	-79.9999999999983	-80.0000000000013	incomplete_strict_phone_support_for_nine_point_cpps_trajectory
LA_T_6506579_0025	Boundary	True	False			official_v6_boundary_cpps_invalid_or_incomplete_support
LA_T_6506579_0025	Interior_A	True	False	-79.9999999999983	-80.0000000000013	incomplete_strict_phone_support_for_nine_point_cpps_trajectory
LA_T_6506579_0025	Interior_B	True	True	80.00000000000185	79.99999999999885	
LA_T_6506579_0026	Boundary	True	False			official_v6_boundary_cpps_invalid_or_incomplete_support
LA_T_6506579_0026	Interior_A	True	True	80.00000000000185	79.99999999999885	
LA_T_6506579_0026	Interior_B	True	True	320.0000000000003	320.00000000000085	
LA_T_6506579_0027	Boundary	True	True			
LA_T_6506579_0027	Interior_A	True	True	320.0000000000003	320.00000000000085	
LA_T_6506579_0027	Interior_B	True	False	-80.0000000000054	-79.99999999999774	incomplete_strict_phone_support_for_nine_point_cpps_trajectory
LA_T_6506579_0028	Boundary	True	True			
LA_T_6506579_0028	Interior_A	True	False	-80.0000000000054	-79.99999999999774	incomplete_strict_phone_support_for_nine_point_cpps_trajectory
LA_T_6506579_0028	Interior_B	True	False	-160.0000000000037	-159.99999999999602	incomplete_strict_phone_support_for_nine_point_cpps_trajectory
LA_T_6506579_0032	Boundary	True	False			official_v6_boundary_cpps_invalid_or_incomplete_support
LA_T_6506579_0032	Interior_A	True	False	-79.9999999999983	-80.00000000000485	incomplete_strict_phone_support_for_nine_point_cpps_trajectory
LA_T_6506579_0032	Interior_B	True	True	320.0000000000003	320.00000000000085	
LA_T_6506579_0033	Boundary	True	True			
LA_T_6506579_0033	Interior_A	True	True	320.0000000000003	320.00000000000085	
LA_T_6506579_0033	Interior_B	True	False	-80.0000000000054	-79.99999999999774	incomplete_strict_phone_support_for_nine_point_cpps_trajectory
LA_T_6506579_0036	Boundary	True	True			
LA_T_6506579_0036	Interior_A	True	False	-160.0000000000037	-160.00000000000313	incomplete_strict_phone_support_for_nine_point_cpps_trajectory
LA_T_6506579_0036	Interior_B	True	False	-79.9999999999983	-79.99999999999774	incomplete_strict_phone_support_for_nine_point_cpps_trajectory
LA_T_6506579_0037	Boundary	True	True			
LA_T_6506579_0037	Interior_A	True	False	-79.9999999999983	-79.99999999999774	incomplete_strict_phone_support_for_nine_point_cpps_trajectory
LA_T_6506579_0037	Interior_B	True	False	-159.9999999999966	-160.00000000000313	incomplete_strict_phone_support_for_nine_point_cpps_trajectory
LA_T_6506579_0040	Boundary	True	False			official_v6_boundary_cpps_invalid_or_incomplete_support
LA_T_6506579_0040	Interior_A	True	True	320.0000000000003	320.00000000000085	
LA_T_6506579_0040	Interior_B	True	True	399.9999999999986	399.99999999999915	
LA_T_6506579_0041	Boundary	True	True			
LA_T_6506579_0041	Interior_A	True	True	399.9999999999986	399.99999999999915	
LA_T_6506579_0041	Interior_B	True	False	0.0	5.551115123125783e-13	incomplete_strict_phone_support_for_nine_point_cpps_trajectory
LA_T_6506579_0044	Boundary	True	True			
LA_T_6506579_0044	Interior_A	True	False	-79.9999999999983	-79.99999999999774	incomplete_strict_phone_support_for_nine_point_cpps_trajectory
LA_T_6506579_0044	Interior_B	True	False	-159.9999999999966	-160.00000000000313	incomplete_strict_phone_support_for_nine_point_cpps_trajectory
LA_T_6506579_0045	Boundary	True	True			
LA_T_6506579_0045	Interior_A	True	False	-159.9999999999966	-160.00000000000313	incomplete_strict_phone_support_for_nine_point_cpps_trajectory
LA_T_6506579_0045	Interior_B	True	False	-80.0000000000054	-79.99999999999774	incomplete_strict_phone_support_for_nine_point_cpps_trajectory
LA_T_6506579_0048	Boundary	True	False			official_v6_boundary_cpps_invalid_or_incomplete_support
LA_T_6506579_0048	Interior_A	True	False	0.0	5.551115123125783e-13	incomplete_strict_phone_support_for_nine_point_cpps_trajectory
LA_T_6506579_0048	Interior_B	True	True	79.9999999999983	80.00000000000595	
LA_T_6506579_0049	Boundary	True	False			official_v6_boundary_cpps_invalid_or_incomplete_support
LA_T_6506579_0049	Interior_A	True	True	79.9999999999983	80.00000000000595	
LA_T_6506579_0049	Interior_B	True	False	-7.105427357601002e-12	5.551115123125783e-13	incomplete_strict_phone_support_for_nine_point_cpps_trajectory
LA_T_6506579_0050	Boundary	True	False			official_v6_boundary_cpps_invalid_or_incomplete_support
LA_T_6506579_0050	Interior_A	True	False	-7.105427357601002e-12	5.551115123125783e-13	incomplete_strict_phone_support_for_nine_point_cpps_trajectory
LA_T_6506579_0050	Interior_B	True	False	-159.9999999999966	-160.00000000000313	incomplete_strict_phone_support_for_nine_point_cpps_trajectory
LA_T_6506579_0053	Boundary	True	False			official_v6_boundary_cpps_invalid_or_incomplete_support
LA_T_6506579_0053	Interior_A	True	True	239.99999999999488	239.99999999999545	
LA_T_6506579_0053	Interior_B	True	True	880.0000000000097	879.999999999996	
LA_T_6509704_0008	Boundary	True	False			official_v6_boundary_cpps_invalid_or_incomplete_support
LA_T_6509704_0008	Interior_A	True	False	0.0	5.551115123125783e-13	incomplete_strict_phone_support_for_nine_point_cpps_trajectory
LA_T_6509704_0008	Interior_B	True	False	0.0	-2.9976021664879227e-12	incomplete_strict_phone_support_for_nine_point_cpps_trajectory
LA_T_6509704_0011	Boundary	True	True			
LA_T_6509704_0011	Interior_A	True	True	240.000000000002	239.99999999999545	
LA_T_6509704_0011	Interior_B	True	False	-79.9999999999983	-79.99999999999774	incomplete_strict_phone_support_for_nine_point_cpps_trajectory
LA_T_6509704_0014	Boundary	True	False			official_v6_boundary_cpps_invalid_or_incomplete_support
LA_T_6509704_0014	Interior_A	True	True	160.0000000000037	159.99999999999716	
LA_T_6509704_0014	Interior_B	True	True	160.0000000000037	159.99999999999716	
LA_T_6509704_0017	Boundary	True	False			official_v6_boundary_cpps_invalid_or_incomplete_support
LA_T_6509704_0017	Interior_A	True	False	0.0	5.551115123125783e-13	incomplete_strict_phone_support_for_nine_point_cpps_trajectory
LA_T_6509704_0017	Interior_B	True	True	240.000000000002	239.99999999999545	
LA_T_6509704_0018	Boundary	True	False			official_v6_boundary_cpps_invalid_or_incomplete_support
LA_T_6509704_0018	Interior_A	True	True	240.000000000002	239.99999999999545	
LA_T_6509704_0018	Interior_B	True	False	-79.9999999999983	-79.99999999999774	incomplete_strict_phone_support_for_nine_point_cpps_trajectory
LA_T_6509704_0019	Boundary	True	False			official_v6_boundary_cpps_invalid_or_incomplete_support
LA_T_6509704_0019	Interior_A	True	False	-79.9999999999983	-79.99999999999774	incomplete_strict_phone_support_for_nine_point_cpps_trajectory
LA_T_6509704_0019	Interior_B	True	False	-160.0000000000037	-159.99999999999602	incomplete_strict_phone_support_for_nine_point_cpps_trajectory
LA_T_6509704_0020	Boundary	True	False			official_v6_boundary_cpps_invalid_or_incomplete_support
LA_T_6509704_0020	Interior_A	True	False	-160.0000000000037	-159.99999999999602	incomplete_strict_phone_support_for_nine_point_cpps_trajectory
LA_T_6509704_0020	Interior_B	True	True	560.0000000000023	559.9999999999957	
LA_T_6509704_0021	Boundary	True	False			official_v6_boundary_cpps_invalid_or_incomplete_support
LA_T_6509704_0021	Interior_A	True	True	560.0000000000023	559.9999999999957	
LA_T_6509704_0021	Interior_B	True	True	160.0000000000037	159.99999999999716	
LA_T_6509704_0022	Boundary	True	True			
LA_T_6509704_0022	Interior_A	True	True	160.0000000000037	159.99999999999716	
LA_T_6509704_0022	Interior_B	True	True	79.9999999999983	79.99999999999885	
LA_T_6509704_0023	Boundary	True	True			
LA_T_6509704_0023	Interior_A	True	True	79.9999999999983	79.99999999999885	
LA_T_6509704_0023	Interior_B	True	False	-79.9999999999983	-80.00000000000485	incomplete_strict_phone_support_for_nine_point_cpps_trajectory
LA_T_6509704_0024	Boundary	True	False			official_v6_boundary_cpps_invalid_or_incomplete_support
LA_T_6509704_0024	Interior_A	True	False	-79.9999999999983	-80.00000000000485	incomplete_strict_phone_support_for_nine_point_cpps_trajectory
LA_T_6509704_0024	Interior_B	True	False	0.0	5.551115123125783e-13	incomplete_strict_phone_support_for_nine_point_cpps_trajectory
LA_T_6509704_0029	Boundary	True	True			
LA_T_6509704_0029	Interior_A	True	False	-80.0000000000054	-79.99999999999774	incomplete_strict_phone_support_for_nine_point_cpps_trajectory
LA_T_6509704_0029	Interior_B	True	False	-159.9999999999966	-160.00000000000313	incomplete_strict_phone_support_for_nine_point_cpps_trajectory
LA_T_6509704_0030	Boundary	True	True			
LA_T_6509704_0030	Interior_A	True	False	-159.9999999999966	-160.00000000000313	incomplete_strict_phone_support_for_nine_point_cpps_trajectory
LA_T_6509704_0030	Interior_B	True	True	159.9999999999966	160.00000000000426	
LA_T_6509704_0031	Boundary	True	False			official_v6_boundary_cpps_invalid_or_incomplete_support
LA_T_6509704_0031	Interior_A	True	True	159.9999999999966	160.00000000000426	
LA_T_6509704_0031	Interior_B	True	False	-80.0000000000054	-79.99999999999774	incomplete_strict_phone_support_for_nine_point_cpps_trajectory
LA_T_6509704_0032	Boundary	True	False			official_v6_boundary_cpps_invalid_or_incomplete_support
LA_T_6509704_0032	Interior_A	True	False	-80.0000000000054	-79.99999999999774	incomplete_strict_phone_support_for_nine_point_cpps_trajectory
LA_T_6509704_0032	Interior_B	True	False	-159.9999999999966	-160.00000000000313	incomplete_strict_phone_support_for_nine_point_cpps_trajectory
LA_T_6509704_0033	Boundary	True	True			
LA_T_6509704_0033	Interior_A	True	False	-159.9999999999966	-160.00000000000313	incomplete_strict_phone_support_for_nine_point_cpps_trajectory
LA_T_6509704_0033	Interior_B	True	False	-79.9999999999983	-80.00000000000485	incomplete_strict_phone_support_for_nine_point_cpps_trajectory
LA_T_6509704_0034	Boundary	True	True			
LA_T_6509704_0034	Interior_A	True	False	-79.9999999999983	-80.00000000000485	incomplete_strict_phone_support_for_nine_point_cpps_trajectory
LA_T_6509704_0034	Interior_B	True	False	0.0	5.551115123125783e-13	incomplete_strict_phone_support_for_nine_point_cpps_trajectory
LA_T_6509704_0035	Boundary	True	True			
LA_T_6509704_0035	Interior_A	True	False	0.0	5.551115123125783e-13	incomplete_strict_phone_support_for_nine_point_cpps_trajectory
LA_T_6509704_0035	Interior_B	True	False	-159.9999999999966	-160.00000000000313	incomplete_strict_phone_support_for_nine_point_cpps_trajectory
LA_T_6509704_0036	Boundary	True	True			
LA_T_6509704_0036	Interior_A	True	False	-159.9999999999966	-160.00000000000313	incomplete_strict_phone_support_for_nine_point_cpps_trajectory
LA_T_6509704_0036	Interior_B	True	True	399.9999999999986	400.00000000000625	
LA_T_6509704_0037	Boundary	True	True			
LA_T_6509704_0037	Interior_A	True	True	399.9999999999986	400.00000000000625	
LA_T_6509704_0037	Interior_B	True	True	1119.9999999999905	1120.000000000005	
LA_T_6511536_0001	Boundary	True	False			official_v6_boundary_cpps_invalid_or_incomplete_support
LA_T_6511536_0001	Interior_A	True	False	-8.881784197001252e-13	1.4432899320127035e-12	incomplete_strict_phone_support_for_nine_point_cpps_trajectory
LA_T_6511536_0001	Interior_B	True	False	-80.00000000000007	-79.99999999999952	incomplete_strict_phone_support_for_nine_point_cpps_trajectory
LA_T_6511536_0007	Boundary	True	True			
LA_T_6511536_0007	Interior_A	True	False	-1.7763568394002505e-12	5.551115123125783e-13	incomplete_strict_phone_support_for_nine_point_cpps_trajectory
LA_T_6511536_0007	Interior_B	True	False	-80.00000000000007	-79.99999999999952	incomplete_strict_phone_support_for_nine_point_cpps_trajectory
LA_T_6511536_0008	Boundary	True	True			
LA_T_6511536_0008	Interior_A	True	False	-80.00000000000007	-79.99999999999952	incomplete_strict_phone_support_for_nine_point_cpps_trajectory
LA_T_6511536_0008	Interior_B	True	False	-160.00000000000014	-160.00000000000136	incomplete_strict_phone_support_for_nine_point_cpps_trajectory
LA_T_6511536_0010	Boundary	True	True			
LA_T_6511536_0010	Interior_A	True	False	-1.7763568394002505e-12	5.551115123125783e-13	incomplete_strict_phone_support_for_nine_point_cpps_trajectory
LA_T_6511536_0010	Interior_B	True	False	-80.00000000000007	-79.99999999999952	incomplete_strict_phone_support_for_nine_point_cpps_trajectory
LA_T_6511536_0011	Boundary	True	True			
LA_T_6511536_0011	Interior_A	True	False	-80.00000000000007	-79.99999999999952	incomplete_strict_phone_support_for_nine_point_cpps_trajectory
LA_T_6511536_0011	Interior_B	True	False	-80.00000000000185	-79.99999999999774	incomplete_strict_phone_support_for_nine_point_cpps_trajectory
LA_T_6511536_0012	Boundary	True	False			official_v6_boundary_cpps_invalid_or_incomplete_support
LA_T_6511536_0012	Interior_A	True	False	-80.00000000000185	-79.99999999999774	incomplete_strict_phone_support_for_nine_point_cpps_trajectory
LA_T_6511536_0012	Interior_B	True	False	-80.00000000000185	-80.0000000000013	incomplete_strict_phone_support_for_nine_point_cpps_trajectory
LA_T_6511536_0013	Boundary	True	False			official_v6_boundary_cpps_invalid_or_incomplete_support
LA_T_6511536_0013	Interior_A	True	False	-80.00000000000185	-80.0000000000013	incomplete_strict_phone_support_for_nine_point_cpps_trajectory
LA_T_6511536_0013	Interior_B	True	False	-79.9999999999983	-80.0000000000013	incomplete_strict_phone_support_for_nine_point_cpps_trajectory
LA_T_6511536_0014	Boundary	True	True			
LA_T_6511536_0014	Interior_A	True	False	-79.9999999999983	-80.0000000000013	incomplete_strict_phone_support_for_nine_point_cpps_trajectory
LA_T_6511536_0014	Interior_B	True	False	-160.00000000000014	-159.99999999999957	incomplete_strict_phone_support_for_nine_point_cpps_trajectory
LA_T_6511536_0017	Boundary	True	False			official_v6_boundary_cpps_invalid_or_incomplete_support
LA_T_6511536_0017	Interior_A	True	True	160.00000000000014	159.99999999999716	
LA_T_6511536_0017	Interior_B	True	True	320.0000000000003	320.00000000000085	
LA_T_6511536_0018	Boundary	True	False			official_v6_boundary_cpps_invalid_or_incomplete_support
LA_T_6511536_0018	Interior_A	True	True	320.0000000000003	320.00000000000085	
LA_T_6511536_0018	Interior_B	True	False	0.0	5.551115123125783e-13	incomplete_strict_phone_support_for_nine_point_cpps_trajectory
LA_T_6511536_0019	Boundary	True	False			official_v6_boundary_cpps_invalid_or_incomplete_support
LA_T_6511536_0019	Interior_A	True	False	0.0	5.551115123125783e-13	incomplete_strict_phone_support_for_nine_point_cpps_trajectory
LA_T_6511536_0019	Interior_B	True	False	-3.552713678800501e-12	5.551115123125783e-13	incomplete_strict_phone_support_for_nine_point_cpps_trajectory
LA_T_6511536_0022	Boundary	True	False			official_v6_boundary_cpps_invalid_or_incomplete_support
LA_T_6511536_0022	Interior_A	True	False	-80.00000000000185	-79.99999999999774	incomplete_strict_phone_support_for_nine_point_cpps_trajectory
LA_T_6511536_0022	Interior_B	True	True	79.9999999999983	79.99999999999885	
LA_T_6511536_0025	Boundary	True	True			
LA_T_6511536_0025	Interior_A	True	False	-79.9999999999983	-80.00000000000485	incomplete_strict_phone_support_for_nine_point_cpps_trajectory
LA_T_6511536_0025	Interior_B	True	True	240.000000000002	240.00000000000256	
LA_T_6511536_0026	Boundary	True	False			official_v6_boundary_cpps_invalid_or_incomplete_support
LA_T_6511536_0026	Interior_A	True	True	240.000000000002	240.00000000000256	
LA_T_6511536_0026	Interior_B	True	False	0.0	5.551115123125783e-13	incomplete_strict_phone_support_for_nine_point_cpps_trajectory
LA_T_6511536_0030	Boundary	True	False			official_v6_boundary_cpps_invalid_or_incomplete_support
LA_T_6511536_0030	Interior_A	True	True	80.0000000000054	79.99999999999885	
LA_T_6511536_0030	Interior_B	True	False	-159.9999999999966	-160.00000000000313	incomplete_strict_phone_support_for_nine_point_cpps_trajectory
LA_T_6511536_0031	Boundary	True	True			
LA_T_6511536_0031	Interior_A	True	False	-159.9999999999966	-160.00000000000313	incomplete_strict_phone_support_for_nine_point_cpps_trajectory
LA_T_6511536_0031	Interior_B	True	False	-80.0000000000054	-79.99999999999774	incomplete_strict_phone_support_for_nine_point_cpps_trajectory
LA_T_6511536_0032	Boundary	True	False			official_v6_boundary_cpps_invalid_or_incomplete_support
LA_T_6511536_0032	Interior_A	True	False	-80.0000000000054	-79.99999999999774	incomplete_strict_phone_support_for_nine_point_cpps_trajectory
LA_T_6511536_0032	Interior_B	True	True	240.000000000002	239.99999999999545	
LA_T_6512141_0001	Boundary	True	True			
LA_T_6512141_0001	Interior_A	True	True	80.00000000000007	79.99999999999974	
LA_T_6512141_0001	Interior_B	True	False	-159.99999999999926	-159.99999999999957	incomplete_strict_phone_support_for_nine_point_cpps_trajectory
LA_T_6512141_0002	Boundary	True	False			official_v6_boundary_cpps_invalid_or_incomplete_support
LA_T_6512141_0002	Interior_A	True	False	-159.99999999999926	-159.99999999999957	incomplete_strict_phone_support_for_nine_point_cpps_trajectory
LA_T_6512141_0002	Interior_B	True	False	-80.00000000000185	-79.99999999999952	incomplete_strict_phone_support_for_nine_point_cpps_trajectory
LA_T_6512141_0005	Boundary	True	True			
LA_T_6512141_0005	Interior_A	True	False	-160.00000000000193	-159.99999999999957	incomplete_strict_phone_support_for_nine_point_cpps_trajectory
LA_T_6512141_0005	Interior_B	True	False	0.0	5.551115123125783e-13	incomplete_strict_phone_support_for_nine_point_cpps_trajectory
LA_T_6512141_0006	Boundary	True	True			
LA_T_6512141_0006	Interior_A	True	False	0.0	5.551115123125783e-13	incomplete_strict_phone_support_for_nine_point_cpps_trajectory
LA_T_6512141_0006	Interior_B	True	True	160.00000000000014	159.99999999999892	
LA_T_6512141_0007	Boundary	True	False			official_v6_boundary_cpps_invalid_or_incomplete_support
LA_T_6512141_0007	Interior_A	True	True	160.00000000000014	159.99999999999892	
LA_T_6512141_0007	Interior_B	True	False	-1.7763568394002505e-12	5.551115123125783e-13	incomplete_strict_phone_support_for_nine_point_cpps_trajectory
LA_T_6512141_0010	Boundary	True	False			official_v6_boundary_cpps_invalid_or_incomplete_support
LA_T_6512141_0010	Interior_A	True	False	-160.00000000000014	-159.99999999999957	incomplete_strict_phone_support_for_nine_point_cpps_trajectory
LA_T_6512141_0010	Interior_B	True	True	159.9999999999966	160.0000000000007	
LA_T_6512141_0011	Boundary	True	False			official_v6_boundary_cpps_invalid_or_incomplete_support
LA_T_6512141_0011	Interior_A	True	True	159.9999999999966	160.0000000000007	
LA_T_6512141_0011	Interior_B	True	False	-160.00000000000014	-159.99999999999957	incomplete_strict_phone_support_for_nine_point_cpps_trajectory
LA_T_6512141_0012	Boundary	True	True			
LA_T_6512141_0012	Interior_A	True	False	-160.00000000000014	-159.99999999999957	incomplete_strict_phone_support_for_nine_point_cpps_trajectory
LA_T_6512141_0012	Interior_B	True	False	0.0	5.551115123125783e-13	incomplete_strict_phone_support_for_nine_point_cpps_trajectory
LA_T_6512141_0013	Boundary	True	True			
LA_T_6512141_0013	Interior_A	True	False	0.0	5.551115123125783e-13	incomplete_strict_phone_support_for_nine_point_cpps_trajectory
LA_T_6512141_0013	Interior_B	True	False	-80.00000000000185	-80.0000000000013	incomplete_strict_phone_support_for_nine_point_cpps_trajectory
LA_T_6512141_0014	Boundary	True	True			
LA_T_6512141_0014	Interior_A	True	False	-80.00000000000185	-80.0000000000013	incomplete_strict_phone_support_for_nine_point_cpps_trajectory
LA_T_6512141_0014	Interior_B	True	False	0.0	5.551115123125783e-13	incomplete_strict_phone_support_for_nine_point_cpps_trajectory
LA_T_6512141_0015	Boundary	True	True			
LA_T_6512141_0015	Interior_A	True	False	0.0	5.551115123125783e-13	incomplete_strict_phone_support_for_nine_point_cpps_trajectory
LA_T_6512141_0015	Interior_B	True	False	0.0	5.551115123125783e-13	incomplete_strict_phone_support_for_nine_point_cpps_trajectory
LA_T_6512141_0018	Boundary	True	True			
LA_T_6512141_0018	Interior_A	True	False	-160.0000000000037	-159.99999999999957	incomplete_strict_phone_support_for_nine_point_cpps_trajectory
LA_T_6512141_0018	Interior_B	True	True	160.00000000000014	160.0000000000007	
LA_T_6512141_0021	Boundary	True	False			official_v6_boundary_cpps_invalid_or_incomplete_support
LA_T_6512141_0021	Interior_A	True	True	79.9999999999983	79.99999999999885	
LA_T_6512141_0021	Interior_B	True	True	1200.0000000000027	1199.9999999999961	
LA_T_6512199_0002	Boundary	True	True			
LA_T_6512199_0002	Interior_A	True	False	-80.00000000000007	-79.99999999999952	incomplete_strict_phone_support_for_nine_point_cpps_trajectory
LA_T_6512199_0002	Interior_B	True	True	160.00000000000014	159.99999999999892	
LA_T_6512199_0003	Boundary	True	True			
LA_T_6512199_0003	Interior_A	True	True	160.00000000000014	159.99999999999892	
LA_T_6512199_0003	Interior_B	True	True	80.00000000000007	79.99999999999885	
LA_T_6512199_0008	Boundary	True	True			
LA_T_6512199_0008	Interior_A	True	False	-160.00000000000014	-159.99999999999957	incomplete_strict_phone_support_for_nine_point_cpps_trajectory
LA_T_6512199_0008	Interior_B	True	True	480.00000000000045	479.99999999999744	
LA_T_6512199_0009	Boundary	True	True			
LA_T_6512199_0009	Interior_A	True	True	480.00000000000045	479.99999999999744	
LA_T_6512199_0009	Interior_B	True	True	79.9999999999983	80.0000000000024	
LA_T_6512199_0012	Boundary	True	True			
LA_T_6512199_0012	Interior_A	True	False	-80.00000000000185	-80.0000000000013	incomplete_strict_phone_support_for_nine_point_cpps_trajectory
LA_T_6512199_0012	Interior_B	True	False	0.0	5.551115123125783e-13	incomplete_strict_phone_support_for_nine_point_cpps_trajectory
LA_T_6512199_0013	Boundary	True	False			official_v6_boundary_cpps_invalid_or_incomplete_support
LA_T_6512199_0013	Interior_A	True	False	0.0	5.551115123125783e-13	incomplete_strict_phone_support_for_nine_point_cpps_trajectory
LA_T_6512199_0013	Interior_B	True	True	239.99999999999844	240.00000000000256	
LA_T_6512199_0014	Boundary	True	False			official_v6_boundary_cpps_invalid_or_incomplete_support
LA_T_6512199_0014	Interior_A	True	True	239.99999999999844	240.00000000000256	
LA_T_6512199_0014	Interior_B	True	False	-80.00000000000185	-80.0000000000013	incomplete_strict_phone_support_for_nine_point_cpps_trajectory
LA_T_6512199_0015	Boundary	True	True			
LA_T_6512199_0015	Interior_A	True	False	-80.00000000000185	-80.0000000000013	incomplete_strict_phone_support_for_nine_point_cpps_trajectory
LA_T_6512199_0015	Interior_B	True	False	0.0	5.551115123125783e-13	incomplete_strict_phone_support_for_nine_point_cpps_trajectory
LA_T_6512199_0016	Boundary	True	True			
LA_T_6512199_0016	Interior_A	True	False	0.0	5.551115123125783e-13	incomplete_strict_phone_support_for_nine_point_cpps_trajectory
LA_T_6512199_0016	Interior_B	True	False	-160.00000000000014	-159.99999999999957	incomplete_strict_phone_support_for_nine_point_cpps_trajectory
LA_T_6512199_0017	Boundary	True	True			
LA_T_6512199_0017	Interior_A	True	False	-160.00000000000014	-159.99999999999957	incomplete_strict_phone_support_for_nine_point_cpps_trajectory
LA_T_6512199_0017	Interior_B	True	False	0.0	5.551115123125783e-13	incomplete_strict_phone_support_for_nine_point_cpps_trajectory
LA_T_6512199_0018	Boundary	True	True			
LA_T_6512199_0018	Interior_A	True	False	0.0	5.551115123125783e-13	incomplete_strict_phone_support_for_nine_point_cpps_trajectory
LA_T_6512199_0018	Interior_B	True	True	799.9999999999972	799.9999999999977	
LA_T_6512199_0019	Boundary	True	True			
LA_T_6512199_0019	Interior_A	True	True	799.9999999999972	799.9999999999977	
LA_T_6512199_0019	Interior_B	True	False	0.0	5.551115123125783e-13	incomplete_strict_phone_support_for_nine_point_cpps_trajectory
LA_T_6512199_0020	Boundary	True	True			
LA_T_6512199_0020	Interior_A	True	False	0.0	5.551115123125783e-13	incomplete_strict_phone_support_for_nine_point_cpps_trajectory
LA_T_6512199_0020	Interior_B	True	True	160.0000000000037	159.99999999999716	
LA_T_6512199_0021	Boundary	True	True			
LA_T_6512199_0021	Interior_A	True	True	160.0000000000037	159.99999999999716	
LA_T_6512199_0021	Interior_B	True	True	479.9999999999969	480.00000000000455	
LA_T_6512600_0002	Boundary	True	False			official_v6_boundary_cpps_invalid_or_incomplete_support
LA_T_6512600_0002	Interior_A	True	True	80.00000000000185	79.99999999999885	
LA_T_6512600_0002	Interior_B	True	False	-80.00000000000185	-80.0000000000013	incomplete_strict_phone_support_for_nine_point_cpps_trajectory
LA_T_6512600_0015	Boundary	True	True			
LA_T_6512600_0015	Interior_A	True	False	-79.9999999999983	-79.99999999999774	incomplete_strict_phone_support_for_nine_point_cpps_trajectory
LA_T_6512600_0015	Interior_B	True	False	-160.0000000000037	-160.00000000000313	incomplete_strict_phone_support_for_nine_point_cpps_trajectory
LA_T_6512600_0020	Boundary	True	True			
LA_T_6512600_0020	Interior_A	True	False	0.0	5.551115123125783e-13	incomplete_strict_phone_support_for_nine_point_cpps_trajectory
LA_T_6512600_0020	Interior_B	True	False	-160.0000000000037	-159.99999999999602	incomplete_strict_phone_support_for_nine_point_cpps_trajectory
LA_T_6512600_0021	Boundary	True	True			
LA_T_6512600_0021	Interior_A	True	False	-160.0000000000037	-159.99999999999602	incomplete_strict_phone_support_for_nine_point_cpps_trajectory
LA_T_6512600_0021	Interior_B	True	False	0.0	5.551115123125783e-13	incomplete_strict_phone_support_for_nine_point_cpps_trajectory
LA_T_6512600_0022	Boundary	True	False			official_v6_boundary_cpps_invalid_or_incomplete_support
LA_T_6512600_0022	Interior_A	True	False	0.0	5.551115123125783e-13	incomplete_strict_phone_support_for_nine_point_cpps_trajectory
LA_T_6512600_0022	Interior_B	True	False	-80.0000000000054	-79.99999999999774	incomplete_strict_phone_support_for_nine_point_cpps_trajectory
LA_T_6512600_0023	Boundary	True	False			official_v6_boundary_cpps_invalid_or_incomplete_support
LA_T_6512600_0023	Interior_A	True	False	-80.0000000000054	-79.99999999999774	incomplete_strict_phone_support_for_nine_point_cpps_trajectory
LA_T_6512600_0023	Interior_B	True	False	-159.9999999999966	-160.00000000000313	incomplete_strict_phone_support_for_nine_point_cpps_trajectory
LA_T_6512600_0029	Boundary	True	True			
LA_T_6512600_0029	Interior_A	True	False	-7.105427357601002e-12	5.551115123125783e-13	incomplete_strict_phone_support_for_nine_point_cpps_trajectory
LA_T_6512600_0029	Interior_B	True	False	0.0	5.551115123125783e-13	incomplete_strict_phone_support_for_nine_point_cpps_trajectory
LA_T_6512600_0033	Boundary	True	False			official_v6_boundary_cpps_invalid_or_incomplete_support
LA_T_6512600_0033	Interior_A	True	False	-160.0000000000037	-160.00000000000313	incomplete_strict_phone_support_for_nine_point_cpps_trajectory
LA_T_6512600_0033	Interior_B	True	True	320.0000000000003	320.00000000000085	
LA_T_6512600_0036	Boundary	True	True			
LA_T_6512600_0036	Interior_A	True	True	480.000000000004	479.99999999999744	
LA_T_6512600_0036	Interior_B	True	True	320.0000000000003	320.00000000000085	
LA_T_6512626_0001	Boundary	True	False			official_v6_boundary_cpps_invalid_or_incomplete_support
LA_T_6512626_0001	Interior_A	True	True	79.99999999999918	80.00000000000152	
LA_T_6512626_0001	Interior_B	True	False	-160.00000000000014	-159.99999999999957	incomplete_strict_phone_support_for_nine_point_cpps_trajectory
LA_T_6512626_0006	Boundary	True	False			official_v6_boundary_cpps_invalid_or_incomplete_support
LA_T_6512626_0006	Interior_A	True	False	-160.00000000000014	-159.99999999999957	incomplete_strict_phone_support_for_nine_point_cpps_trajectory
LA_T_6512626_0006	Interior_B	True	True	319.9999999999985	320.00000000000085	
LA_T_6512626_0007	Boundary	True	False			official_v6_boundary_cpps_invalid_or_incomplete_support
LA_T_6512626_0007	Interior_A	True	True	319.9999999999985	320.00000000000085	
LA_T_6512626_0007	Interior_B	True	False	-160.00000000000014	-160.00000000000136	incomplete_strict_phone_support_for_nine_point_cpps_trajectory
LA_T_6512626_0010	Boundary	True	True			
LA_T_6512626_0010	Interior_A	True	True	160.00000000000014	159.99999999999892	
LA_T_6512626_0010	Interior_B	True	False	0.0	5.551115123125783e-13	incomplete_strict_phone_support_for_nine_point_cpps_trajectory
LA_T_6512626_0011	Boundary	True	True			
LA_T_6512626_0011	Interior_A	True	False	0.0	5.551115123125783e-13	incomplete_strict_phone_support_for_nine_point_cpps_trajectory
LA_T_6512626_0011	Interior_B	True	False	0.0	-2.9976021664879227e-12	incomplete_strict_phone_support_for_nine_point_cpps_trajectory
LA_T_6512626_0012	Boundary	True	True			
LA_T_6512626_0012	Interior_A	True	False	0.0	-2.9976021664879227e-12	incomplete_strict_phone_support_for_nine_point_cpps_trajectory
LA_T_6512626_0012	Interior_B	True	False	-79.9999999999983	-80.0000000000013	incomplete_strict_phone_support_for_nine_point_cpps_trajectory
LA_T_6512626_0013	Boundary	True	True			
LA_T_6512626_0013	Interior_A	True	False	-79.9999999999983	-80.0000000000013	incomplete_strict_phone_support_for_nine_point_cpps_trajectory
LA_T_6512626_0013	Interior_B	True	True	399.9999999999986	400.0000000000027	
LA_T_6512626_0014	Boundary	True	False			official_v6_boundary_cpps_invalid_or_incomplete_support
LA_T_6512626_0014	Interior_A	True	True	399.9999999999986	400.0000000000027	
LA_T_6512626_0014	Interior_B	True	True	1679.9999999999998	1680.0000000000002	
LA_T_6513082_0002	Boundary	True	False			official_v6_boundary_cpps_invalid_or_incomplete_support
LA_T_6513082_0002	Interior_A	True	False	-80.00000000000051	-79.99999999999952	incomplete_strict_phone_support_for_nine_point_cpps_trajectory
LA_T_6513082_0002	Interior_B	True	False	-160.00000000000014	-159.99999999999957	incomplete_strict_phone_support_for_nine_point_cpps_trajectory
LA_T_6513082_0004	Boundary	True	False			official_v6_boundary_cpps_invalid_or_incomplete_support
LA_T_6513082_0004	Interior_A	True	False	-80.00000000000007	-79.99999999999952	incomplete_strict_phone_support_for_nine_point_cpps_trajectory
LA_T_6513082_0004	Interior_B	True	True	240.00000000000023	239.9999999999999	
LA_T_6513082_0008	Boundary	True	True			
LA_T_6513082_0008	Interior_A	True	False	-160.00000000000014	-159.99999999999957	incomplete_strict_phone_support_for_nine_point_cpps_trajectory
LA_T_6513082_0008	Interior_B	True	True	80.00000000000007	79.99999999999885	
LA_T_6513082_0009	Boundary	True	False			official_v6_boundary_cpps_invalid_or_incomplete_support
LA_T_6513082_0009	Interior_A	True	True	80.00000000000007	79.99999999999885	
LA_T_6513082_0009	Interior_B	True	False	-80.00000000000185	-79.99999999999952	incomplete_strict_phone_support_for_nine_point_cpps_trajectory
LA_T_6513082_0010	Boundary	True	False			official_v6_boundary_cpps_invalid_or_incomplete_support
LA_T_6513082_0010	Interior_A	True	False	-80.00000000000185	-79.99999999999952	incomplete_strict_phone_support_for_nine_point_cpps_trajectory
LA_T_6513082_0010	Interior_B	True	True	160.00000000000014	160.0000000000007	
LA_T_6513082_0011	Boundary	True	False			official_v6_boundary_cpps_invalid_or_incomplete_support
LA_T_6513082_0011	Interior_A	True	True	160.00000000000014	160.0000000000007	
LA_T_6513082_0011	Interior_B	True	True	79.9999999999983	80.00000000000063	
LA_T_6513082_0014	Boundary	True	True			
LA_T_6513082_0014	Interior_A	True	False	-80.00000000000185	-79.99999999999774	incomplete_strict_phone_support_for_nine_point_cpps_trajectory
LA_T_6513082_0014	Interior_B	True	False	-80.00000000000185	-80.0000000000013	incomplete_strict_phone_support_for_nine_point_cpps_trajectory
LA_T_6513082_0015	Boundary	True	True			
LA_T_6513082_0015	Interior_A	True	False	-80.00000000000185	-80.0000000000013	incomplete_strict_phone_support_for_nine_point_cpps_trajectory
LA_T_6513082_0015	Interior_B	True	False	-79.9999999999983	-80.0000000000013	incomplete_strict_phone_support_for_nine_point_cpps_trajectory
LA_T_6513082_0016	Boundary	True	False			official_v6_boundary_cpps_invalid_or_incomplete_support
LA_T_6513082_0016	Interior_A	True	False	-79.9999999999983	-80.0000000000013	incomplete_strict_phone_support_for_nine_point_cpps_trajectory
LA_T_6513082_0016	Interior_B	True	False	-80.00000000000185	-79.99999999999774	incomplete_strict_phone_support_for_nine_point_cpps_trajectory
LA_T_6513082_0017	Boundary	True	False			official_v6_boundary_cpps_invalid_or_incomplete_support
LA_T_6513082_0017	Interior_A	True	False	-80.00000000000185	-79.99999999999774	incomplete_strict_phone_support_for_nine_point_cpps_trajectory
LA_T_6513082_0017	Interior_B	True	True	960.0000000000009	959.9999999999978	
LA_T_6513847_0001	Boundary	True	True			
LA_T_6513847_0001	Interior_A	True	True	79.99999999999918	80.00000000000152	
LA_T_6513847_0001	Interior_B	True	True	160.00000000000014	159.99999999999892	
LA_T_6513847_0002	Boundary	True	True			
LA_T_6513847_0002	Interior_A	True	True	160.00000000000014	159.99999999999892	
LA_T_6513847_0002	Interior_B	True	False	-160.00000000000014	-159.99999999999957	incomplete_strict_phone_support_for_nine_point_cpps_trajectory
LA_T_6513847_0003	Boundary	True	True			
LA_T_6513847_0003	Interior_A	True	False	-160.00000000000014	-159.99999999999957	incomplete_strict_phone_support_for_nine_point_cpps_trajectory
LA_T_6513847_0003	Interior_B	True	False	-80.00000000000007	-80.0000000000013	incomplete_strict_phone_support_for_nine_point_cpps_trajectory
LA_T_6513847_0009	Boundary	True	False			official_v6_boundary_cpps_invalid_or_incomplete_support
LA_T_6513847_0009	Interior_A	True	False	-1.7763568394002505e-12	5.551115123125783e-13	incomplete_strict_phone_support_for_nine_point_cpps_trajectory
LA_T_6513847_0009	Interior_B	True	False	0.0	5.551115123125783e-13	incomplete_strict_phone_support_for_nine_point_cpps_trajectory
LA_T_6513847_0010	Boundary	True	True			
LA_T_6513847_0010	Interior_A	True	False	0.0	5.551115123125783e-13	incomplete_strict_phone_support_for_nine_point_cpps_trajectory
LA_T_6513847_0010	Interior_B	True	False	-3.552713678800501e-12	5.551115123125783e-13	incomplete_strict_phone_support_for_nine_point_cpps_trajectory
LA_T_6513847_0015	Boundary	True	True			
LA_T_6513847_0015	Interior_A	True	False	-80.00000000000185	-80.0000000000013	incomplete_strict_phone_support_for_nine_point_cpps_trajectory
LA_T_6513847_0015	Interior_B	True	True	1280.0000000000011	1280.0000000000016	
LA_T_6514791_0001	Boundary	True	True			
LA_T_6514791_0001	Interior_A	True	False	-160.00000000000102	-159.9999999999987	incomplete_strict_phone_support_for_nine_point_cpps_trajectory
LA_T_6514791_0001	Interior_B	True	False	-79.99999999999918	-79.99999999999952	incomplete_strict_phone_support_for_nine_point_cpps_trajectory
LA_T_6514791_0002	Boundary	True	True			
LA_T_6514791_0002	Interior_A	True	False	-79.99999999999918	-79.99999999999952	incomplete_strict_phone_support_for_nine_point_cpps_trajectory
LA_T_6514791_0002	Interior_B	True	False	-80.00000000000185	-79.99999999999952	incomplete_strict_phone_support_for_nine_point_cpps_trajectory
LA_T_6514791_0003	Boundary	True	True			
LA_T_6514791_0003	Interior_A	True	False	-80.00000000000185	-79.99999999999952	incomplete_strict_phone_support_for_nine_point_cpps_trajectory
LA_T_6514791_0003	Interior_B	True	False	-1.7763568394002505e-12	5.551115123125783e-13	incomplete_strict_phone_support_for_nine_point_cpps_trajectory
LA_T_6514791_0008	Boundary	True	False			official_v6_boundary_cpps_invalid_or_incomplete_support
LA_T_6514791_0008	Interior_A	True	True	559.9999999999969	560.0000000000028	
LA_T_6514791_0008	Interior_B	True	True	79.9999999999983	79.99999999999885	
LA_T_6514791_0013	Boundary	True	True			
LA_T_6514791_0013	Interior_A	True	False	-80.00000000000185	-80.0000000000013	incomplete_strict_phone_support_for_nine_point_cpps_trajectory
LA_T_6514791_0013	Interior_B	True	True	80.00000000000185	79.99999999999885	
LA_T_6514791_0014	Boundary	True	True			
LA_T_6514791_0014	Interior_A	True	True	80.00000000000185	79.99999999999885	
LA_T_6514791_0014	Interior_B	True	False	-79.9999999999983	-80.0000000000013	incomplete_strict_phone_support_for_nine_point_cpps_trajectory
LA_T_6514791_0019	Boundary	True	False			official_v6_boundary_cpps_invalid_or_incomplete_support
LA_T_6514791_0019	Interior_A	True	True	320.0000000000003	320.00000000000085	
LA_T_6514791_0019	Interior_B	True	True	79.9999999999983	79.99999999999885	
LA_T_6515106_0001	Boundary	True	False			official_v6_boundary_cpps_invalid_or_incomplete_support
LA_T_6515106_0001	Interior_A	True	False	-160.00000000000014	-160.00000000000003	incomplete_strict_phone_support_for_nine_point_cpps_trajectory
LA_T_6515106_0001	Interior_B	True	True	79.99999999999963	80.00000000000063	
LA_T_6515106_0005	Boundary	True	True			
LA_T_6515106_0005	Interior_A	True	False	-80.00000000000007	-79.99999999999952	incomplete_strict_phone_support_for_nine_point_cpps_trajectory
LA_T_6515106_0005	Interior_B	True	False	-160.00000000000014	-160.00000000000136	incomplete_strict_phone_support_for_nine_point_cpps_trajectory
LA_T_6515106_0009	Boundary	True	False			official_v6_boundary_cpps_invalid_or_incomplete_support
LA_T_6515106_0009	Interior_A	True	True	319.9999999999985	320.00000000000085	
LA_T_6515106_0009	Interior_B	True	False	-160.00000000000014	-160.00000000000136	incomplete_strict_phone_support_for_nine_point_cpps_trajectory
LA_T_6515106_0012	Boundary	True	True			
LA_T_6515106_0012	Interior_A	True	False	-160.00000000000193	-159.99999999999957	incomplete_strict_phone_support_for_nine_point_cpps_trajectory
LA_T_6515106_0012	Interior_B	True	False	-160.00000000000014	-159.99999999999957	incomplete_strict_phone_support_for_nine_point_cpps_trajectory
LA_T_6515106_0015	Boundary	True	False			official_v6_boundary_cpps_invalid_or_incomplete_support
LA_T_6515106_0015	Interior_A	True	True	159.9999999999966	160.0000000000007	
LA_T_6515106_0015	Interior_B	True	True	320.0000000000003	320.00000000000085	
LA_T_6515106_0016	Boundary	True	False			official_v6_boundary_cpps_invalid_or_incomplete_support
LA_T_6515106_0016	Interior_A	True	True	320.0000000000003	320.00000000000085	
LA_T_6515106_0016	Interior_B	True	False	0.0	-2.9976021664879227e-12	incomplete_strict_phone_support_for_nine_point_cpps_trajectory
LA_T_6515106_0017	Boundary	True	False			official_v6_boundary_cpps_invalid_or_incomplete_support
LA_T_6515106_0017	Interior_A	True	False	0.0	-2.9976021664879227e-12	incomplete_strict_phone_support_for_nine_point_cpps_trajectory
LA_T_6515106_0017	Interior_B	True	True	160.00000000000014	160.0000000000007	
LA_T_6515106_0018	Boundary	True	True			
LA_T_6515106_0018	Interior_A	True	True	160.00000000000014	160.0000000000007	
LA_T_6515106_0018	Interior_B	True	False	-160.00000000000014	-159.99999999999957	incomplete_strict_phone_support_for_nine_point_cpps_trajectory
LA_T_6515106_0019	Boundary	True	False			official_v6_boundary_cpps_invalid_or_incomplete_support
LA_T_6515106_0019	Interior_A	True	False	-160.00000000000014	-159.99999999999957	incomplete_strict_phone_support_for_nine_point_cpps_trajectory
LA_T_6515106_0019	Interior_B	True	False	-80.00000000000185	-79.99999999999774	incomplete_strict_phone_support_for_nine_point_cpps_trajectory
LA_T_6515106_0020	Boundary	True	False			official_v6_boundary_cpps_invalid_or_incomplete_support
LA_T_6515106_0020	Interior_A	True	False	-80.00000000000185	-79.99999999999774	incomplete_strict_phone_support_for_nine_point_cpps_trajectory
LA_T_6515106_0020	Interior_B	True	False	-80.00000000000185	-80.0000000000013	incomplete_strict_phone_support_for_nine_point_cpps_trajectory
LA_T_6515106_0025	Boundary	True	True			
LA_T_6515106_0025	Interior_A	True	True	880.0000000000025	879.999999999996	
LA_T_6515106_0025	Interior_B	True	True	160.0000000000037	159.99999999999716	
LA_T_6515653_0000	Boundary	True	False			official_v6_boundary_cpps_invalid_or_incomplete_support
LA_T_6515653_0000	Interior_A	True	True	880.0000000000008	880.0000000000005	
LA_T_6515653_0000	Interior_B	True	True	160.00000000000014	159.99999999999892	
LA_T_6515653_0001	Boundary	True	False			official_v6_boundary_cpps_invalid_or_incomplete_support
LA_T_6515653_0001	Interior_A	True	True	160.00000000000014	159.99999999999892	
LA_T_6515653_0001	Interior_B	True	True	319.9999999999985	320.00000000000085	
LA_T_6515653_0002	Boundary	True	False			official_v6_boundary_cpps_invalid_or_incomplete_support
LA_T_6515653_0002	Interior_A	True	True	319.9999999999985	320.00000000000085	
LA_T_6515653_0002	Interior_B	True	True	480.00000000000045	479.9999999999992	
LA_T_6515653_0003	Boundary	True	True			
LA_T_6515653_0003	Interior_A	True	True	480.00000000000045	479.9999999999992	
LA_T_6515653_0003	Interior_B	True	False	-1.7763568394002505e-12	5.551115123125783e-13	incomplete_strict_phone_support_for_nine_point_cpps_trajectory
LA_T_6515653_0004	Boundary	True	False			official_v6_boundary_cpps_invalid_or_incomplete_support
LA_T_6515653_0004	Interior_A	True	False	-1.7763568394002505e-12	5.551115123125783e-13	incomplete_strict_phone_support_for_nine_point_cpps_trajectory
LA_T_6515653_0004	Interior_B	True	True	160.00000000000014	160.0000000000007	
LA_T_6515653_0005	Boundary	True	False			official_v6_boundary_cpps_invalid_or_incomplete_support
LA_T_6515653_0005	Interior_A	True	True	160.00000000000014	160.0000000000007	
LA_T_6515653_0005	Interior_B	True	True	79.9999999999983	79.99999999999885	
LA_T_6515653_0006	Boundary	True	True			
LA_T_6515653_0006	Interior_A	True	True	79.9999999999983	79.99999999999885	
LA_T_6515653_0006	Interior_B	True	False	-79.9999999999983	-80.0000000000013	incomplete_strict_phone_support_for_nine_point_cpps_trajectory
LA_T_6515653_0007	Boundary	True	True			
LA_T_6515653_0007	Interior_A	True	False	-79.9999999999983	-80.0000000000013	incomplete_strict_phone_support_for_nine_point_cpps_trajectory
LA_T_6515653_0007	Interior_B	True	True	79.9999999999983	80.0000000000024	
LA_T_6515653_0008	Boundary	True	True			
LA_T_6515653_0008	Interior_A	True	True	79.9999999999983	80.0000000000024	
LA_T_6515653_0008	Interior_B	True	True	159.9999999999966	160.0000000000007	
LA_T_6515653_0009	Boundary	True	True			
LA_T_6515653_0009	Interior_A	True	True	159.9999999999966	160.0000000000007	
LA_T_6515653_0009	Interior_B	True	True	959.9999999999973	960.0000000000014	
LA_T_6515653_0010	Boundary	True	False			official_v6_boundary_cpps_invalid_or_incomplete_support
LA_T_6515653_0010	Interior_A	True	True	959.9999999999973	960.0000000000014	
LA_T_6515653_0010	Interior_B	True	True	640.0000000000006	640.0000000000011	
LA_T_6515653_0011	Boundary	True	False			official_v6_boundary_cpps_invalid_or_incomplete_support
LA_T_6515653_0011	Interior_A	True	True	640.0000000000006	640.0000000000011	
LA_T_6515653_0011	Interior_B	True	True	79.9999999999983	79.99999999999885	
LA_T_6515653_0013	Boundary	True	True			
LA_T_6515653_0013	Interior_A	True	False	0.0	5.551115123125783e-13	incomplete_strict_phone_support_for_nine_point_cpps_trajectory
LA_T_6515653_0013	Interior_B	True	True	160.0000000000037	159.99999999999716	
LA_T_6515653_0014	Boundary	True	True			
LA_T_6515653_0014	Interior_A	True	True	160.0000000000037	159.99999999999716	
LA_T_6515653_0014	Interior_B	True	True	399.9999999999986	399.99999999999915	
LA_T_6515653_0015	Boundary	True	True			
LA_T_6515653_0015	Interior_A	True	True	399.9999999999986	399.99999999999915	
LA_T_6515653_0015	Interior_B	True	False	0.0	5.551115123125783e-13	incomplete_strict_phone_support_for_nine_point_cpps_trajectory
LA_T_6515653_0016	Boundary	True	True			
LA_T_6515653_0016	Interior_A	True	False	0.0	5.551115123125783e-13	incomplete_strict_phone_support_for_nine_point_cpps_trajectory
LA_T_6515653_0016	Interior_B	True	False	-79.9999999999983	-80.00000000000485	incomplete_strict_phone_support_for_nine_point_cpps_trajectory
LA_T_6515653_0017	Boundary	True	True			
LA_T_6515653_0017	Interior_A	True	False	-79.9999999999983	-80.00000000000485	incomplete_strict_phone_support_for_nine_point_cpps_trajectory
LA_T_6515653_0017	Interior_B	True	True	320.0000000000003	320.00000000000085	
LA_T_6515653_0020	Boundary	True	False			official_v6_boundary_cpps_invalid_or_incomplete_support
LA_T_6515653_0020	Interior_A	True	True	479.9999999999969	479.99999999999744	
LA_T_6515653_0020	Interior_B	True	True	160.0000000000037	159.99999999999716	
LA_T_6515653_0021	Boundary	True	True			
LA_T_6515653_0021	Interior_A	True	True	160.0000000000037	159.99999999999716	
LA_T_6515653_0021	Interior_B	True	False	-79.9999999999983	-79.99999999999774	incomplete_strict_phone_support_for_nine_point_cpps_trajectory
LA_T_6515653_0022	Boundary	True	True			
LA_T_6515653_0022	Interior_A	True	False	-79.9999999999983	-79.99999999999774	incomplete_strict_phone_support_for_nine_point_cpps_trajectory
LA_T_6515653_0022	Interior_B	True	True	479.9999999999969	479.99999999999744	
LA_T_6515653_0025	Boundary	True	True			
LA_T_6515653_0025	Interior_A	True	True	79.9999999999983	79.99999999999885	
LA_T_6515653_0025	Interior_B	True	False	-160.0000000000037	-159.99999999999602	incomplete_strict_phone_support_for_nine_point_cpps_trajectory
LA_T_6515653_0026	Boundary	True	True			
LA_T_6515653_0026	Interior_A	True	False	-160.0000000000037	-159.99999999999602	incomplete_strict_phone_support_for_nine_point_cpps_trajectory
LA_T_6515653_0026	Interior_B	True	True	79.9999999999983	79.99999999999885	
LA_T_6515653_0027	Boundary	True	False			official_v6_boundary_cpps_invalid_or_incomplete_support
LA_T_6515653_0027	Interior_A	True	True	79.9999999999983	79.99999999999885	
LA_T_6515653_0027	Interior_B	True	True	399.9999999999986	399.99999999999915	
LA_T_6515653_0028	Boundary	True	False			official_v6_boundary_cpps_invalid_or_incomplete_support
LA_T_6515653_0028	Interior_A	True	True	399.9999999999986	399.99999999999915	
LA_T_6515653_0028	Interior_B	True	False	0.0	5.551115123125783e-13	incomplete_strict_phone_support_for_nine_point_cpps_trajectory
LA_T_6515653_0029	Boundary	True	True			
LA_T_6515653_0029	Interior_A	True	False	0.0	5.551115123125783e-13	incomplete_strict_phone_support_for_nine_point_cpps_trajectory
LA_T_6515653_0029	Interior_B	True	True	880.0000000000025	879.999999999996	
LA_T_6515653_0033	Boundary	True	True			
LA_T_6515653_0033	Interior_A	True	True	320.0000000000074	319.99999999999375	
LA_T_6515653_0033	Interior_B	True	True	719.9999999999989	719.9999999999994	
LA_T_6515653_0034	Boundary	True	True			
LA_T_6515653_0034	Interior_A	True	True	719.9999999999989	719.9999999999994	
LA_T_6515653_0034	Interior_B	True	True	240.0000000000091	239.99999999999545	
LA_T_6515653_0035	Boundary	True	True			
LA_T_6515653_0035	Interior_A	True	True	240.0000000000091	239.99999999999545	
LA_T_6515653_0035	Interior_B	True	True	159.9999999999966	159.99999999999716	
LA_T_6515653_0036	Boundary	True	False			official_v6_boundary_cpps_invalid_or_incomplete_support
LA_T_6515653_0036	Interior_A	True	True	159.9999999999966	159.99999999999716	
LA_T_6515653_0036	Interior_B	True	True	399.9999999999915	400.00000000000625	
LA_T_6515653_0037	Boundary	True	False			official_v6_boundary_cpps_invalid_or_incomplete_support
LA_T_6515653_0037	Interior_A	True	True	399.9999999999915	400.00000000000625	
LA_T_6515653_0037	Interior_B	True	False	-159.9999999999966	-160.00000000001023	incomplete_strict_phone_support_for_nine_point_cpps_trajectory
LA_T_6515653_0040	Boundary	True	False			official_v6_boundary_cpps_invalid_or_incomplete_support
LA_T_6515653_0040	Interior_A	True	True	480.000000000004	480.00000000000455	
LA_T_6515653_0040	Interior_B	True	True	239.99999999999488	239.99999999999545	
LA_T_6515653_0042	Boundary	True	True			
LA_T_6515653_0042	Interior_A	True	False	-159.9999999999966	-160.00000000001023	incomplete_strict_phone_support_for_nine_point_cpps_trajectory
LA_T_6515653_0042	Interior_B	True	False	0.0	5.551115123125783e-13	incomplete_strict_phone_support_for_nine_point_cpps_trajectory
LA_T_6515653_0043	Boundary	True	True			
LA_T_6515653_0043	Interior_A	True	False	0.0	5.551115123125783e-13	incomplete_strict_phone_support_for_nine_point_cpps_trajectory
LA_T_6515653_0043	Interior_B	True	True	79.9999999999983	79.99999999999885	
LA_T_6515653_0044	Boundary	True	False			official_v6_boundary_cpps_invalid_or_incomplete_support
LA_T_6515653_0044	Interior_A	True	True	79.9999999999983	79.99999999999885	
LA_T_6515653_0044	Interior_B	True	True	160.0000000000108	159.99999999999716	
LA_T_6515653_0047	Boundary	True	True			
LA_T_6515653_0047	Interior_A	True	False	0.0	5.551115123125783e-13	incomplete_strict_phone_support_for_nine_point_cpps_trajectory
LA_T_6515653_0047	Interior_B	True	False	0.0	5.551115123125783e-13	incomplete_strict_phone_support_for_nine_point_cpps_trajectory
LA_T_6515653_0048	Boundary	True	False			official_v6_boundary_cpps_invalid_or_incomplete_support
LA_T_6515653_0048	Interior_A	True	False	0.0	5.551115123125783e-13	incomplete_strict_phone_support_for_nine_point_cpps_trajectory
LA_T_6515653_0048	Interior_B	True	True	239.99999999999488	240.00000000000966	
LA_T_6515653_0051	Boundary	True	False			official_v6_boundary_cpps_invalid_or_incomplete_support
LA_T_6515653_0051	Interior_A	True	False	0.0	5.551115123125783e-13	incomplete_strict_phone_support_for_nine_point_cpps_trajectory
LA_T_6515653_0051	Interior_B	True	True	320.0000000000074	319.99999999999375	
LA_T_6515653_0052	Boundary	True	False			official_v6_boundary_cpps_invalid_or_incomplete_support
LA_T_6515653_0052	Interior_A	True	True	320.0000000000074	319.99999999999375	
LA_T_6515653_0052	Interior_B	True	True	159.9999999999966	159.99999999999716	
LA_T_6515653_0053	Boundary	True	False			official_v6_boundary_cpps_invalid_or_incomplete_support
LA_T_6515653_0053	Interior_A	True	True	159.9999999999966	159.99999999999716	
LA_T_6515653_0053	Interior_B	True	False	-159.9999999999966	-160.00000000001023	incomplete_strict_phone_support_for_nine_point_cpps_trajectory
LA_T_6515653_0056	Boundary	True	False			official_v6_boundary_cpps_invalid_or_incomplete_support
LA_T_6515653_0056	Interior_A	True	True	159.9999999999966	159.99999999999716	
LA_T_6515653_0056	Interior_B	True	False	-79.9999999999983	-79.99999999999774	incomplete_strict_phone_support_for_nine_point_cpps_trajectory
LA_T_6515653_0057	Boundary	True	True			
LA_T_6515653_0057	Interior_A	True	False	-79.9999999999983	-79.99999999999774	incomplete_strict_phone_support_for_nine_point_cpps_trajectory
LA_T_6515653_0057	Interior_B	True	True	159.9999999999966	159.99999999999716	
LA_T_6515653_0058	Boundary	True	False			official_v6_boundary_cpps_invalid_or_incomplete_support
LA_T_6515653_0058	Interior_A	True	True	159.9999999999966	159.99999999999716	
LA_T_6515653_0058	Interior_B	True	True	320.0000000000074	319.99999999999375	
LA_T_6515653_0059	Boundary	True	False			official_v6_boundary_cpps_invalid_or_incomplete_support
LA_T_6515653_0059	Interior_A	True	True	320.0000000000074	319.99999999999375	
LA_T_6515653_0059	Interior_B	True	True	159.9999999999966	159.99999999999716	
LA_T_6515653_0060	Boundary	True	False			official_v6_boundary_cpps_invalid_or_incomplete_support
LA_T_6515653_0060	Interior_A	True	True	159.9999999999966	159.99999999999716	
LA_T_6515653_0060	Interior_B	True	True	640.0000000000006	640.0000000000011	
LA_T_6515653_0061	Boundary	True	False			official_v6_boundary_cpps_invalid_or_incomplete_support
LA_T_6515653_0061	Interior_A	True	True	640.0000000000006	640.0000000000011	
LA_T_6515653_0061	Interior_B	True	True	800.0000000000114	799.9999999999977	
LA_T_6515653_0062	Boundary	True	False			official_v6_boundary_cpps_invalid_or_incomplete_support
LA_T_6515653_0062	Interior_A	True	True	800.0000000000114	799.9999999999977	
LA_T_6515653_0062	Interior_B	True	False	-1.4210854715202004e-11	5.551115123125783e-13	incomplete_strict_phone_support_for_nine_point_cpps_trajectory
LA_T_6515653_0064	Boundary	True	True			
LA_T_6515653_0064	Interior_A	True	True	79.9999999999983	79.99999999999885	
LA_T_6515653_0064	Interior_B	True	False	0.0	5.551115123125783e-13	incomplete_strict_phone_support_for_nine_point_cpps_trajectory
LA_T_6515653_0065	Boundary	True	False			official_v6_boundary_cpps_invalid_or_incomplete_support
LA_T_6515653_0065	Interior_A	True	False	0.0	5.551115123125783e-13	incomplete_strict_phone_support_for_nine_point_cpps_trajectory
LA_T_6515653_0065	Interior_B	True	True	159.9999999999966	159.99999999999716	
LA_T_6515653_0066	Boundary	True	False			official_v6_boundary_cpps_invalid_or_incomplete_support
LA_T_6515653_0066	Interior_A	True	True	159.9999999999966	159.99999999999716	
LA_T_6515653_0066	Interior_B	True	True	79.99999999998408	80.00000000002727	
LA_T_6515653_0067	Boundary	True	True			
LA_T_6515653_0067	Interior_A	True	True	79.99999999998408	80.00000000002727	
LA_T_6515653_0067	Interior_B	True	False	0.0	5.551115123125783e-13	incomplete_strict_phone_support_for_nine_point_cpps_trajectory
LA_T_6515653_0068	Boundary	True	True			
LA_T_6515653_0068	Interior_A	True	False	0.0	5.551115123125783e-13	incomplete_strict_phone_support_for_nine_point_cpps_trajectory
LA_T_6515653_0068	Interior_B	True	False	-159.9999999999966	-160.00000000001023	incomplete_strict_phone_support_for_nine_point_cpps_trajectory
LA_T_6515653_0069	Boundary	True	True			
LA_T_6515653_0069	Interior_A	True	False	-159.9999999999966	-160.00000000001023	incomplete_strict_phone_support_for_nine_point_cpps_trajectory
LA_T_6515653_0069	Interior_B	True	True	319.9999999999932	320.00000000000796	
LA_T_6515653_0070	Boundary	True	True			
LA_T_6515653_0070	Interior_A	True	True	319.9999999999932	320.00000000000796	
LA_T_6515653_0070	Interior_B	True	True	1200.000000000017	1200.0000000000032	
LA_T_6515653_0071	Boundary	True	False			official_v6_boundary_cpps_invalid_or_incomplete_support
LA_T_6515653_0071	Interior_A	True	True	1200.000000000017	1200.0000000000032	
LA_T_6515653_0071	Interior_B	True	True	1120.000000000033	1119.9999999999907	
LA_T_6516553_0005	Boundary	True	False			official_v6_boundary_cpps_invalid_or_incomplete_support
LA_T_6516553_0005	Interior_A	True	True	240.00000000000023	240.00000000000077	
LA_T_6516553_0005	Interior_B	True	False	-80.00000000000185	-79.99999999999952	incomplete_strict_phone_support_for_nine_point_cpps_trajectory
LA_T_6516553_0006	Boundary	True	True			
LA_T_6516553_0006	Interior_A	True	False	-80.00000000000185	-79.99999999999952	incomplete_strict_phone_support_for_nine_point_cpps_trajectory
LA_T_6516553_0006	Interior_B	True	True	240.00000000000023	239.999999999999	
LA_T_6516553_0007	Boundary	True	True			
LA_T_6516553_0007	Interior_A	True	True	240.00000000000023	239.999999999999	
LA_T_6516553_0007	Interior_B	True	False	-160.00000000000014	-159.99999999999957	incomplete_strict_phone_support_for_nine_point_cpps_trajectory
LA_T_6516553_0008	Boundary	True	True			
LA_T_6516553_0008	Interior_A	True	False	-160.00000000000014	-159.99999999999957	incomplete_strict_phone_support_for_nine_point_cpps_trajectory
LA_T_6516553_0008	Interior_B	True	False	-160.00000000000014	-160.00000000000136	incomplete_strict_phone_support_for_nine_point_cpps_trajectory
LA_T_6516553_0010	Boundary	True	True			
LA_T_6516553_0010	Interior_A	True	False	-160.00000000000014	-159.99999999999957	incomplete_strict_phone_support_for_nine_point_cpps_trajectory
LA_T_6516553_0010	Interior_B	True	False	-80.00000000000007	-80.0000000000013	incomplete_strict_phone_support_for_nine_point_cpps_trajectory
LA_T_6516553_0013	Boundary	True	True			
LA_T_6516553_0013	Interior_A	True	False	-160.00000000000014	-159.99999999999957	incomplete_strict_phone_support_for_nine_point_cpps_trajectory
LA_T_6516553_0013	Interior_B	True	False	-160.00000000000014	-160.00000000000313	incomplete_strict_phone_support_for_nine_point_cpps_trajectory
LA_T_6516553_0018	Boundary	True	False			official_v6_boundary_cpps_invalid_or_incomplete_support
LA_T_6516553_0018	Interior_A	True	True	160.00000000000014	160.0000000000007	
LA_T_6516553_0018	Interior_B	True	False	-160.00000000000014	-160.00000000000313	incomplete_strict_phone_support_for_nine_point_cpps_trajectory
LA_T_6516553_0020	Boundary	True	False			official_v6_boundary_cpps_invalid_or_incomplete_support
LA_T_6516553_0020	Interior_A	True	False	-79.9999999999983	-80.0000000000013	incomplete_strict_phone_support_for_nine_point_cpps_trajectory
LA_T_6516553_0020	Interior_B	True	True	160.00000000000014	160.0000000000007	
LA_T_6516553_0023	Boundary	True	True			
LA_T_6516553_0023	Interior_A	True	False	-160.0000000000037	-159.99999999999957	incomplete_strict_phone_support_for_nine_point_cpps_trajectory
LA_T_6516553_0023	Interior_B	True	False	0.0	5.551115123125783e-13	incomplete_strict_phone_support_for_nine_point_cpps_trajectory
LA_T_6516553_0024	Boundary	True	True			
LA_T_6516553_0024	Interior_A	True	False	0.0	5.551115123125783e-13	incomplete_strict_phone_support_for_nine_point_cpps_trajectory
LA_T_6516553_0024	Interior_B	True	True	399.9999999999986	399.99999999999915	
LA_T_6516553_0026	Boundary	True	False			official_v6_boundary_cpps_invalid_or_incomplete_support
LA_T_6516553_0026	Interior_A	True	False	0.0	5.551115123125783e-13	incomplete_strict_phone_support_for_nine_point_cpps_trajectory
LA_T_6516553_0026	Interior_B	True	True	320.0000000000003	320.00000000000085	
LA_T_6516553_0027	Boundary	True	True			
LA_T_6516553_0027	Interior_A	True	True	320.0000000000003	320.00000000000085	
LA_T_6516553_0027	Interior_B	True	False	0.0	5.551115123125783e-13	incomplete_strict_phone_support_for_nine_point_cpps_trajectory
LA_T_6516553_0028	Boundary	True	True			
LA_T_6516553_0028	Interior_A	True	False	0.0	5.551115123125783e-13	incomplete_strict_phone_support_for_nine_point_cpps_trajectory
LA_T_6516553_0028	Interior_B	True	False	-160.0000000000037	-160.00000000000313	incomplete_strict_phone_support_for_nine_point_cpps_trajectory
LA_T_6516553_0029	Boundary	True	True			
LA_T_6516553_0029	Interior_A	True	False	-160.0000000000037	-160.00000000000313	incomplete_strict_phone_support_for_nine_point_cpps_trajectory
LA_T_6516553_0029	Interior_B	True	True	560.0000000000023	560.0000000000028	
LA_T_6516838_0000	Boundary	True	False			official_v6_boundary_cpps_invalid_or_incomplete_support
LA_T_6516838_0000	Interior_A	True	True	79.9999999999983	79.99999999999885	
LA_T_6516838_0000	Interior_B	True	False	-79.9999999999983	-80.0000000000013	incomplete_strict_phone_support_for_nine_point_cpps_trajectory
LA_T_6516838_0001	Boundary	True	False			official_v6_boundary_cpps_invalid_or_incomplete_support
LA_T_6516838_0001	Interior_A	True	False	-79.9999999999983	-80.0000000000013	incomplete_strict_phone_support_for_nine_point_cpps_trajectory
LA_T_6516838_0001	Interior_B	True	True	239.99999999999844	239.999999999999	
LA_T_6516838_0004	Boundary	True	False			official_v6_boundary_cpps_invalid_or_incomplete_support
LA_T_6516838_0004	Interior_A	True	False	-79.9999999999983	-80.0000000000013	incomplete_strict_phone_support_for_nine_point_cpps_trajectory
LA_T_6516838_0004	Interior_B	True	False	0.0	5.551115123125783e-13	incomplete_strict_phone_support_for_nine_point_cpps_trajectory
LA_T_6516838_0012	Boundary	True	True			
LA_T_6516838_0012	Interior_A	True	False	-159.9999999999966	-160.00000000000313	incomplete_strict_phone_support_for_nine_point_cpps_trajectory
LA_T_6516838_0012	Interior_B	True	False	-159.9999999999966	-160.00000000000313	incomplete_strict_phone_support_for_nine_point_cpps_trajectory
LA_T_6516838_0013	Boundary	True	True			
LA_T_6516838_0013	Interior_A	True	False	-159.9999999999966	-160.00000000000313	incomplete_strict_phone_support_for_nine_point_cpps_trajectory
LA_T_6516838_0013	Interior_B	True	False	-160.0000000000037	-159.99999999999602	incomplete_strict_phone_support_for_nine_point_cpps_trajectory
LA_T_6516838_0014	Boundary	True	True			
LA_T_6516838_0014	Interior_A	True	False	-160.0000000000037	-159.99999999999602	incomplete_strict_phone_support_for_nine_point_cpps_trajectory
LA_T_6516838_0014	Interior_B	True	True	79.9999999999983	79.99999999999885	
LA_T_6516838_0017	Boundary	True	True			
LA_T_6516838_0017	Interior_A	True	True	79.9999999999983	79.99999999999885	
LA_T_6516838_0017	Interior_B	True	False	-160.0000000000037	-159.99999999999602	incomplete_strict_phone_support_for_nine_point_cpps_trajectory
LA_T_6516838_0018	Boundary	True	True			
LA_T_6516838_0018	Interior_A	True	False	-160.0000000000037	-159.99999999999602	incomplete_strict_phone_support_for_nine_point_cpps_trajectory
LA_T_6516838_0018	Interior_B	True	False	-80.0000000000054	-79.99999999999774	incomplete_strict_phone_support_for_nine_point_cpps_trajectory
LA_T_6516838_0019	Boundary	True	True			
LA_T_6516838_0019	Interior_A	True	False	-80.0000000000054	-79.99999999999774	incomplete_strict_phone_support_for_nine_point_cpps_trajectory
LA_T_6516838_0019	Interior_B	True	True	79.9999999999983	79.99999999999885	
LA_T_6516838_0020	Boundary	True	False			official_v6_boundary_cpps_invalid_or_incomplete_support
LA_T_6516838_0020	Interior_A	True	True	79.9999999999983	79.99999999999885	
LA_T_6516838_0020	Interior_B	True	False	-159.9999999999966	-160.00000000000313	incomplete_strict_phone_support_for_nine_point_cpps_trajectory
LA_T_6516838_0028	Boundary	True	False			official_v6_boundary_cpps_invalid_or_incomplete_support
LA_T_6516838_0028	Interior_A	True	False	-160.0000000000037	-160.00000000000313	incomplete_strict_phone_support_for_nine_point_cpps_trajectory
LA_T_6516838_0028	Interior_B	True	True	160.0000000000037	159.99999999999716	
LA_T_6516838_0029	Boundary	True	False			official_v6_boundary_cpps_invalid_or_incomplete_support
LA_T_6516838_0029	Interior_A	True	True	160.0000000000037	159.99999999999716	
LA_T_6516838_0029	Interior_B	True	False	-159.9999999999966	-160.00000000000313	incomplete_strict_phone_support_for_nine_point_cpps_trajectory
LA_T_6516838_0030	Boundary	True	True			
LA_T_6516838_0030	Interior_A	True	False	-159.9999999999966	-160.00000000000313	incomplete_strict_phone_support_for_nine_point_cpps_trajectory
LA_T_6516838_0030	Interior_B	True	True	240.000000000002	239.99999999999545	
LA_T_6516838_0031	Boundary	True	False			official_v6_boundary_cpps_invalid_or_incomplete_support
LA_T_6516838_0031	Interior_A	True	True	240.000000000002	239.99999999999545	
LA_T_6516838_0031	Interior_B	True	True	240.000000000002	240.00000000000256	
LA_T_6516838_0032	Boundary	True	False			official_v6_boundary_cpps_invalid_or_incomplete_support
LA_T_6516838_0032	Interior_A	True	True	240.000000000002	240.00000000000256	
LA_T_6516838_0032	Interior_B	True	False	-80.0000000000054	-79.99999999999774	incomplete_strict_phone_support_for_nine_point_cpps_trajectory
LA_T_6516838_0033	Boundary	True	False			official_v6_boundary_cpps_invalid_or_incomplete_support
LA_T_6516838_0033	Interior_A	True	False	-80.0000000000054	-79.99999999999774	incomplete_strict_phone_support_for_nine_point_cpps_trajectory
LA_T_6516838_0033	Interior_B	True	True	79.9999999999983	79.99999999999885	
LA_T_6516838_0034	Boundary	True	False			official_v6_boundary_cpps_invalid_or_incomplete_support
LA_T_6516838_0034	Interior_A	True	True	79.9999999999983	79.99999999999885	
LA_T_6516838_0034	Interior_B	True	False	-159.9999999999966	-160.00000000000313	incomplete_strict_phone_support_for_nine_point_cpps_trajectory
LA_T_6516838_0037	Boundary	True	True			
LA_T_6516838_0037	Interior_A	True	True	79.9999999999983	79.99999999999174	
LA_T_6516838_0037	Interior_B	True	True	80.0000000000125	79.99999999999885	
LA_T_6516838_0038	Boundary	True	True			
LA_T_6516838_0038	Interior_A	True	True	80.0000000000125	79.99999999999885	
LA_T_6516838_0038	Interior_B	True	True	400.0000000000057	399.99999999999204	
LA_T_6518010_0006	Boundary	True	True			
LA_T_6518010_0006	Interior_A	True	False	-79.99999999999918	-79.99999999999952	incomplete_strict_phone_support_for_nine_point_cpps_trajectory
LA_T_6518010_0006	Interior_B	True	False	-80.00000000000185	-79.99999999999952	incomplete_strict_phone_support_for_nine_point_cpps_trajectory
LA_T_6518010_0007	Boundary	True	False			official_v6_boundary_cpps_invalid_or_incomplete_support
LA_T_6518010_0007	Interior_A	True	False	-80.00000000000185	-79.99999999999952	incomplete_strict_phone_support_for_nine_point_cpps_trajectory
LA_T_6518010_0007	Interior_B	True	True	159.99999999999835	160.0000000000007	
LA_T_6518010_0008	Boundary	True	False			official_v6_boundary_cpps_invalid_or_incomplete_support
LA_T_6518010_0008	Interior_A	True	True	159.99999999999835	160.0000000000007	
LA_T_6518010_0008	Interior_B	True	True	879.999999999999	880.0000000000014	
LA_T_6518461_0000	Boundary	True	True			
LA_T_6518461_0000	Interior_A	True	True	160.00000000000014	160.0000000000007	
LA_T_6518461_0000	Interior_B	True	False	-80.00000000000185	-79.99999999999952	incomplete_strict_phone_support_for_nine_point_cpps_trajectory
LA_T_6518461_0001	Boundary	True	True			
LA_T_6518461_0001	Interior_A	True	False	-80.00000000000185	-79.99999999999952	incomplete_strict_phone_support_for_nine_point_cpps_trajectory
LA_T_6518461_0001	Interior_B	True	True	159.99999999999835	160.0000000000007	
LA_T_6518461_0004	Boundary	True	False			official_v6_boundary_cpps_invalid_or_incomplete_support
LA_T_6518461_0004	Interior_A	True	False	-160.00000000000014	-159.99999999999957	incomplete_strict_phone_support_for_nine_point_cpps_trajectory
LA_T_6518461_0004	Interior_B	True	True	79.9999999999983	80.00000000000063	
LA_T_6518461_0006	Boundary	True	False			official_v6_boundary_cpps_invalid_or_incomplete_support
LA_T_6518461_0006	Interior_A	True	False	-160.00000000000014	-160.00000000000136	incomplete_strict_phone_support_for_nine_point_cpps_trajectory
LA_T_6518461_0006	Interior_B	True	True	320.0000000000003	320.00000000000085	
LA_T_6518461_0007	Boundary	True	True			
LA_T_6518461_0007	Interior_A	True	True	320.0000000000003	320.00000000000085	
LA_T_6518461_0007	Interior_B	True	False	-80.00000000000185	-80.0000000000013	incomplete_strict_phone_support_for_nine_point_cpps_trajectory
LA_T_6518461_0008	Boundary	True	True			
LA_T_6518461_0008	Interior_A	True	False	-80.00000000000185	-80.0000000000013	incomplete_strict_phone_support_for_nine_point_cpps_trajectory
LA_T_6518461_0008	Interior_B	True	False	-160.00000000000014	-159.99999999999957	incomplete_strict_phone_support_for_nine_point_cpps_trajectory
LA_T_6518461_0009	Boundary	True	True			
LA_T_6518461_0009	Interior_A	True	False	-160.00000000000014	-159.99999999999957	incomplete_strict_phone_support_for_nine_point_cpps_trajectory
LA_T_6518461_0009	Interior_B	True	True	160.00000000000014	160.0000000000007	
LA_T_6518461_0010	Boundary	True	True			
LA_T_6518461_0010	Interior_A	True	True	160.00000000000014	160.0000000000007	
LA_T_6518461_0010	Interior_B	True	False	0.0	-2.9976021664879227e-12	incomplete_strict_phone_support_for_nine_point_cpps_trajectory
LA_T_6518461_0011	Boundary	True	False			official_v6_boundary_cpps_invalid_or_incomplete_support
LA_T_6518461_0011	Interior_A	True	False	0.0	-2.9976021664879227e-12	incomplete_strict_phone_support_for_nine_point_cpps_trajectory
LA_T_6518461_0011	Interior_B	True	False	-79.9999999999983	-80.0000000000013	incomplete_strict_phone_support_for_nine_point_cpps_trajectory
LA_T_6518461_0012	Boundary	True	False			official_v6_boundary_cpps_invalid_or_incomplete_support
LA_T_6518461_0012	Interior_A	True	False	-79.9999999999983	-80.0000000000013	incomplete_strict_phone_support_for_nine_point_cpps_trajectory
LA_T_6518461_0012	Interior_B	True	True	160.00000000000014	160.0000000000007	
LA_T_6518461_0013	Boundary	True	True			
LA_T_6518461_0013	Interior_A	True	True	160.00000000000014	160.0000000000007	
LA_T_6518461_0013	Interior_B	True	False	-160.00000000000014	-159.99999999999957	incomplete_strict_phone_support_for_nine_point_cpps_trajectory
LA_T_6518461_0014	Boundary	True	True			
LA_T_6518461_0014	Interior_A	True	False	-160.00000000000014	-159.99999999999957	incomplete_strict_phone_support_for_nine_point_cpps_trajectory
LA_T_6518461_0014	Interior_B	True	False	-3.552713678800501e-12	5.551115123125783e-13	incomplete_strict_phone_support_for_nine_point_cpps_trajectory
LA_T_6518461_0015	Boundary	True	True			
LA_T_6518461_0015	Interior_A	True	False	-3.552713678800501e-12	5.551115123125783e-13	incomplete_strict_phone_support_for_nine_point_cpps_trajectory
LA_T_6518461_0015	Interior_B	True	True	640.0000000000006	640.0000000000011	
LA_T_6518461_0016	Boundary	True	True			
LA_T_6518461_0016	Interior_A	True	True	640.0000000000006	640.0000000000011	
LA_T_6518461_0016	Interior_B	True	True	479.9999999999969	480.00000000000097	
LA_T_6518461_0017	Boundary	True	True			
LA_T_6518461_0017	Interior_A	True	True	479.9999999999969	480.00000000000097	
LA_T_6518461_0017	Interior_B	True	True	879.999999999999	880.0000000000031	
LA_T_6518851_0000	Boundary	True	False			official_v6_boundary_cpps_invalid_or_incomplete_support
LA_T_6518851_0000	Interior_A	True	True	240.00000000000023	239.9999999999999	
LA_T_6518851_0000	Interior_B	True	True	79.99999999999918	80.00000000000063	
LA_T_6518851_0001	Boundary	True	False			official_v6_boundary_cpps_invalid_or_incomplete_support
LA_T_6518851_0001	Interior_A	True	True	79.99999999999918	80.00000000000063	
LA_T_6518851_0001	Interior_B	True	False	0.0	5.551115123125783e-13	incomplete_strict_phone_support_for_nine_point_cpps_trajectory
LA_T_6518851_0002	Boundary	True	True			
LA_T_6518851_0002	Interior_A	True	False	0.0	5.551115123125783e-13	incomplete_strict_phone_support_for_nine_point_cpps_trajectory
LA_T_6518851_0002	Interior_B	True	False	-1.7763568394002505e-12	5.551115123125783e-13	incomplete_strict_phone_support_for_nine_point_cpps_trajectory
LA_T_6518851_0003	Boundary	True	True			
LA_T_6518851_0003	Interior_A	True	False	-1.7763568394002505e-12	5.551115123125783e-13	incomplete_strict_phone_support_for_nine_point_cpps_trajectory
LA_T_6518851_0003	Interior_B	True	False	0.0	5.551115123125783e-13	incomplete_strict_phone_support_for_nine_point_cpps_trajectory
LA_T_6518851_0004	Boundary	True	True			
LA_T_6518851_0004	Interior_A	True	False	0.0	5.551115123125783e-13	incomplete_strict_phone_support_for_nine_point_cpps_trajectory
LA_T_6518851_0004	Interior_B	True	False	-80.00000000000185	-79.99999999999952	incomplete_strict_phone_support_for_nine_point_cpps_trajectory
LA_T_6518851_0005	Boundary	True	True			
LA_T_6518851_0005	Interior_A	True	False	-80.00000000000185	-79.99999999999952	incomplete_strict_phone_support_for_nine_point_cpps_trajectory
LA_T_6518851_0005	Interior_B	True	True	559.9999999999987	560.000000000001	
LA_T_6518851_0006	Boundary	True	False			official_v6_boundary_cpps_invalid_or_incomplete_support
LA_T_6518851_0006	Interior_A	True	True	559.9999999999987	560.000000000001	
LA_T_6518851_0006	Interior_B	True	True	239.99999999999844	239.999999999999	
LA_T_6518851_0007	Boundary	True	False			official_v6_boundary_cpps_invalid_or_incomplete_support
LA_T_6518851_0007	Interior_A	True	True	239.99999999999844	239.999999999999	
LA_T_6518851_0007	Interior_B	True	False	0.0	5.551115123125783e-13	incomplete_strict_phone_support_for_nine_point_cpps_trajectory
LA_T_6518851_0008	Boundary	True	True			
LA_T_6518851_0008	Interior_A	True	False	0.0	5.551115123125783e-13	incomplete_strict_phone_support_for_nine_point_cpps_trajectory
LA_T_6518851_0008	Interior_B	True	True	480.00000000000045	480.00000000000097	
LA_T_6518851_0009	Boundary	True	True			
LA_T_6518851_0009	Interior_A	True	True	480.00000000000045	480.00000000000097	
LA_T_6518851_0009	Interior_B	True	True	239.99999999999844	239.999999999999	
LA_T_6518851_0010	Boundary	True	False			official_v6_boundary_cpps_invalid_or_incomplete_support
LA_T_6518851_0010	Interior_A	True	True	239.99999999999844	239.999999999999	
LA_T_6518851_0010	Interior_B	True	True	480.00000000000045	480.00000000000097	
LA_T_6518851_0015	Boundary	True	False			official_v6_boundary_cpps_invalid_or_incomplete_support
LA_T_6518851_0015	Interior_A	True	True	319.9999999999967	320.00000000000085	
LA_T_6518851_0015	Interior_B	True	False	0.0	-2.9976021664879227e-12	incomplete_strict_phone_support_for_nine_point_cpps_trajectory
LA_T_6518851_0016	Boundary	True	True			
LA_T_6518851_0016	Interior_A	True	False	0.0	-2.9976021664879227e-12	incomplete_strict_phone_support_for_nine_point_cpps_trajectory
LA_T_6518851_0016	Interior_B	True	True	160.0000000000037	159.99999999999716	
LA_T_6518851_0017	Boundary	True	True			
LA_T_6518851_0017	Interior_A	True	True	160.0000000000037	159.99999999999716	
LA_T_6518851_0017	Interior_B	True	True	160.0000000000037	159.99999999999716	
LA_T_6518851_0018	Boundary	True	True			
LA_T_6518851_0018	Interior_A	True	True	160.0000000000037	159.99999999999716	
LA_T_6518851_0018	Interior_B	True	True	399.9999999999986	399.99999999999915	
LA_T_6518851_0019	Boundary	True	True			
LA_T_6518851_0019	Interior_A	True	True	399.9999999999986	399.99999999999915	
LA_T_6518851_0019	Interior_B	True	False	-159.9999999999966	-160.00000000000313	incomplete_strict_phone_support_for_nine_point_cpps_trajectory
LA_T_6518851_0020	Boundary	True	True			
LA_T_6518851_0020	Interior_A	True	False	-159.9999999999966	-160.00000000000313	incomplete_strict_phone_support_for_nine_point_cpps_trajectory
LA_T_6518851_0020	Interior_B	True	True	399.9999999999986	399.99999999999915	
LA_T_6518851_0021	Boundary	True	True			
LA_T_6518851_0021	Interior_A	True	True	399.9999999999986	399.99999999999915	
LA_T_6518851_0021	Interior_B	True	True	1039.999999999999	1039.9999999999995	
LA_T_6518851_0023	Boundary	True	True			
LA_T_6518851_0023	Interior_A	True	False	0.0	5.551115123125783e-13	incomplete_strict_phone_support_for_nine_point_cpps_trajectory
LA_T_6518851_0023	Interior_B	True	False	-160.0000000000037	-160.00000000000313	incomplete_strict_phone_support_for_nine_point_cpps_trajectory
LA_T_6518851_0024	Boundary	True	True			
LA_T_6518851_0024	Interior_A	True	False	-160.0000000000037	-160.00000000000313	incomplete_strict_phone_support_for_nine_point_cpps_trajectory
LA_T_6518851_0024	Interior_B	True	True	480.000000000004	479.99999999999744	
LA_T_6518851_0028	Boundary	True	True			
LA_T_6518851_0028	Interior_A	True	False	-7.105427357601002e-12	5.551115123125783e-13	incomplete_strict_phone_support_for_nine_point_cpps_trajectory
LA_T_6518851_0028	Interior_B	True	True	80.0000000000054	79.99999999999885	
LA_T_6518851_0029	Boundary	True	True			
LA_T_6518851_0029	Interior_A	True	True	80.0000000000054	79.99999999999885	
LA_T_6518851_0029	Interior_B	True	False	-79.9999999999983	-80.00000000000485	incomplete_strict_phone_support_for_nine_point_cpps_trajectory
LA_T_6518851_0030	Boundary	True	True			
LA_T_6518851_0030	Interior_A	True	False	-79.9999999999983	-80.00000000000485	incomplete_strict_phone_support_for_nine_point_cpps_trajectory
LA_T_6518851_0030	Interior_B	True	False	0.0	5.551115123125783e-13	incomplete_strict_phone_support_for_nine_point_cpps_trajectory
LA_T_6518851_0031	Boundary	True	True			
LA_T_6518851_0031	Interior_A	True	False	0.0	5.551115123125783e-13	incomplete_strict_phone_support_for_nine_point_cpps_trajectory
LA_T_6518851_0031	Interior_B	True	True	79.9999999999983	79.99999999999885	
LA_T_6518851_0032	Boundary	True	True			
LA_T_6518851_0032	Interior_A	True	True	79.9999999999983	79.99999999999885	
LA_T_6518851_0032	Interior_B	True	False	0.0	5.551115123125783e-13	incomplete_strict_phone_support_for_nine_point_cpps_trajectory
LA_T_6518851_0033	Boundary	True	False			official_v6_boundary_cpps_invalid_or_incomplete_support
LA_T_6518851_0033	Interior_A	True	False	0.0	5.551115123125783e-13	incomplete_strict_phone_support_for_nine_point_cpps_trajectory
LA_T_6518851_0033	Interior_B	True	False	0.0	5.551115123125783e-13	incomplete_strict_phone_support_for_nine_point_cpps_trajectory
LA_T_6518851_0037	Boundary	True	True			
LA_T_6518851_0037	Interior_A	True	False	-79.9999999999983	-79.99999999999774	incomplete_strict_phone_support_for_nine_point_cpps_trajectory
LA_T_6518851_0037	Interior_B	True	True	879.9999999999955	879.999999999996	
LA_T_6518851_0038	Boundary	True	True			
LA_T_6518851_0038	Interior_A	True	True	879.9999999999955	879.999999999996	
LA_T_6518851_0038	Interior_B	True	False	-159.9999999999966	-159.99999999999602	incomplete_strict_phone_support_for_nine_point_cpps_trajectory
LA_T_6518851_0039	Boundary	True	True			
LA_T_6518851_0039	Interior_A	True	False	-159.9999999999966	-159.99999999999602	incomplete_strict_phone_support_for_nine_point_cpps_trajectory
LA_T_6518851_0039	Interior_B	True	False	-80.0000000000125	-79.99999999999774	incomplete_strict_phone_support_for_nine_point_cpps_trajectory
LA_T_6518851_0040	Boundary	True	True			
LA_T_6518851_0040	Interior_A	True	False	-80.0000000000125	-79.99999999999774	incomplete_strict_phone_support_for_nine_point_cpps_trajectory
LA_T_6518851_0040	Interior_B	True	False	-79.9999999999983	-79.99999999999774	incomplete_strict_phone_support_for_nine_point_cpps_trajectory
LA_T_6518851_0041	Boundary	True	True			
LA_T_6518851_0041	Interior_A	True	False	-79.9999999999983	-79.99999999999774	incomplete_strict_phone_support_for_nine_point_cpps_trajectory
LA_T_6518851_0041	Interior_B	True	False	-79.9999999999983	-79.99999999999774	incomplete_strict_phone_support_for_nine_point_cpps_trajectory
LA_T_6518851_0042	Boundary	True	True			
LA_T_6518851_0042	Interior_A	True	False	-79.9999999999983	-79.99999999999774	incomplete_strict_phone_support_for_nine_point_cpps_trajectory
LA_T_6518851_0042	Interior_B	True	False	-159.9999999999966	-160.00000000001023	incomplete_strict_phone_support_for_nine_point_cpps_trajectory
LA_T_6518851_0043	Boundary	True	False			official_v6_boundary_cpps_invalid_or_incomplete_support
LA_T_6518851_0043	Interior_A	True	False	-159.9999999999966	-160.00000000001023	incomplete_strict_phone_support_for_nine_point_cpps_trajectory
LA_T_6518851_0043	Interior_B	True	False	-79.9999999999983	-79.99999999999774	incomplete_strict_phone_support_for_nine_point_cpps_trajectory
LA_T_6518851_0046	Boundary	True	False			official_v6_boundary_cpps_invalid_or_incomplete_support
LA_T_6518851_0046	Interior_A	True	True	79.9999999999983	79.99999999999885	
LA_T_6518851_0046	Interior_B	True	True	159.9999999999966	159.99999999999716	
LA_T_6518851_0048	Boundary	True	True			
LA_T_6518851_0048	Interior_A	True	False	-160.0000000000108	-159.99999999999602	incomplete_strict_phone_support_for_nine_point_cpps_trajectory
LA_T_6518851_0048	Interior_B	True	True	400.0000000000057	399.99999999999204	
LA_T_6518851_0049	Boundary	True	True			
LA_T_6518851_0049	Interior_A	True	True	400.0000000000057	399.99999999999204	
LA_T_6518851_0049	Interior_B	True	False	-159.9999999999966	-159.99999999999602	incomplete_strict_phone_support_for_nine_point_cpps_trajectory
LA_T_6518851_0050	Boundary	True	True			
LA_T_6518851_0050	Interior_A	True	False	-159.9999999999966	-159.99999999999602	incomplete_strict_phone_support_for_nine_point_cpps_trajectory
LA_T_6518851_0050	Interior_B	True	True	560.0000000000023	559.9999999999886	
LA_T_6518851_0051	Boundary	True	True			
LA_T_6518851_0051	Interior_A	True	True	560.0000000000023	559.9999999999886	
LA_T_6518851_0051	Interior_B	True	False	-79.9999999999983	-79.99999999999774	incomplete_strict_phone_support_for_nine_point_cpps_trajectory
LA_T_6518851_0052	Boundary	True	False			official_v6_boundary_cpps_invalid_or_incomplete_support
LA_T_6518851_0052	Interior_A	True	False	-79.9999999999983	-79.99999999999774	incomplete_strict_phone_support_for_nine_point_cpps_trajectory
LA_T_6518851_0052	Interior_B	True	True	79.9999999999983	79.99999999999885	
LA_T_6518851_0055	Boundary	True	True			
LA_T_6518851_0055	Interior_A	True	True	239.99999999999488	240.00000000000966	
LA_T_6518851_0055	Interior_B	True	True	640.0000000000006	640.0000000000011	
LA_T_6518851_0056	Boundary	True	True			
LA_T_6518851_0056	Interior_A	True	True	640.0000000000006	640.0000000000011	
LA_T_6518851_0056	Interior_B	True	True	79.9999999999983	79.99999999999885	
LA_T_6518851_0057	Boundary	True	True			
LA_T_6518851_0057	Interior_A	True	True	79.9999999999983	79.99999999999885	
LA_T_6518851_0057	Interior_B	True	True	479.99999999998977	480.00000000000455	
LA_T_6518851_0058	Boundary	True	True			
LA_T_6518851_0058	Interior_A	True	True	479.99999999998977	480.00000000000455	
LA_T_6518851_0058	Interior_B	True	True	1280.0000000000011	1280.0000000000016	
LA_T_6520116_0010	Boundary	True	True			
LA_T_6520116_0010	Interior_A	True	True	1039.999999999999	1039.9999999999995	
LA_T_6520116_0010	Interior_B	True	True	1279.9999999999975	1280.0000000000016	
LA_T_6521714_0006	Boundary	True	False			official_v6_boundary_cpps_invalid_or_incomplete_support
LA_T_6521714_0006	Interior_A	True	True	320.0000000000003	319.9999999999991	
LA_T_6521714_0006	Interior_B	True	True	719.9999999999989	720.0000000000013	
LA_T_6521714_0007	Boundary	True	True			
LA_T_6521714_0007	Interior_A	True	True	719.9999999999989	720.0000000000013	
LA_T_6521714_0007	Interior_B	True	False	-160.00000000000014	-159.99999999999957	incomplete_strict_phone_support_for_nine_point_cpps_trajectory
LA_T_6521714_0009	Boundary	True	True			
LA_T_6521714_0009	Interior_A	True	False	-160.0000000000037	-159.99999999999957	incomplete_strict_phone_support_for_nine_point_cpps_trajectory
LA_T_6521714_0009	Interior_B	True	False	0.0	5.551115123125783e-13	incomplete_strict_phone_support_for_nine_point_cpps_trajectory
LA_T_6521714_0010	Boundary	True	True			
LA_T_6521714_0010	Interior_A	True	False	0.0	5.551115123125783e-13	incomplete_strict_phone_support_for_nine_point_cpps_trajectory
LA_T_6521714_0010	Interior_B	True	True	160.00000000000014	160.0000000000007	
LA_T_6521714_0011	Boundary	True	False			official_v6_boundary_cpps_invalid_or_incomplete_support
LA_T_6521714_0011	Interior_A	True	True	160.00000000000014	160.0000000000007	
LA_T_6521714_0011	Interior_B	True	True	559.9999999999987	559.9999999999993	
LA_T_6521929_0001	Boundary	True	False			official_v6_boundary_cpps_invalid_or_incomplete_support
LA_T_6521929_0001	Interior_A	True	True	160.00000000000014	159.9999999999998	
LA_T_6521929_0001	Interior_B	True	True	320.0000000000003	319.99999999999994	
LA_T_6521929_0008	Boundary	True	True			
LA_T_6521929_0008	Interior_A	True	False	0.0	-1.2212453270876722e-12	incomplete_strict_phone_support_for_nine_point_cpps_trajectory
LA_T_6521929_0008	Interior_B	True	False	-80.00000000000007	-80.0000000000013	incomplete_strict_phone_support_for_nine_point_cpps_trajectory
LA_T_6521929_0009	Boundary	True	True			
LA_T_6521929_0009	Interior_A	True	False	-80.00000000000007	-80.0000000000013	incomplete_strict_phone_support_for_nine_point_cpps_trajectory
LA_T_6521929_0009	Interior_B	True	True	80.00000000000007	80.00000000000063	
LA_T_6521929_0010	Boundary	True	False			official_v6_boundary_cpps_invalid_or_incomplete_support
LA_T_6521929_0010	Interior_A	True	True	80.00000000000007	80.00000000000063	
LA_T_6521929_0010	Interior_B	True	True	559.9999999999987	559.9999999999993	
LA_T_6521929_0011	Boundary	True	False			official_v6_boundary_cpps_invalid_or_incomplete_support
LA_T_6521929_0011	Interior_A	True	True	559.9999999999987	559.9999999999993	
LA_T_6521929_0011	Interior_B	True	True	240.000000000002	239.999999999999	
LA_T_6521929_0013	Boundary	True	False			official_v6_boundary_cpps_invalid_or_incomplete_support
LA_T_6521929_0013	Interior_A	True	True	320.0000000000003	320.00000000000085	
LA_T_6521929_0013	Interior_B	True	True	800.0000000000007	799.9999999999977	
LA_T_6522300_0000	Boundary	True	False			official_v6_boundary_cpps_invalid_or_incomplete_support
LA_T_6522300_0000	Interior_A	True	True	160.00000000000014	159.9999999999998	
LA_T_6522300_0000	Interior_B	True	False	-159.99999999999926	-159.99999999999957	incomplete_strict_phone_support_for_nine_point_cpps_trajectory
LA_T_6522300_0001	Boundary	True	True			
LA_T_6522300_0001	Interior_A	True	False	-159.99999999999926	-159.99999999999957	incomplete_strict_phone_support_for_nine_point_cpps_trajectory
LA_T_6522300_0001	Interior_B	True	False	-80.00000000000185	-79.99999999999952	incomplete_strict_phone_support_for_nine_point_cpps_trajectory
LA_T_6522300_0002	Boundary	True	True			
LA_T_6522300_0002	Interior_A	True	False	-80.00000000000185	-79.99999999999952	incomplete_strict_phone_support_for_nine_point_cpps_trajectory
LA_T_6522300_0002	Interior_B	True	True	799.999999999999	800.0000000000013	
LA_T_6522300_0003	Boundary	True	True			
LA_T_6522300_0003	Interior_A	True	True	799.999999999999	800.0000000000013	
LA_T_6522300_0003	Interior_B	True	True	239.99999999999844	240.00000000000077	
LA_T_6522300_0009	Boundary	True	False			official_v6_boundary_cpps_invalid_or_incomplete_support
LA_T_6522300_0009	Interior_A	True	False	-80.00000000000185	-80.0000000000013	incomplete_strict_phone_support_for_nine_point_cpps_trajectory
LA_T_6522300_0009	Interior_B	True	True	480.00000000000045	480.00000000000097	
LA_T_6522300_0010	Boundary	True	False			official_v6_boundary_cpps_invalid_or_incomplete_support
LA_T_6522300_0010	Interior_A	True	True	480.00000000000045	480.00000000000097	
LA_T_6522300_0010	Interior_B	True	True	239.99999999999844	239.999999999999	
LA_T_6522300_0011	Boundary	True	True			
LA_T_6522300_0011	Interior_A	True	True	239.99999999999844	239.999999999999	
LA_T_6522300_0011	Interior_B	True	False	-160.00000000000014	-159.99999999999957	incomplete_strict_phone_support_for_nine_point_cpps_trajectory
LA_T_6522300_0012	Boundary	True	True			
LA_T_6522300_0012	Interior_A	True	False	-160.00000000000014	-159.99999999999957	incomplete_strict_phone_support_for_nine_point_cpps_trajectory
LA_T_6522300_0012	Interior_B	True	False	-160.00000000000014	-159.99999999999957	incomplete_strict_phone_support_for_nine_point_cpps_trajectory
LA_T_6522300_0013	Boundary	True	True			
LA_T_6522300_0013	Interior_A	True	False	-160.00000000000014	-159.99999999999957	incomplete_strict_phone_support_for_nine_point_cpps_trajectory
LA_T_6522300_0013	Interior_B	True	False	-80.00000000000185	-79.99999999999774	incomplete_strict_phone_support_for_nine_point_cpps_trajectory
LA_T_6522300_0014	Boundary	True	False			official_v6_boundary_cpps_invalid_or_incomplete_support
LA_T_6522300_0014	Interior_A	True	False	-80.00000000000185	-79.99999999999774	incomplete_strict_phone_support_for_nine_point_cpps_trajectory
LA_T_6522300_0014	Interior_B	True	True	319.9999999999967	320.00000000000085	
LA_T_6522300_0015	Boundary	True	False			official_v6_boundary_cpps_invalid_or_incomplete_support
LA_T_6522300_0015	Interior_A	True	True	319.9999999999967	320.00000000000085	
LA_T_6522300_0015	Interior_B	True	True	1039.999999999999	1039.9999999999995	
LA_T_6522300_0016	Boundary	True	True			
LA_T_6522300_0016	Interior_A	True	True	1039.999999999999	1039.9999999999995	
LA_T_6522300_0016	Interior_B	True	True	160.00000000000014	159.99999999999716	
LA_T_6522300_0017	Boundary	True	True			
LA_T_6522300_0017	Interior_A	True	True	160.00000000000014	159.99999999999716	
LA_T_6522300_0017	Interior_B	True	True	160.0000000000037	159.99999999999716	
LA_T_6522300_0020	Boundary	True	True			
LA_T_6522300_0020	Interior_A	True	False	-160.0000000000037	-159.99999999999602	incomplete_strict_phone_support_for_nine_point_cpps_trajectory
LA_T_6522300_0020	Interior_B	True	False	-160.0000000000037	-160.00000000000313	incomplete_strict_phone_support_for_nine_point_cpps_trajectory
LA_T_6522300_0021	Boundary	True	True			
LA_T_6522300_0021	Interior_A	True	False	-160.0000000000037	-160.00000000000313	incomplete_strict_phone_support_for_nine_point_cpps_trajectory
LA_T_6522300_0021	Interior_B	True	True	800.0000000000043	799.9999999999977	
LA_T_6522300_0023	Boundary	True	True			
LA_T_6522300_0023	Interior_A	True	True	79.9999999999983	80.00000000000595	
LA_T_6522300_0023	Interior_B	True	False	-79.9999999999983	-80.00000000000485	incomplete_strict_phone_support_for_nine_point_cpps_trajectory
LA_T_6522300_0026	Boundary	True	True			
LA_T_6522300_0026	Interior_A	True	False	-160.0000000000037	-159.99999999999602	incomplete_strict_phone_support_for_nine_point_cpps_trajectory
LA_T_6522300_0026	Interior_B	True	True	320.0000000000003	320.00000000000085	
LA_T_6522300_0027	Boundary	True	True			
LA_T_6522300_0027	Interior_A	True	True	320.0000000000003	320.00000000000085	
LA_T_6522300_0027	Interior_B	True	False	-7.105427357601002e-12	5.551115123125783e-13	incomplete_strict_phone_support_for_nine_point_cpps_trajectory
LA_T_6522300_0030	Boundary	True	False			official_v6_boundary_cpps_invalid_or_incomplete_support
LA_T_6522300_0030	Interior_A	True	False	-160.0000000000037	-159.99999999999602	incomplete_strict_phone_support_for_nine_point_cpps_trajectory
LA_T_6522300_0030	Interior_B	True	True	159.9999999999966	159.99999999999716	
LA_T_6522300_0031	Boundary	True	False			official_v6_boundary_cpps_invalid_or_incomplete_support
LA_T_6522300_0031	Interior_A	True	True	159.9999999999966	159.99999999999716	
LA_T_6522300_0031	Interior_B	True	True	160.0000000000037	159.99999999999716	
LA_T_6522300_0032	Boundary	True	True			
LA_T_6522300_0032	Interior_A	True	True	160.0000000000037	159.99999999999716	
LA_T_6522300_0032	Interior_B	True	False	-79.9999999999983	-79.99999999999774	incomplete_strict_phone_support_for_nine_point_cpps_trajectory
LA_T_6522300_0033	Boundary	True	True			
LA_T_6522300_0033	Interior_A	True	False	-79.9999999999983	-79.99999999999774	incomplete_strict_phone_support_for_nine_point_cpps_trajectory
LA_T_6522300_0033	Interior_B	True	False	-80.0000000000054	-79.99999999999774	incomplete_strict_phone_support_for_nine_point_cpps_trajectory
LA_T_6522300_0034	Boundary	True	True			
LA_T_6522300_0034	Interior_A	True	False	-80.0000000000054	-79.99999999999774	incomplete_strict_phone_support_for_nine_point_cpps_trajectory
LA_T_6522300_0034	Interior_B	True	True	320.0000000000003	320.00000000000085	
LA_T_6522300_0035	Boundary	True	True			
LA_T_6522300_0035	Interior_A	True	True	320.0000000000003	320.00000000000085	
LA_T_6522300_0035	Interior_B	True	False	-160.0000000000037	-159.99999999999602	incomplete_strict_phone_support_for_nine_point_cpps_trajectory
LA_T_6522300_0036	Boundary	True	True			
LA_T_6522300_0036	Interior_A	True	False	-160.0000000000037	-159.99999999999602	incomplete_strict_phone_support_for_nine_point_cpps_trajectory
LA_T_6522300_0036	Interior_B	True	False	-160.0000000000037	-159.99999999999602	incomplete_strict_phone_support_for_nine_point_cpps_trajectory
LA_T_6522300_0037	Boundary	True	True			
LA_T_6522300_0037	Interior_A	True	False	-160.0000000000037	-159.99999999999602	incomplete_strict_phone_support_for_nine_point_cpps_trajectory
LA_T_6522300_0037	Interior_B	True	True	159.9999999999966	159.99999999999716	
LA_T_6522300_0038	Boundary	True	True			
LA_T_6522300_0038	Interior_A	True	True	159.9999999999966	159.99999999999716	
LA_T_6522300_0038	Interior_B	True	False	0.0	5.551115123125783e-13	incomplete_strict_phone_support_for_nine_point_cpps_trajectory
LA_T_6522300_0039	Boundary	True	True			
LA_T_6522300_0039	Interior_A	True	False	0.0	5.551115123125783e-13	incomplete_strict_phone_support_for_nine_point_cpps_trajectory
LA_T_6522300_0039	Interior_B	True	False	-79.9999999999983	-79.99999999999774	incomplete_strict_phone_support_for_nine_point_cpps_trajectory
LA_T_6522300_0040	Boundary	True	True			
LA_T_6522300_0040	Interior_A	True	False	-79.9999999999983	-79.99999999999774	incomplete_strict_phone_support_for_nine_point_cpps_trajectory
LA_T_6522300_0040	Interior_B	True	False	-79.9999999999983	-80.00000000001195	incomplete_strict_phone_support_for_nine_point_cpps_trajectory
LA_T_6522300_0041	Boundary	True	True			
LA_T_6522300_0041	Interior_A	True	False	-79.9999999999983	-80.00000000001195	incomplete_strict_phone_support_for_nine_point_cpps_trajectory
LA_T_6522300_0041	Interior_B	True	False	0.0	5.551115123125783e-13	incomplete_strict_phone_support_for_nine_point_cpps_trajectory
LA_T_6522300_0042	Boundary	True	True			
LA_T_6522300_0042	Interior_A	True	False	0.0	5.551115123125783e-13	incomplete_strict_phone_support_for_nine_point_cpps_trajectory
LA_T_6522300_0042	Interior_B	True	False	-79.9999999999983	-79.99999999999774	incomplete_strict_phone_support_for_nine_point_cpps_trajectory
LA_T_6522300_0043	Boundary	True	True			
LA_T_6522300_0043	Interior_A	True	False	-79.9999999999983	-79.99999999999774	incomplete_strict_phone_support_for_nine_point_cpps_trajectory
LA_T_6522300_0043	Interior_B	True	True	159.9999999999966	159.99999999999716	
LA_T_6522300_0044	Boundary	True	False			official_v6_boundary_cpps_invalid_or_incomplete_support
LA_T_6522300_0044	Interior_A	True	True	159.9999999999966	159.99999999999716	
LA_T_6522300_0044	Interior_B	True	True	80.0000000000125	79.99999999999885	
LA_T_6522300_0048	Boundary	True	False			official_v6_boundary_cpps_invalid_or_incomplete_support
LA_T_6522300_0048	Interior_A	True	True	79.9999999999983	79.99999999999885	
LA_T_6522300_0048	Interior_B	True	True	320.0000000000074	319.99999999999375	
LA_T_6522300_0049	Boundary	True	False			official_v6_boundary_cpps_invalid_or_incomplete_support
LA_T_6522300_0049	Interior_A	True	True	320.0000000000074	319.99999999999375	
LA_T_6522300_0049	Interior_B	True	True	240.0000000000091	239.99999999999545	
LA_T_6522300_0050	Boundary	True	True			
LA_T_6522300_0050	Interior_A	True	True	240.0000000000091	239.99999999999545	
LA_T_6522300_0050	Interior_B	True	True	159.9999999999966	159.99999999999716	
LA_T_6522300_0051	Boundary	True	True			
LA_T_6522300_0051	Interior_A	True	True	159.9999999999966	159.99999999999716	
LA_T_6522300_0051	Interior_B	True	True	79.9999999999983	79.99999999999885	
LA_T_6522300_0052	Boundary	True	False			official_v6_boundary_cpps_invalid_or_incomplete_support
LA_T_6522300_0052	Interior_A	True	True	79.9999999999983	79.99999999999885	
LA_T_6522300_0052	Interior_B	True	True	640.0000000000006	640.0000000000011	
LA_T_6522300_0053	Boundary	True	False			official_v6_boundary_cpps_invalid_or_incomplete_support
LA_T_6522300_0053	Interior_A	True	True	640.0000000000006	640.0000000000011	
LA_T_6522300_0053	Interior_B	True	True	160.0000000000108	159.99999999999716	
LA_T_6522300_0054	Boundary	True	False			official_v6_boundary_cpps_invalid_or_incomplete_support
LA_T_6522300_0054	Interior_A	True	True	160.0000000000108	159.99999999999716	
LA_T_6522300_0054	Interior_B	True	True	239.99999999999488	239.99999999999545	
LA_T_6522300_0055	Boundary	True	False			official_v6_boundary_cpps_invalid_or_incomplete_support
LA_T_6522300_0055	Interior_A	True	True	239.99999999999488	239.99999999999545	
LA_T_6522300_0055	Interior_B	True	False	0.0	5.551115123125783e-13	incomplete_strict_phone_support_for_nine_point_cpps_trajectory
LA_T_6522300_0057	Boundary	True	True			
LA_T_6522300_0057	Interior_A	True	True	239.99999999999488	240.00000000000966	
LA_T_6522300_0057	Interior_B	True	False	-159.9999999999966	-160.00000000001023	incomplete_strict_phone_support_for_nine_point_cpps_trajectory
LA_T_6522300_0058	Boundary	True	True			
LA_T_6522300_0058	Interior_A	True	False	-159.9999999999966	-160.00000000001023	incomplete_strict_phone_support_for_nine_point_cpps_trajectory
LA_T_6522300_0058	Interior_B	True	True	79.9999999999983	79.99999999999885	
LA_T_6524704_0005	Boundary	True	True			
LA_T_6524704_0005	Interior_A	True	True	320.0000000000003	319.99999999999994	
LA_T_6524704_0005	Interior_B	True	True	79.9999999999983	80.00000000000063	
LA_T_6524704_0006	Boundary	True	True			
LA_T_6524704_0006	Interior_A	True	True	79.9999999999983	80.00000000000063	
LA_T_6524704_0006	Interior_B	True	False	-160.00000000000014	-159.99999999999957	incomplete_strict_phone_support_for_nine_point_cpps_trajectory
LA_T_6524704_0007	Boundary	True	True			
LA_T_6524704_0007	Interior_A	True	False	-160.00000000000014	-159.99999999999957	incomplete_strict_phone_support_for_nine_point_cpps_trajectory
LA_T_6524704_0007	Interior_B	True	False	-1.7763568394002505e-12	5.551115123125783e-13	incomplete_strict_phone_support_for_nine_point_cpps_trajectory
LA_T_6524704_0010	Boundary	True	False			official_v6_boundary_cpps_invalid_or_incomplete_support
LA_T_6524704_0010	Interior_A	True	True	79.9999999999983	80.00000000000063	
LA_T_6524704_0010	Interior_B	True	False	-80.00000000000007	-80.0000000000013	incomplete_strict_phone_support_for_nine_point_cpps_trajectory
LA_T_6524704_0011	Boundary	True	False			official_v6_boundary_cpps_invalid_or_incomplete_support
LA_T_6524704_0011	Interior_A	True	False	-80.00000000000007	-80.0000000000013	incomplete_strict_phone_support_for_nine_point_cpps_trajectory
LA_T_6524704_0011	Interior_B	True	True	160.00000000000014	160.0000000000007	
LA_T_6524704_0018	Boundary	True	True			
LA_T_6524704_0018	Interior_A	True	False	-80.00000000000185	-80.0000000000013	incomplete_strict_phone_support_for_nine_point_cpps_trajectory
LA_T_6524704_0018	Interior_B	True	False	-80.00000000000185	-79.99999999999774	incomplete_strict_phone_support_for_nine_point_cpps_trajectory
LA_T_6524704_0021	Boundary	True	True			
LA_T_6524704_0021	Interior_A	True	False	-160.00000000000014	-159.99999999999957	incomplete_strict_phone_support_for_nine_point_cpps_trajectory
LA_T_6524704_0021	Interior_B	True	False	0.0	-2.9976021664879227e-12	incomplete_strict_phone_support_for_nine_point_cpps_trajectory
LA_T_6524704_0022	Boundary	True	False			official_v6_boundary_cpps_invalid_or_incomplete_support
LA_T_6524704_0022	Interior_A	True	False	0.0	-2.9976021664879227e-12	incomplete_strict_phone_support_for_nine_point_cpps_trajectory
LA_T_6524704_0022	Interior_B	True	False	-80.00000000000185	-79.99999999999774	incomplete_strict_phone_support_for_nine_point_cpps_trajectory
LA_T_6524704_0023	Boundary	True	False			official_v6_boundary_cpps_invalid_or_incomplete_support
LA_T_6524704_0023	Interior_A	True	False	-80.00000000000185	-79.99999999999774	incomplete_strict_phone_support_for_nine_point_cpps_trajectory
LA_T_6524704_0023	Interior_B	True	True	79.9999999999983	80.0000000000024	
LA_T_6524704_0024	Boundary	True	False			official_v6_boundary_cpps_invalid_or_incomplete_support
LA_T_6524704_0024	Interior_A	True	True	79.9999999999983	80.0000000000024	
LA_T_6524704_0024	Interior_B	True	False	-160.00000000000014	-159.99999999999957	incomplete_strict_phone_support_for_nine_point_cpps_trajectory
LA_T_6524704_0025	Boundary	True	True			
LA_T_6524704_0025	Interior_A	True	False	-160.00000000000014	-159.99999999999957	incomplete_strict_phone_support_for_nine_point_cpps_trajectory
LA_T_6524704_0025	Interior_B	True	False	-3.552713678800501e-12	5.551115123125783e-13	incomplete_strict_phone_support_for_nine_point_cpps_trajectory
LA_T_6524704_0026	Boundary	True	True			
LA_T_6524704_0026	Interior_A	True	False	-3.552713678800501e-12	5.551115123125783e-13	incomplete_strict_phone_support_for_nine_point_cpps_trajectory
LA_T_6524704_0026	Interior_B	True	False	-79.9999999999983	-80.00000000000485	incomplete_strict_phone_support_for_nine_point_cpps_trajectory
LA_T_6524704_0027	Boundary	True	True			
LA_T_6524704_0027	Interior_A	True	False	-79.9999999999983	-80.00000000000485	incomplete_strict_phone_support_for_nine_point_cpps_trajectory
LA_T_6524704_0027	Interior_B	True	True	80.0000000000054	79.99999999999885	
LA_T_6524704_0030	Boundary	True	True			
LA_T_6524704_0030	Interior_A	True	True	320.0000000000003	320.00000000000085	
LA_T_6524704_0030	Interior_B	True	True	479.9999999999969	480.00000000000455	
LA_T_6524704_0031	Boundary	True	True			
LA_T_6524704_0031	Interior_A	True	True	479.9999999999969	480.00000000000455	
LA_T_6524704_0031	Interior_B	True	False	-159.9999999999966	-160.00000000000313	incomplete_strict_phone_support_for_nine_point_cpps_trajectory
LA_T_6524704_0032	Boundary	True	False			official_v6_boundary_cpps_invalid_or_incomplete_support
LA_T_6524704_0032	Interior_A	True	False	-159.9999999999966	-160.00000000000313	incomplete_strict_phone_support_for_nine_point_cpps_trajectory
LA_T_6524704_0032	Interior_B	True	True	159.9999999999966	159.99999999999716	
LA_T_6524704_0033	Boundary	True	False			official_v6_boundary_cpps_invalid_or_incomplete_support
LA_T_6524704_0033	Interior_A	True	True	159.9999999999966	159.99999999999716	
LA_T_6524704_0033	Interior_B	True	True	80.0000000000054	79.99999999999885	
LA_T_6524704_0034	Boundary	True	False			official_v6_boundary_cpps_invalid_or_incomplete_support
LA_T_6524704_0034	Interior_A	True	True	80.0000000000054	79.99999999999885	
LA_T_6524704_0034	Interior_B	True	False	-79.9999999999983	-80.00000000000485	incomplete_strict_phone_support_for_nine_point_cpps_trajectory
LA_T_6524704_0035	Boundary	True	False			official_v6_boundary_cpps_invalid_or_incomplete_support
LA_T_6524704_0035	Interior_A	True	False	-79.9999999999983	-80.00000000000485	incomplete_strict_phone_support_for_nine_point_cpps_trajectory
LA_T_6524704_0035	Interior_B	True	False	-79.9999999999983	-80.00000000000485	incomplete_strict_phone_support_for_nine_point_cpps_trajectory
LA_T_6524704_0036	Boundary	True	False			official_v6_boundary_cpps_invalid_or_incomplete_support
LA_T_6524704_0036	Interior_A	True	False	-79.9999999999983	-80.00000000000485	incomplete_strict_phone_support_for_nine_point_cpps_trajectory
LA_T_6524704_0036	Interior_B	True	False	-79.9999999999983	-79.99999999999774	incomplete_strict_phone_support_for_nine_point_cpps_trajectory
LA_T_6524704_0037	Boundary	True	True			
LA_T_6524704_0037	Interior_A	True	False	-79.9999999999983	-79.99999999999774	incomplete_strict_phone_support_for_nine_point_cpps_trajectory
LA_T_6524704_0037	Interior_B	True	False	-80.0000000000054	-79.99999999999774	incomplete_strict_phone_support_for_nine_point_cpps_trajectory
LA_T_6524704_0040	Boundary	True	True			
LA_T_6524704_0040	Interior_A	True	False	-160.0000000000037	-160.00000000000313	incomplete_strict_phone_support_for_nine_point_cpps_trajectory
LA_T_6524704_0040	Interior_B	True	True	560.0000000000023	560.0000000000028	
LA_T_6524704_0041	Boundary	True	False			official_v6_boundary_cpps_invalid_or_incomplete_support
LA_T_6524704_0041	Interior_A	True	True	560.0000000000023	560.0000000000028	
LA_T_6524704_0041	Interior_B	True	True	1359.9999999999995	1359.9999999999998	
LA_T_6525171_0000	Boundary	True	True			
LA_T_6525171_0000	Interior_A	True	True	320.0000000000003	320.00000000000085	
LA_T_6525171_0000	Interior_B	True	False	-160.00000000000014	-159.99999999999957	incomplete_strict_phone_support_for_nine_point_cpps_trajectory
LA_T_6525171_0001	Boundary	True	True			
LA_T_6525171_0001	Interior_A	True	False	-160.00000000000014	-159.99999999999957	incomplete_strict_phone_support_for_nine_point_cpps_trajectory
LA_T_6525171_0001	Interior_B	True	True	79.9999999999983	79.99999999999885	
LA_T_6525171_0002	Boundary	True	True			
LA_T_6525171_0002	Interior_A	True	True	79.9999999999983	79.99999999999885	
LA_T_6525171_0002	Interior_B	True	False	-160.00000000000014	-159.99999999999957	incomplete_strict_phone_support_for_nine_point_cpps_trajectory
LA_T_6525171_0003	Boundary	True	False			official_v6_boundary_cpps_invalid_or_incomplete_support
LA_T_6525171_0003	Interior_A	True	False	-160.00000000000014	-159.99999999999957	incomplete_strict_phone_support_for_nine_point_cpps_trajectory
LA_T_6525171_0003	Interior_B	True	False	-160.00000000000014	-159.99999999999957	incomplete_strict_phone_support_for_nine_point_cpps_trajectory
LA_T_6525171_0004	Boundary	True	False			official_v6_boundary_cpps_invalid_or_incomplete_support
LA_T_6525171_0004	Interior_A	True	False	-160.00000000000014	-159.99999999999957	incomplete_strict_phone_support_for_nine_point_cpps_trajectory
LA_T_6525171_0004	Interior_B	True	False	-160.00000000000014	-159.99999999999957	incomplete_strict_phone_support_for_nine_point_cpps_trajectory
LA_T_6525171_0005	Boundary	True	True			
LA_T_6525171_0005	Interior_A	True	False	-160.00000000000014	-159.99999999999957	incomplete_strict_phone_support_for_nine_point_cpps_trajectory
LA_T_6525171_0005	Interior_B	True	True	79.9999999999983	79.99999999999885	
LA_T_6525171_0006	Boundary	True	True			
LA_T_6525171_0006	Interior_A	True	True	79.9999999999983	79.99999999999885	
LA_T_6525171_0006	Interior_B	True	False	0.0	5.551115123125783e-13	incomplete_strict_phone_support_for_nine_point_cpps_trajectory
LA_T_6525171_0007	Boundary	True	False			official_v6_boundary_cpps_invalid_or_incomplete_support
LA_T_6525171_0007	Interior_A	True	False	0.0	5.551115123125783e-13	incomplete_strict_phone_support_for_nine_point_cpps_trajectory
LA_T_6525171_0007	Interior_B	True	False	-80.00000000000185	-79.99999999999774	incomplete_strict_phone_support_for_nine_point_cpps_trajectory
LA_T_6525171_0009	Boundary	True	False			official_v6_boundary_cpps_invalid_or_incomplete_support
LA_T_6525171_0009	Interior_A	True	False	-160.00000000000014	-160.00000000000313	incomplete_strict_phone_support_for_nine_point_cpps_trajectory
LA_T_6525171_0009	Interior_B	True	False	-160.00000000000014	-159.99999999999957	incomplete_strict_phone_support_for_nine_point_cpps_trajectory
LA_T_6525171_0010	Boundary	True	False			official_v6_boundary_cpps_invalid_or_incomplete_support
LA_T_6525171_0010	Interior_A	True	False	-160.00000000000014	-159.99999999999957	incomplete_strict_phone_support_for_nine_point_cpps_trajectory
LA_T_6525171_0010	Interior_B	True	False	-160.00000000000014	-160.00000000000313	incomplete_strict_phone_support_for_nine_point_cpps_trajectory
LA_T_6525171_0012	Boundary	True	False			official_v6_boundary_cpps_invalid_or_incomplete_support
LA_T_6525171_0012	Interior_A	True	False	0.0	5.551115123125783e-13	incomplete_strict_phone_support_for_nine_point_cpps_trajectory
LA_T_6525171_0012	Interior_B	True	True	79.9999999999983	80.00000000000595	
LA_T_6525171_0013	Boundary	True	False			official_v6_boundary_cpps_invalid_or_incomplete_support
LA_T_6525171_0013	Interior_A	True	True	79.9999999999983	80.00000000000595	
LA_T_6525171_0013	Interior_B	True	True	159.9999999999966	159.99999999999716	
LA_T_6525171_0014	Boundary	True	True			
LA_T_6525171_0014	Interior_A	True	True	159.9999999999966	159.99999999999716	
LA_T_6525171_0014	Interior_B	True	False	-79.9999999999983	-79.99999999999774	incomplete_strict_phone_support_for_nine_point_cpps_trajectory
LA_T_6525171_0015	Boundary	True	False			official_v6_boundary_cpps_invalid_or_incomplete_support
LA_T_6525171_0015	Interior_A	True	False	-79.9999999999983	-79.99999999999774	incomplete_strict_phone_support_for_nine_point_cpps_trajectory
LA_T_6525171_0015	Interior_B	True	True	320.0000000000003	320.00000000000085	
LA_T_6525171_0016	Boundary	True	False			official_v6_boundary_cpps_invalid_or_incomplete_support
LA_T_6525171_0016	Interior_A	True	True	320.0000000000003	320.00000000000085	
LA_T_6525171_0016	Interior_B	True	False	-80.0000000000054	-79.99999999999774	incomplete_strict_phone_support_for_nine_point_cpps_trajectory
LA_T_6525171_0017	Boundary	True	False			official_v6_boundary_cpps_invalid_or_incomplete_support
LA_T_6525171_0017	Interior_A	True	False	-80.0000000000054	-79.99999999999774	incomplete_strict_phone_support_for_nine_point_cpps_trajectory
LA_T_6525171_0017	Interior_B	True	True	240.000000000002	239.99999999999545	
LA_T_6525171_0020	Boundary	True	False			official_v6_boundary_cpps_invalid_or_incomplete_support
LA_T_6525171_0020	Interior_A	True	True	319.9999999999932	320.00000000000085	
LA_T_6525171_0020	Interior_B	True	False	-79.9999999999983	-79.99999999999774	incomplete_strict_phone_support_for_nine_point_cpps_trajectory
LA_T_6525941_0003	Boundary	True	True			
LA_T_6525941_0003	Interior_A	True	False	-160.00000000000102	-159.9999999999987	incomplete_strict_phone_support_for_nine_point_cpps_trajectory
LA_T_6525941_0003	Interior_B	True	True	80.00000000000007	80.00000000000063	
LA_T_6525941_0004	Boundary	True	False			official_v6_boundary_cpps_invalid_or_incomplete_support
LA_T_6525941_0004	Interior_A	True	True	80.00000000000007	80.00000000000063	
LA_T_6525941_0004	Interior_B	True	False	-80.00000000000007	-79.99999999999952	incomplete_strict_phone_support_for_nine_point_cpps_trajectory
LA_T_6525941_0005	Boundary	True	False			official_v6_boundary_cpps_invalid_or_incomplete_support
LA_T_6525941_0005	Interior_A	True	False	-80.00000000000007	-79.99999999999952	incomplete_strict_phone_support_for_nine_point_cpps_trajectory
LA_T_6525941_0005	Interior_B	True	False	-80.00000000000185	-79.99999999999952	incomplete_strict_phone_support_for_nine_point_cpps_trajectory
LA_T_6525941_0008	Boundary	True	False			official_v6_boundary_cpps_invalid_or_incomplete_support
LA_T_6525941_0008	Interior_A	True	True	80.00000000000007	79.99999999999885	
LA_T_6525941_0008	Interior_B	True	True	160.00000000000014	159.99999999999892	
LA_T_6525941_0009	Boundary	True	False			official_v6_boundary_cpps_invalid_or_incomplete_support
LA_T_6525941_0009	Interior_A	True	True	160.00000000000014	159.99999999999892	
LA_T_6525941_0009	Interior_B	True	True	560.0000000000005	559.9999999999993	
LA_T_6525941_0013	Boundary	True	True			
LA_T_6525941_0013	Interior_A	True	False	-79.9999999999983	-80.0000000000013	incomplete_strict_phone_support_for_nine_point_cpps_trajectory
LA_T_6525941_0013	Interior_B	True	False	-160.00000000000014	-159.99999999999957	incomplete_strict_phone_support_for_nine_point_cpps_trajectory
LA_T_6525941_0014	Boundary	True	True			
LA_T_6525941_0014	Interior_A	True	False	-160.00000000000014	-159.99999999999957	incomplete_strict_phone_support_for_nine_point_cpps_trajectory
LA_T_6525941_0014	Interior_B	True	False	0.0	-2.9976021664879227e-12	incomplete_strict_phone_support_for_nine_point_cpps_trajectory
LA_T_6525941_0015	Boundary	True	True			
LA_T_6525941_0015	Interior_A	True	False	0.0	-2.9976021664879227e-12	incomplete_strict_phone_support_for_nine_point_cpps_trajectory
LA_T_6525941_0015	Interior_B	True	True	800.0000000000007	800.0000000000013	
LA_T_6525941_0017	Boundary	True	True			
LA_T_6525941_0017	Interior_A	True	False	-160.00000000000014	-160.00000000000313	incomplete_strict_phone_support_for_nine_point_cpps_trajectory
LA_T_6525941_0017	Interior_B	True	True	480.00000000000045	480.00000000000097	
LA_T_6525992_0001	Boundary	True	False			official_v6_boundary_cpps_invalid_or_incomplete_support
LA_T_6525992_0001	Interior_A	True	False	-160.00000000000102	-159.9999999999987	incomplete_strict_phone_support_for_nine_point_cpps_trajectory
LA_T_6525992_0001	Interior_B	True	True	480.00000000000045	479.9999999999992	
LA_T_6525992_0004	Boundary	True	True			
LA_T_6525992_0004	Interior_A	True	True	80.00000000000007	79.99999999999885	
LA_T_6525992_0004	Interior_B	True	False	-160.00000000000014	-160.00000000000136	incomplete_strict_phone_support_for_nine_point_cpps_trajectory
LA_T_6525992_0006	Boundary	True	False			official_v6_boundary_cpps_invalid_or_incomplete_support
LA_T_6525992_0006	Interior_A	True	True	160.00000000000014	160.0000000000007	
LA_T_6525992_0006	Interior_B	True	True	159.99999999999835	160.0000000000007	
LA_T_6525992_0007	Boundary	True	True			
LA_T_6525992_0007	Interior_A	True	True	159.99999999999835	160.0000000000007	
LA_T_6525992_0007	Interior_B	True	True	559.9999999999987	559.9999999999993	
LA_T_6525992_0008	Boundary	True	True			
LA_T_6525992_0008	Interior_A	True	True	559.9999999999987	559.9999999999993	
LA_T_6525992_0008	Interior_B	True	False	0.0	5.551115123125783e-13	incomplete_strict_phone_support_for_nine_point_cpps_trajectory
LA_T_6525992_0009	Boundary	True	False			official_v6_boundary_cpps_invalid_or_incomplete_support
LA_T_6525992_0009	Interior_A	True	False	0.0	5.551115123125783e-13	incomplete_strict_phone_support_for_nine_point_cpps_trajectory
LA_T_6525992_0009	Interior_B	True	True	320.0000000000003	320.00000000000085	
LA_T_6525992_0010	Boundary	True	False			official_v6_boundary_cpps_invalid_or_incomplete_support
LA_T_6525992_0010	Interior_A	True	True	320.0000000000003	320.00000000000085	
LA_T_6525992_0010	Interior_B	True	False	-80.00000000000185	-80.0000000000013	incomplete_strict_phone_support_for_nine_point_cpps_trajectory
LA_T_6525992_0011	Boundary	True	False			official_v6_boundary_cpps_invalid_or_incomplete_support
LA_T_6525992_0011	Interior_A	True	False	-80.00000000000185	-80.0000000000013	incomplete_strict_phone_support_for_nine_point_cpps_trajectory
LA_T_6525992_0011	Interior_B	True	True	80.00000000000185	79.99999999999885	
LA_T_6525992_0014	Boundary	True	True			
LA_T_6525992_0014	Interior_A	True	False	0.0	-2.9976021664879227e-12	incomplete_strict_phone_support_for_nine_point_cpps_trajectory
LA_T_6525992_0014	Interior_B	True	False	-160.00000000000014	-159.99999999999957	incomplete_strict_phone_support_for_nine_point_cpps_trajectory
LA_T_6525992_0015	Boundary	True	False			official_v6_boundary_cpps_invalid_or_incomplete_support
LA_T_6525992_0015	Interior_A	True	False	-160.00000000000014	-159.99999999999957	incomplete_strict_phone_support_for_nine_point_cpps_trajectory
LA_T_6525992_0015	Interior_B	True	True	399.9999999999986	400.0000000000027	
LA_T_6525992_0018	Boundary	True	True			
LA_T_6525992_0018	Interior_A	True	False	0.0	5.551115123125783e-13	incomplete_strict_phone_support_for_nine_point_cpps_trajectory
LA_T_6525992_0018	Interior_B	True	True	79.9999999999983	79.99999999999885	
LA_T_6525992_0019	Boundary	True	True			
LA_T_6525992_0019	Interior_A	True	True	79.9999999999983	79.99999999999885	
LA_T_6525992_0019	Interior_B	True	True	160.0000000000037	159.99999999999716	
LA_T_6525992_0020	Boundary	True	False			official_v6_boundary_cpps_invalid_or_incomplete_support
LA_T_6525992_0020	Interior_A	True	True	160.0000000000037	159.99999999999716	
LA_T_6525992_0020	Interior_B	True	False	-79.9999999999983	-79.99999999999774	incomplete_strict_phone_support_for_nine_point_cpps_trajectory
LA_T_6525992_0021	Boundary	True	False			official_v6_boundary_cpps_invalid_or_incomplete_support
LA_T_6525992_0021	Interior_A	True	False	-79.9999999999983	-79.99999999999774	incomplete_strict_phone_support_for_nine_point_cpps_trajectory
LA_T_6525992_0021	Interior_B	True	False	-7.105427357601002e-12	5.551115123125783e-13	incomplete_strict_phone_support_for_nine_point_cpps_trajectory
LA_T_6525992_0025	Boundary	True	True			
LA_T_6525992_0025	Interior_A	True	True	79.9999999999983	79.99999999999885	
LA_T_6525992_0025	Interior_B	True	False	-79.9999999999983	-79.99999999999774	incomplete_strict_phone_support_for_nine_point_cpps_trajectory
LA_T_6525992_0026	Boundary	True	False			official_v6_boundary_cpps_invalid_or_incomplete_support
LA_T_6525992_0026	Interior_A	True	False	-79.9999999999983	-79.99999999999774	incomplete_strict_phone_support_for_nine_point_cpps_trajectory
LA_T_6525992_0026	Interior_B	True	True	239.99999999999488	240.00000000000256	
LA_T_6525992_0027	Boundary	True	False			official_v6_boundary_cpps_invalid_or_incomplete_support
LA_T_6525992_0027	Interior_A	True	True	239.99999999999488	240.00000000000256	
LA_T_6525992_0027	Interior_B	True	False	0.0	5.551115123125783e-13	incomplete_strict_phone_support_for_nine_point_cpps_trajectory
LA_T_6525992_0028	Boundary	True	False			official_v6_boundary_cpps_invalid_or_incomplete_support
LA_T_6525992_0028	Interior_A	True	False	0.0	5.551115123125783e-13	incomplete_strict_phone_support_for_nine_point_cpps_trajectory
LA_T_6525992_0028	Interior_B	True	False	-79.9999999999983	-80.00000000000485	incomplete_strict_phone_support_for_nine_point_cpps_trajectory
LA_T_6525992_0029	Boundary	True	True			
LA_T_6525992_0029	Interior_A	True	False	-79.9999999999983	-80.00000000000485	incomplete_strict_phone_support_for_nine_point_cpps_trajectory
LA_T_6525992_0029	Interior_B	True	True	160.0000000000037	159.99999999999716	
LA_T_6525992_0030	Boundary	True	True			
LA_T_6525992_0030	Interior_A	True	True	160.0000000000037	159.99999999999716	
LA_T_6525992_0030	Interior_B	True	False	0.0	5.551115123125783e-13	incomplete_strict_phone_support_for_nine_point_cpps_trajectory
LA_T_6525992_0031	Boundary	True	True			
LA_T_6525992_0031	Interior_A	True	False	0.0	5.551115123125783e-13	incomplete_strict_phone_support_for_nine_point_cpps_trajectory
LA_T_6525992_0031	Interior_B	True	False	-160.0000000000037	-159.99999999999602	incomplete_strict_phone_support_for_nine_point_cpps_trajectory
LA_T_6525992_0032	Boundary	True	True			
LA_T_6525992_0032	Interior_A	True	False	-160.0000000000037	-159.99999999999602	incomplete_strict_phone_support_for_nine_point_cpps_trajectory
LA_T_6525992_0032	Interior_B	True	False	-159.9999999999966	-160.00000000000313	incomplete_strict_phone_support_for_nine_point_cpps_trajectory
LA_T_6525992_0033	Boundary	True	False			official_v6_boundary_cpps_invalid_or_incomplete_support
LA_T_6525992_0033	Interior_A	True	False	-159.9999999999966	-160.00000000000313	incomplete_strict_phone_support_for_nine_point_cpps_trajectory
LA_T_6525992_0033	Interior_B	True	True	399.9999999999986	399.99999999999915	
LA_T_6525992_0034	Boundary	True	False			official_v6_boundary_cpps_invalid_or_incomplete_support
LA_T_6525992_0034	Interior_A	True	True	399.9999999999986	399.99999999999915	
LA_T_6525992_0034	Interior_B	True	True	879.9999999999955	880.0000000000031	
LA_T_6529798_0001	Boundary	True	True			
LA_T_6529798_0001	Interior_A	True	False	-80.00000000000051	-79.99999999999952	incomplete_strict_phone_support_for_nine_point_cpps_trajectory
LA_T_6529798_0001	Interior_B	True	False	0.0	5.551115123125783e-13	incomplete_strict_phone_support_for_nine_point_cpps_trajectory
LA_T_6529798_0002	Boundary	True	True			
LA_T_6529798_0002	Interior_A	True	False	0.0	5.551115123125783e-13	incomplete_strict_phone_support_for_nine_point_cpps_trajectory
LA_T_6529798_0002	Interior_B	True	False	-160.00000000000014	-159.99999999999957	incomplete_strict_phone_support_for_nine_point_cpps_trajectory
LA_T_6529798_0004	Boundary	True	True			
LA_T_6529798_0004	Interior_A	True	False	-80.00000000000007	-79.99999999999952	incomplete_strict_phone_support_for_nine_point_cpps_trajectory
LA_T_6529798_0004	Interior_B	True	False	-160.00000000000014	-160.00000000000136	incomplete_strict_phone_support_for_nine_point_cpps_trajectory
LA_T_6529798_0006	Boundary	True	False			official_v6_boundary_cpps_invalid_or_incomplete_support
LA_T_6529798_0006	Interior_A	True	False	-80.00000000000007	-79.99999999999952	incomplete_strict_phone_support_for_nine_point_cpps_trajectory
LA_T_6529798_0006	Interior_B	True	False	-80.00000000000007	-80.0000000000013	incomplete_strict_phone_support_for_nine_point_cpps_trajectory
LA_T_6529798_0007	Boundary	True	True			
LA_T_6529798_0007	Interior_A	True	False	-80.00000000000007	-80.0000000000013	incomplete_strict_phone_support_for_nine_point_cpps_trajectory
LA_T_6529798_0007	Interior_B	True	True	160.00000000000014	159.99999999999892	
LA_T_6529798_0008	Boundary	True	True			
LA_T_6529798_0008	Interior_A	True	True	160.00000000000014	159.99999999999892	
LA_T_6529798_0008	Interior_B	True	False	0.0	5.551115123125783e-13	incomplete_strict_phone_support_for_nine_point_cpps_trajectory
LA_T_6529798_0009	Boundary	True	True			
LA_T_6529798_0009	Interior_A	True	False	0.0	5.551115123125783e-13	incomplete_strict_phone_support_for_nine_point_cpps_trajectory
LA_T_6529798_0009	Interior_B	True	False	-80.00000000000185	-79.99999999999952	incomplete_strict_phone_support_for_nine_point_cpps_trajectory
LA_T_6529798_0010	Boundary	True	True			
LA_T_6529798_0010	Interior_A	True	False	-80.00000000000185	-79.99999999999952	incomplete_strict_phone_support_for_nine_point_cpps_trajectory
LA_T_6529798_0010	Interior_B	True	False	0.0	5.551115123125783e-13	incomplete_strict_phone_support_for_nine_point_cpps_trajectory
LA_T_6529798_0013	Boundary	True	True			
LA_T_6529798_0013	Interior_A	True	False	-3.552713678800501e-12	5.551115123125783e-13	incomplete_strict_phone_support_for_nine_point_cpps_trajectory
LA_T_6529798_0013	Interior_B	True	True	400.00000000000216	399.99999999999915	
LA_T_6529798_0014	Boundary	True	True			
LA_T_6529798_0014	Interior_A	True	True	400.00000000000216	399.99999999999915	
LA_T_6529798_0014	Interior_B	True	False	-80.00000000000185	-80.0000000000013	incomplete_strict_phone_support_for_nine_point_cpps_trajectory
LA_T_6529798_0017	Boundary	True	True			
LA_T_6529798_0017	Interior_A	True	True	80.00000000000185	79.99999999999885	
LA_T_6529798_0017	Interior_B	True	False	-160.00000000000014	-159.99999999999957	incomplete_strict_phone_support_for_nine_point_cpps_trajectory
LA_T_6529798_0025	Boundary	True	False			official_v6_boundary_cpps_invalid_or_incomplete_support
LA_T_6529798_0025	Interior_A	True	True	80.00000000000185	79.9999999999953	
LA_T_6529798_0025	Interior_B	True	False	0.0	5.551115123125783e-13	incomplete_strict_phone_support_for_nine_point_cpps_trajectory
LA_T_6529798_0026	Boundary	True	False			official_v6_boundary_cpps_invalid_or_incomplete_support
LA_T_6529798_0026	Interior_A	True	False	0.0	5.551115123125783e-13	incomplete_strict_phone_support_for_nine_point_cpps_trajectory
LA_T_6529798_0026	Interior_B	True	True	640.0000000000006	640.0000000000011	
LA_T_6530556_0004	Boundary	True	True			
LA_T_6530556_0004	Interior_A	True	True	159.99999999999835	160.0000000000007	
LA_T_6530556_0004	Interior_B	True	False	-80.00000000000007	-79.99999999999952	incomplete_strict_phone_support_for_nine_point_cpps_trajectory
LA_T_6530556_0005	Boundary	True	True			
LA_T_6530556_0005	Interior_A	True	False	-80.00000000000007	-79.99999999999952	incomplete_strict_phone_support_for_nine_point_cpps_trajectory
LA_T_6530556_0005	Interior_B	True	True	480.00000000000045	479.9999999999992	
LA_T_6530556_0006	Boundary	True	True			
LA_T_6530556_0006	Interior_A	True	True	480.00000000000045	479.9999999999992	
LA_T_6530556_0006	Interior_B	True	False	-1.7763568394002505e-12	5.551115123125783e-13	incomplete_strict_phone_support_for_nine_point_cpps_trajectory
LA_T_6530556_0007	Boundary	True	True			
LA_T_6530556_0007	Interior_A	True	False	-1.7763568394002505e-12	5.551115123125783e-13	incomplete_strict_phone_support_for_nine_point_cpps_trajectory
LA_T_6530556_0007	Interior_B	True	True	160.00000000000014	160.0000000000007	
LA_T_6530556_0008	Boundary	True	True			
LA_T_6530556_0008	Interior_A	True	True	160.00000000000014	160.0000000000007	
LA_T_6530556_0008	Interior_B	True	True	79.9999999999983	79.99999999999885	
LA_T_6530556_0012	Boundary	True	True			
LA_T_6530556_0012	Interior_A	True	False	-80.00000000000185	-79.99999999999774	incomplete_strict_phone_support_for_nine_point_cpps_trajectory
LA_T_6530556_0012	Interior_B	True	False	0.0	-2.9976021664879227e-12	incomplete_strict_phone_support_for_nine_point_cpps_trajectory
LA_T_6530556_0015	Boundary	True	False			official_v6_boundary_cpps_invalid_or_incomplete_support
LA_T_6530556_0015	Interior_A	True	False	0.0	5.551115123125783e-13	incomplete_strict_phone_support_for_nine_point_cpps_trajectory
LA_T_6530556_0015	Interior_B	True	True	160.00000000000014	160.0000000000007	
LA_T_6530556_0019	Boundary	True	False			official_v6_boundary_cpps_invalid_or_incomplete_support
LA_T_6530556_0019	Interior_A	True	True	320.0000000000003	320.00000000000085	
LA_T_6530556_0019	Interior_B	True	True	399.9999999999986	399.99999999999915	
LA_T_6530556_0020	Boundary	True	False			official_v6_boundary_cpps_invalid_or_incomplete_support
LA_T_6530556_0020	Interior_A	True	True	399.9999999999986	399.99999999999915	
LA_T_6530556_0020	Interior_B	True	True	480.00000000000045	479.99999999999744	
LA_T_6530556_0021	Boundary	True	False			official_v6_boundary_cpps_invalid_or_incomplete_support
LA_T_6530556_0021	Interior_A	True	True	480.00000000000045	479.99999999999744	
LA_T_6530556_0021	Interior_B	True	False	-159.9999999999966	-160.00000000000313	incomplete_strict_phone_support_for_nine_point_cpps_trajectory
LA_T_6530556_0022	Boundary	True	True			
LA_T_6530556_0022	Interior_A	True	False	-159.9999999999966	-160.00000000000313	incomplete_strict_phone_support_for_nine_point_cpps_trajectory
LA_T_6530556_0022	Interior_B	True	True	240.000000000002	240.00000000000256	
LA_T_6530556_0023	Boundary	True	True			
LA_T_6530556_0023	Interior_A	True	True	240.000000000002	240.00000000000256	
LA_T_6530556_0023	Interior_B	True	True	159.9999999999966	159.99999999999716	
LA_T_6530556_0030	Boundary	True	True			
LA_T_6530556_0030	Interior_A	True	True	399.9999999999986	399.99999999999915	
LA_T_6530556_0030	Interior_B	True	False	-160.0000000000037	-159.99999999999602	incomplete_strict_phone_support_for_nine_point_cpps_trajectory
LA_T_6530556_0033	Boundary	True	True			
LA_T_6530556_0033	Interior_A	True	True	160.0000000000037	159.99999999999716	
LA_T_6530556_0033	Interior_B	True	True	159.9999999999966	160.00000000000426	
LA_T_6530556_0034	Boundary	True	False			official_v6_boundary_cpps_invalid_or_incomplete_support
LA_T_6530556_0034	Interior_A	True	True	159.9999999999966	160.00000000000426	
LA_T_6530556_0034	Interior_B	True	True	320.0000000000003	320.00000000000085	
LA_T_6530556_0035	Boundary	True	False			official_v6_boundary_cpps_invalid_or_incomplete_support
LA_T_6530556_0035	Interior_A	True	True	320.0000000000003	320.00000000000085	
LA_T_6530556_0035	Interior_B	True	True	320.0000000000003	319.99999999999375	
LA_T_6530556_0042	Boundary	True	False			official_v6_boundary_cpps_invalid_or_incomplete_support
LA_T_6530556_0042	Interior_A	True	True	320.0000000000003	320.00000000000085	
LA_T_6530556_0042	Interior_B	True	True	159.9999999999966	159.99999999999716	
LA_T_6530556_0043	Boundary	True	True			
LA_T_6530556_0043	Interior_A	True	True	159.9999999999966	159.99999999999716	
LA_T_6530556_0043	Interior_B	True	False	0.0	5.551115123125783e-13	incomplete_strict_phone_support_for_nine_point_cpps_trajectory
LA_T_6530556_0044	Boundary	True	True			
LA_T_6530556_0044	Interior_A	True	False	0.0	5.551115123125783e-13	incomplete_strict_phone_support_for_nine_point_cpps_trajectory
LA_T_6530556_0044	Interior_B	True	True	79.9999999999983	79.99999999999885	
LA_T_6530556_0049	Boundary	True	False			official_v6_boundary_cpps_invalid_or_incomplete_support
LA_T_6530556_0049	Interior_A	True	True	79.9999999999983	79.99999999999885	
LA_T_6530556_0049	Interior_B	True	True	79.9999999999983	79.99999999999885	
LA_T_6530556_0052	Boundary	True	False			official_v6_boundary_cpps_invalid_or_incomplete_support
LA_T_6530556_0052	Interior_A	True	True	79.9999999999983	79.99999999999885	
LA_T_6530556_0052	Interior_B	True	False	0.0	5.551115123125783e-13	incomplete_strict_phone_support_for_nine_point_cpps_trajectory
LA_T_6530556_0053	Boundary	True	False			official_v6_boundary_cpps_invalid_or_incomplete_support
LA_T_6530556_0053	Interior_A	True	False	0.0	5.551115123125783e-13	incomplete_strict_phone_support_for_nine_point_cpps_trajectory
LA_T_6530556_0053	Interior_B	True	False	0.0	5.551115123125783e-13	incomplete_strict_phone_support_for_nine_point_cpps_trajectory
LA_T_6530556_0058	Boundary	True	False			official_v6_boundary_cpps_invalid_or_incomplete_support
LA_T_6530556_0058	Interior_A	True	False	-80.0000000000125	-79.99999999999774	incomplete_strict_phone_support_for_nine_point_cpps_trajectory
LA_T_6530556_0058	Interior_B	True	False	-159.9999999999966	-159.99999999999602	incomplete_strict_phone_support_for_nine_point_cpps_trajectory
LA_T_6530556_0060	Boundary	True	True			
LA_T_6530556_0060	Interior_A	True	False	0.0	5.551115123125783e-13	incomplete_strict_phone_support_for_nine_point_cpps_trajectory
LA_T_6530556_0060	Interior_B	True	True	79.9999999999983	79.99999999999885	
LA_T_6530556_0065	Boundary	True	True			
LA_T_6530556_0065	Interior_A	True	False	0.0	5.551115123125783e-13	incomplete_strict_phone_support_for_nine_point_cpps_trajectory
LA_T_6530556_0065	Interior_B	True	False	-159.9999999999966	-160.00000000001023	incomplete_strict_phone_support_for_nine_point_cpps_trajectory
LA_T_6530556_0066	Boundary	True	True			
LA_T_6530556_0066	Interior_A	True	False	-159.9999999999966	-160.00000000001023	incomplete_strict_phone_support_for_nine_point_cpps_trajectory
LA_T_6530556_0066	Interior_B	True	True	79.9999999999983	79.99999999999885	
LA_T_6530556_0069	Boundary	True	True			
LA_T_6530556_0069	Interior_A	True	False	-160.0000000000108	-159.99999999999602	incomplete_strict_phone_support_for_nine_point_cpps_trajectory
LA_T_6530556_0069	Interior_B	True	True	79.9999999999983	79.99999999999885	
LA_T_6530556_0070	Boundary	True	True			
LA_T_6530556_0070	Interior_A	True	True	79.9999999999983	79.99999999999885	
LA_T_6530556_0070	Interior_B	True	True	719.9999999999989	719.9999999999994	
LA_T_6530556_0071	Boundary	True	True			
LA_T_6530556_0071	Interior_A	True	True	719.9999999999989	719.9999999999994	
LA_T_6530556_0071	Interior_B	True	False	-79.9999999999983	-79.99999999999774	incomplete_strict_phone_support_for_nine_point_cpps_trajectory
LA_T_6530556_0072	Boundary	True	True			
LA_T_6530556_0072	Interior_A	True	False	-79.9999999999983	-79.99999999999774	incomplete_strict_phone_support_for_nine_point_cpps_trajectory
LA_T_6530556_0072	Interior_B	True	True	240.0000000000091	239.99999999999545	
LA_T_6530556_0073	Boundary	True	True			
LA_T_6530556_0073	Interior_A	True	True	240.0000000000091	239.99999999999545	
LA_T_6530556_0073	Interior_B	True	True	159.9999999999966	159.99999999999716	
LA_T_6530577_0000	Boundary	True	True			
LA_T_6530577_0000	Interior_A	True	True	79.99999999999996	80.00000000000018	
LA_T_6530577_0000	Interior_B	True	False	-80.00000000000051	-79.99999999999996	incomplete_strict_phone_support_for_nine_point_cpps_trajectory
LA_T_6530577_0001	Boundary	True	False			official_v6_boundary_cpps_invalid_or_incomplete_support
LA_T_6530577_0001	Interior_A	True	False	-80.00000000000051	-79.99999999999996	incomplete_strict_phone_support_for_nine_point_cpps_trajectory
LA_T_6530577_0001	Interior_B	True	True	80.00000000000007	79.99999999999974	
LA_T_6530577_0002	Boundary	True	False			official_v6_boundary_cpps_invalid_or_incomplete_support
LA_T_6530577_0002	Interior_A	True	True	80.00000000000007	79.99999999999974	
LA_T_6530577_0002	Interior_B	True	True	800.0000000000007	799.9999999999995	
LA_T_6530577_0003	Boundary	True	True			
LA_T_6530577_0003	Interior_A	True	True	800.0000000000007	799.9999999999995	
LA_T_6530577_0003	Interior_B	True	True	480.00000000000045	479.9999999999992	
LA_T_6530577_0005	Boundary	True	True			
LA_T_6530577_0005	Interior_A	True	False	-80.00000000000007	-79.99999999999952	incomplete_strict_phone_support_for_nine_point_cpps_trajectory
LA_T_6530577_0005	Interior_B	True	True	239.99999999999844	240.00000000000077	
LA_T_6530577_0006	Boundary	True	False			official_v6_boundary_cpps_invalid_or_incomplete_support
LA_T_6530577_0006	Interior_A	True	True	239.99999999999844	240.00000000000077	
LA_T_6530577_0006	Interior_B	True	True	79.9999999999983	80.00000000000063	
LA_T_6530577_0011	Boundary	True	True			
LA_T_6530577_0011	Interior_A	True	True	160.00000000000014	160.0000000000007	
LA_T_6530577_0011	Interior_B	True	False	-160.00000000000014	-159.99999999999957	incomplete_strict_phone_support_for_nine_point_cpps_trajectory
LA_T_6530577_0012	Boundary	True	True			
LA_T_6530577_0012	Interior_A	True	False	-160.00000000000014	-159.99999999999957	incomplete_strict_phone_support_for_nine_point_cpps_trajectory
LA_T_6530577_0012	Interior_B	True	True	479.9999999999969	480.00000000000097	
LA_T_6530577_0015	Boundary	True	False			official_v6_boundary_cpps_invalid_or_incomplete_support
LA_T_6530577_0015	Interior_A	True	False	0.0	5.551115123125783e-13	incomplete_strict_phone_support_for_nine_point_cpps_trajectory
LA_T_6530577_0015	Interior_B	True	True	239.99999999999844	239.999999999999	
LA_T_6530577_0018	Boundary	True	False			official_v6_boundary_cpps_invalid_or_incomplete_support
LA_T_6530577_0018	Interior_A	True	False	-80.00000000000185	-79.99999999999774	incomplete_strict_phone_support_for_nine_point_cpps_trajectory
LA_T_6530577_0018	Interior_B	True	False	0.0	-2.9976021664879227e-12	incomplete_strict_phone_support_for_nine_point_cpps_trajectory
LA_T_6530577_0019	Boundary	True	False			official_v6_boundary_cpps_invalid_or_incomplete_support
LA_T_6530577_0019	Interior_A	True	False	0.0	-2.9976021664879227e-12	incomplete_strict_phone_support_for_nine_point_cpps_trajectory
LA_T_6530577_0019	Interior_B	True	False	-79.9999999999983	-80.0000000000013	incomplete_strict_phone_support_for_nine_point_cpps_trajectory
LA_T_6530577_0020	Boundary	True	False			official_v6_boundary_cpps_invalid_or_incomplete_support
LA_T_6530577_0020	Interior_A	True	False	-79.9999999999983	-80.0000000000013	incomplete_strict_phone_support_for_nine_point_cpps_trajectory
LA_T_6530577_0020	Interior_B	True	True	319.9999999999967	320.00000000000085	
LA_T_6530577_0027	Boundary	True	True			
LA_T_6530577_0027	Interior_A	True	False	-79.9999999999983	-79.99999999999774	incomplete_strict_phone_support_for_nine_point_cpps_trajectory
LA_T_6530577_0027	Interior_B	True	False	0.0	5.551115123125783e-13	incomplete_strict_phone_support_for_nine_point_cpps_trajectory
LA_T_6530577_0028	Boundary	True	True			
LA_T_6530577_0028	Interior_A	True	False	0.0	5.551115123125783e-13	incomplete_strict_phone_support_for_nine_point_cpps_trajectory
LA_T_6530577_0028	Interior_B	True	False	-79.9999999999983	-80.00000000000485	incomplete_strict_phone_support_for_nine_point_cpps_trajectory
LA_T_6530577_0029	Boundary	True	True			
LA_T_6530577_0029	Interior_A	True	False	-79.9999999999983	-80.00000000000485	incomplete_strict_phone_support_for_nine_point_cpps_trajectory
LA_T_6530577_0029	Interior_B	True	True	240.000000000002	239.99999999999545	
LA_T_6530577_0030	Boundary	True	True			
LA_T_6530577_0030	Interior_A	True	True	240.000000000002	239.99999999999545	
LA_T_6530577_0030	Interior_B	True	False	-79.9999999999983	-79.99999999999774	incomplete_strict_phone_support_for_nine_point_cpps_trajectory
LA_T_6530577_0031	Boundary	True	True			
LA_T_6530577_0031	Interior_A	True	False	-79.9999999999983	-79.99999999999774	incomplete_strict_phone_support_for_nine_point_cpps_trajectory
LA_T_6530577_0031	Interior_B	True	True	959.9999999999937	960.0000000000014	
LA_T_6532044_0000	Boundary	True	True			
LA_T_6532044_0000	Interior_A	True	True	559.9999999999987	559.9999999999993	
LA_T_6532044_0000	Interior_B	True	False	0.0	5.551115123125783e-13	incomplete_strict_phone_support_for_nine_point_cpps_trajectory
LA_T_6532044_0001	Boundary	True	True			
LA_T_6532044_0001	Interior_A	True	False	0.0	5.551115123125783e-13	incomplete_strict_phone_support_for_nine_point_cpps_trajectory
LA_T_6532044_0001	Interior_B	True	True	79.9999999999983	80.0000000000024	
LA_T_6532044_0004	Boundary	True	False			official_v6_boundary_cpps_invalid_or_incomplete_support
LA_T_6532044_0004	Interior_A	True	False	-160.0000000000037	-159.99999999999957	incomplete_strict_phone_support_for_nine_point_cpps_trajectory
LA_T_6532044_0004	Interior_B	True	False	-80.00000000000185	-79.99999999999774	incomplete_strict_phone_support_for_nine_point_cpps_trajectory
LA_T_6532044_0005	Boundary	True	False			official_v6_boundary_cpps_invalid_or_incomplete_support
LA_T_6532044_0005	Interior_A	True	False	-80.00000000000185	-79.99999999999774	incomplete_strict_phone_support_for_nine_point_cpps_trajectory
LA_T_6532044_0005	Interior_B	True	True	239.99999999999844	240.00000000000256	
LA_T_6532044_0006	Boundary	True	False			official_v6_boundary_cpps_invalid_or_incomplete_support
LA_T_6532044_0006	Interior_A	True	True	239.99999999999844	240.00000000000256	
LA_T_6532044_0006	Interior_B	True	False	-3.552713678800501e-12	5.551115123125783e-13	incomplete_strict_phone_support_for_nine_point_cpps_trajectory
LA_T_6532044_0007	Boundary	True	False			official_v6_boundary_cpps_invalid_or_incomplete_support
LA_T_6532044_0007	Interior_A	True	False	-3.552713678800501e-12	5.551115123125783e-13	incomplete_strict_phone_support_for_nine_point_cpps_trajectory
LA_T_6532044_0007	Interior_B	True	True	160.00000000000014	160.0000000000007	
LA_T_6532044_0008	Boundary	True	False			official_v6_boundary_cpps_invalid_or_incomplete_support
LA_T_6532044_0008	Interior_A	True	True	160.00000000000014	160.0000000000007	
LA_T_6532044_0008	Interior_B	True	True	79.9999999999983	80.0000000000024	
LA_T_6532044_0013	Boundary	True	True			
LA_T_6532044_0013	Interior_A	True	False	-160.0000000000037	-159.99999999999602	incomplete_strict_phone_support_for_nine_point_cpps_trajectory
LA_T_6532044_0013	Interior_B	True	False	-160.0000000000037	-159.99999999999602	incomplete_strict_phone_support_for_nine_point_cpps_trajectory
LA_T_6532044_0014	Boundary	True	True			
LA_T_6532044_0014	Interior_A	True	False	-160.0000000000037	-159.99999999999602	incomplete_strict_phone_support_for_nine_point_cpps_trajectory
LA_T_6532044_0014	Interior_B	True	False	-159.9999999999966	-160.00000000000313	incomplete_strict_phone_support_for_nine_point_cpps_trajectory
LA_T_6532044_0017	Boundary	True	False			official_v6_boundary_cpps_invalid_or_incomplete_support
LA_T_6532044_0017	Interior_A	True	True	719.9999999999989	719.9999999999994	
LA_T_6532044_0017	Interior_B	True	False	0.0	5.551115123125783e-13	incomplete_strict_phone_support_for_nine_point_cpps_trajectory
LA_T_6532044_0021	Boundary	True	False			official_v6_boundary_cpps_invalid_or_incomplete_support
LA_T_6532044_0021	Interior_A	True	False	-79.9999999999983	-79.99999999999774	incomplete_strict_phone_support_for_nine_point_cpps_trajectory
LA_T_6532044_0021	Interior_B	True	True	320.0000000000003	319.99999999999375	
LA_T_6532044_0022	Boundary	True	False			official_v6_boundary_cpps_invalid_or_incomplete_support
LA_T_6532044_0022	Interior_A	True	True	320.0000000000003	319.99999999999375	
LA_T_6532044_0022	Interior_B	True	True	320.0000000000003	320.00000000000085	
LA_T_6532044_0023	Boundary	True	True			
LA_T_6532044_0023	Interior_A	True	True	320.0000000000003	320.00000000000085	
LA_T_6532044_0023	Interior_B	True	False	-79.9999999999983	-79.99999999999774	incomplete_strict_phone_support_for_nine_point_cpps_trajectory
LA_T_6532044_0024	Boundary	True	False			official_v6_boundary_cpps_invalid_or_incomplete_support
LA_T_6532044_0024	Interior_A	True	False	-79.9999999999983	-79.99999999999774	incomplete_strict_phone_support_for_nine_point_cpps_trajectory
LA_T_6532044_0024	Interior_B	True	True	1280.0000000000011	1279.9999999999945	
LA_T_6532044_0029	Boundary	True	True			
LA_T_6532044_0029	Interior_A	True	False	-159.9999999999966	-160.00000000000313	incomplete_strict_phone_support_for_nine_point_cpps_trajectory
LA_T_6532044_0029	Interior_B	True	False	-79.9999999999983	-79.99999999999774	incomplete_strict_phone_support_for_nine_point_cpps_trajectory
LA_T_6532044_0030	Boundary	True	False			official_v6_boundary_cpps_invalid_or_incomplete_support
LA_T_6532044_0030	Interior_A	True	False	-79.9999999999983	-79.99999999999774	incomplete_strict_phone_support_for_nine_point_cpps_trajectory
LA_T_6532044_0030	Interior_B	True	False	-160.0000000000037	-160.00000000000313	incomplete_strict_phone_support_for_nine_point_cpps_trajectory
LA_T_6532044_0031	Boundary	True	False			official_v6_boundary_cpps_invalid_or_incomplete_support
LA_T_6532044_0031	Interior_A	True	False	-160.0000000000037	-160.00000000000313	incomplete_strict_phone_support_for_nine_point_cpps_trajectory
LA_T_6532044_0031	Interior_B	True	True	160.0000000000037	159.99999999999716	
LA_T_6532044_0032	Boundary	True	True			
LA_T_6532044_0032	Interior_A	True	True	160.0000000000037	159.99999999999716	
LA_T_6532044_0032	Interior_B	True	False	-159.9999999999966	-160.00000000000313	incomplete_strict_phone_support_for_nine_point_cpps_trajectory
LA_T_6532044_0035	Boundary	True	False			official_v6_boundary_cpps_invalid_or_incomplete_support
LA_T_6532044_0035	Interior_A	True	False	-80.0000000000054	-79.99999999999774	incomplete_strict_phone_support_for_nine_point_cpps_trajectory
LA_T_6532044_0035	Interior_B	True	True	79.9999999999983	79.99999999999885	
LA_T_6532044_0036	Boundary	True	False			official_v6_boundary_cpps_invalid_or_incomplete_support
LA_T_6532044_0036	Interior_A	True	True	79.9999999999983	79.99999999999885	
LA_T_6532044_0036	Interior_B	True	True	319.9999999999932	320.00000000000796	
LA_T_6532044_0037	Boundary	True	True			
LA_T_6532044_0037	Interior_A	True	True	319.9999999999932	320.00000000000796	
LA_T_6532044_0037	Interior_B	True	False	0.0	5.551115123125783e-13	incomplete_strict_phone_support_for_nine_point_cpps_trajectory
LA_T_6532044_0038	Boundary	True	False			official_v6_boundary_cpps_invalid_or_incomplete_support
LA_T_6532044_0038	Interior_A	True	False	0.0	5.551115123125783e-13	incomplete_strict_phone_support_for_nine_point_cpps_trajectory
LA_T_6532044_0038	Interior_B	True	False	-79.9999999999983	-79.99999999999774	incomplete_strict_phone_support_for_nine_point_cpps_trajectory
LA_T_6532044_0039	Boundary	True	False			official_v6_boundary_cpps_invalid_or_incomplete_support
LA_T_6532044_0039	Interior_A	True	False	-79.9999999999983	-79.99999999999774	incomplete_strict_phone_support_for_nine_point_cpps_trajectory
LA_T_6532044_0039	Interior_B	True	True	719.9999999999989	719.9999999999994	
LA_T_6532044_0045	Boundary	True	False			official_v6_boundary_cpps_invalid_or_incomplete_support
LA_T_6532044_0045	Interior_A	True	True	799.9999999999972	799.9999999999977	
LA_T_6532044_0045	Interior_B	True	False	-79.9999999999983	-79.99999999999774	incomplete_strict_phone_support_for_nine_point_cpps_trajectory
LA_T_6532044_0046	Boundary	True	False			official_v6_boundary_cpps_invalid_or_incomplete_support
LA_T_6532044_0046	Interior_A	True	False	-79.9999999999983	-79.99999999999774	incomplete_strict_phone_support_for_nine_point_cpps_trajectory
LA_T_6532044_0046	Interior_B	True	True	159.9999999999966	159.99999999999716	
LA_T_6532044_0047	Boundary	True	False			official_v6_boundary_cpps_invalid_or_incomplete_support
LA_T_6532044_0047	Interior_A	True	True	159.9999999999966	159.99999999999716	
LA_T_6532044_0047	Interior_B	True	False	0.0	5.551115123125783e-13	incomplete_strict_phone_support_for_nine_point_cpps_trajectory
LA_T_6532044_0048	Boundary	True	True			
LA_T_6532044_0048	Interior_A	True	False	0.0	5.551115123125783e-13	incomplete_strict_phone_support_for_nine_point_cpps_trajectory
LA_T_6532044_0048	Interior_B	True	True	399.9999999999915	400.00000000000625	
LA_T_6532044_0049	Boundary	True	True			
LA_T_6532044_0049	Interior_A	True	True	399.9999999999915	400.00000000000625	
LA_T_6532044_0049	Interior_B	True	True	480.000000000004	480.00000000000455	
LA_T_6532044_0051	Boundary	True	False			official_v6_boundary_cpps_invalid_or_incomplete_support
LA_T_6532044_0051	Interior_A	True	True	640.0000000000006	640.0000000000011	
LA_T_6532044_0051	Interior_B	True	True	319.9999999999932	320.00000000000796	
LA_T_6532044_0056	Boundary	True	False			official_v6_boundary_cpps_invalid_or_incomplete_support
LA_T_6532044_0056	Interior_A	True	False	-79.9999999999983	-79.99999999999774	incomplete_strict_phone_support_for_nine_point_cpps_trajectory
LA_T_6532044_0056	Interior_B	True	False	-159.9999999999966	-160.00000000001023	incomplete_strict_phone_support_for_nine_point_cpps_trajectory
LA_T_6532044_0061	Boundary	True	False			official_v6_boundary_cpps_invalid_or_incomplete_support
LA_T_6532044_0061	Interior_A	True	True	239.99999999999488	239.99999999999545	
LA_T_6532044_0061	Interior_B	True	False	-79.9999999999983	-79.99999999999774	incomplete_strict_phone_support_for_nine_point_cpps_trajectory
LA_T_6532044_0062	Boundary	True	False			official_v6_boundary_cpps_invalid_or_incomplete_support
LA_T_6532044_0062	Interior_A	True	False	-79.9999999999983	-79.99999999999774	incomplete_strict_phone_support_for_nine_point_cpps_trajectory
LA_T_6532044_0062	Interior_B	True	True	79.9999999999983	79.99999999999885	
LA_T_6532044_0063	Boundary	True	False			official_v6_boundary_cpps_invalid_or_incomplete_support
LA_T_6532044_0063	Interior_A	True	True	79.9999999999983	79.99999999999885	
LA_T_6532044_0063	Interior_B	True	False	-79.9999999999983	-79.99999999999774	incomplete_strict_phone_support_for_nine_point_cpps_trajectory
LA_T_6532044_0064	Boundary	True	False			official_v6_boundary_cpps_invalid_or_incomplete_support
LA_T_6532044_0064	Interior_A	True	False	-79.9999999999983	-79.99999999999774	incomplete_strict_phone_support_for_nine_point_cpps_trajectory
LA_T_6532044_0064	Interior_B	True	False	-159.9999999999966	-160.00000000001023	incomplete_strict_phone_support_for_nine_point_cpps_trajectory
LA_T_6532044_0065	Boundary	True	False			official_v6_boundary_cpps_invalid_or_incomplete_support
LA_T_6532044_0065	Interior_A	True	False	-159.9999999999966	-160.00000000001023	incomplete_strict_phone_support_for_nine_point_cpps_trajectory
LA_T_6532044_0065	Interior_B	True	False	-79.9999999999983	-79.99999999999774	incomplete_strict_phone_support_for_nine_point_cpps_trajectory
LA_T_6532044_0066	Boundary	True	True			
LA_T_6532044_0066	Interior_A	True	False	-79.9999999999983	-79.99999999999774	incomplete_strict_phone_support_for_nine_point_cpps_trajectory
LA_T_6532044_0066	Interior_B	True	False	0.0	5.551115123125783e-13	incomplete_strict_phone_support_for_nine_point_cpps_trajectory
LA_T_6532044_0067	Boundary	True	False			official_v6_boundary_cpps_invalid_or_incomplete_support
LA_T_6532044_0067	Interior_A	True	False	0.0	5.551115123125783e-13	incomplete_strict_phone_support_for_nine_point_cpps_trajectory
LA_T_6532044_0067	Interior_B	True	True	79.9999999999983	79.99999999999885	
LA_T_6532044_0070	Boundary	True	True			
LA_T_6532044_0070	Interior_A	True	False	-159.9999999999966	-160.00000000001023	incomplete_strict_phone_support_for_nine_point_cpps_trajectory
LA_T_6532044_0070	Interior_B	True	False	-159.9999999999966	-159.99999999999602	incomplete_strict_phone_support_for_nine_point_cpps_trajectory
LA_T_6532044_0071	Boundary	True	True			
LA_T_6532044_0071	Interior_A	True	False	-159.9999999999966	-159.99999999999602	incomplete_strict_phone_support_for_nine_point_cpps_trajectory
LA_T_6532044_0071	Interior_B	True	False	-160.0000000000108	-159.99999999999602	incomplete_strict_phone_support_for_nine_point_cpps_trajectory
LA_T_6532044_0075	Boundary	True	True			
LA_T_6532044_0075	Interior_A	True	False	-79.9999999999983	-80.00000000001195	incomplete_strict_phone_support_for_nine_point_cpps_trajectory
LA_T_6532044_0075	Interior_B	True	False	-159.9999999999966	-159.99999999999602	incomplete_strict_phone_support_for_nine_point_cpps_trajectory
LA_T_6532044_0076	Boundary	True	True			
LA_T_6532044_0076	Interior_A	True	False	-159.9999999999966	-159.99999999999602	incomplete_strict_phone_support_for_nine_point_cpps_trajectory
LA_T_6532044_0076	Interior_B	True	False	0.0	5.551115123125783e-13	incomplete_strict_phone_support_for_nine_point_cpps_trajectory
LA_T_6532044_0077	Boundary	True	True			
LA_T_6532044_0077	Interior_A	True	False	0.0	5.551115123125783e-13	incomplete_strict_phone_support_for_nine_point_cpps_trajectory
LA_T_6532044_0077	Interior_B	True	False	-80.0000000000125	-79.99999999999774	incomplete_strict_phone_support_for_nine_point_cpps_trajectory
LA_T_6532044_0083	Boundary	True	False			official_v6_boundary_cpps_invalid_or_incomplete_support
LA_T_6532044_0083	Interior_A	True	False	-80.00000000002672	-79.99999999998353	incomplete_strict_phone_support_for_nine_point_cpps_trajectory
LA_T_6532044_0083	Interior_B	True	True	160.0000000000108	159.99999999999716	
LA_T_6532044_0084	Boundary	True	False			official_v6_boundary_cpps_invalid_or_incomplete_support
LA_T_6532044_0084	Interior_A	True	True	160.0000000000108	159.99999999999716	
LA_T_6532044_0084	Interior_B	True	False	-80.0000000000125	-79.99999999999774	incomplete_strict_phone_support_for_nine_point_cpps_trajectory
LA_T_6532044_0085	Boundary	True	True			
LA_T_6532044_0085	Interior_A	True	False	-80.0000000000125	-79.99999999999774	incomplete_strict_phone_support_for_nine_point_cpps_trajectory
LA_T_6532044_0085	Interior_B	True	False	-79.99999999998408	-79.99999999999774	incomplete_strict_phone_support_for_nine_point_cpps_trajectory
LA_T_6532044_0086	Boundary	True	False			official_v6_boundary_cpps_invalid_or_incomplete_support
LA_T_6532044_0086	Interior_A	True	False	-79.99999999998408	-79.99999999999774	incomplete_strict_phone_support_for_nine_point_cpps_trajectory
LA_T_6532044_0086	Interior_B	True	False	-79.99999999998408	-79.99999999999774	incomplete_strict_phone_support_for_nine_point_cpps_trajectory
LA_T_6532044_0087	Boundary	True	False			official_v6_boundary_cpps_invalid_or_incomplete_support
LA_T_6532044_0087	Interior_A	True	False	-79.99999999998408	-79.99999999999774	incomplete_strict_phone_support_for_nine_point_cpps_trajectory
LA_T_6532044_0087	Interior_B	True	False	-159.99999999996817	-160.00000000001023	incomplete_strict_phone_support_for_nine_point_cpps_trajectory
LA_T_6532044_0091	Boundary	True	True			
LA_T_6532044_0091	Interior_A	True	False	-159.99999999996817	-160.00000000001023	incomplete_strict_phone_support_for_nine_point_cpps_trajectory
LA_T_6532044_0091	Interior_B	True	True	159.9999999999966	160.00000000001137	
LA_T_6532044_0092	Boundary	True	False			official_v6_boundary_cpps_invalid_or_incomplete_support
LA_T_6532044_0092	Interior_A	True	True	159.9999999999966	160.00000000001137	
LA_T_6532044_0092	Interior_B	True	False	-79.99999999998408	-79.99999999999774	incomplete_strict_phone_support_for_nine_point_cpps_trajectory
LA_T_6532044_0093	Boundary	True	False			official_v6_boundary_cpps_invalid_or_incomplete_support
LA_T_6532044_0093	Interior_A	True	False	-79.99999999998408	-79.99999999999774	incomplete_strict_phone_support_for_nine_point_cpps_trajectory
LA_T_6532044_0093	Interior_B	True	False	-79.99999999998408	-80.00000000002616	incomplete_strict_phone_support_for_nine_point_cpps_trajectory
LA_T_6532044_0094	Boundary	True	True			
LA_T_6532044_0094	Interior_A	True	False	-79.99999999998408	-80.00000000002616	incomplete_strict_phone_support_for_nine_point_cpps_trajectory
LA_T_6532044_0094	Interior_B	True	False	2.8421709430404007e-11	-1.3655743202889425e-11	incomplete_strict_phone_support_for_nine_point_cpps_trajectory
LA_T_6532044_0095	Boundary	True	True			
LA_T_6532044_0095	Interior_A	True	False	2.8421709430404007e-11	-1.3655743202889425e-11	incomplete_strict_phone_support_for_nine_point_cpps_trajectory
LA_T_6532044_0095	Interior_B	True	True	80.0000000000125	79.99999999999885	
LA_T_6532070_0006	Boundary	True	False			official_v6_boundary_cpps_invalid_or_incomplete_support
LA_T_6532070_0006	Interior_A	True	True	160.00000000000014	160.0000000000007	
LA_T_6532070_0006	Interior_B	True	False	-80.00000000000185	-79.99999999999952	incomplete_strict_phone_support_for_nine_point_cpps_trajectory
LA_T_6532070_0007	Boundary	True	False			official_v6_boundary_cpps_invalid_or_incomplete_support
LA_T_6532070_0007	Interior_A	True	False	-80.00000000000185	-79.99999999999952	incomplete_strict_phone_support_for_nine_point_cpps_trajectory
LA_T_6532070_0007	Interior_B	True	False	-160.00000000000014	-159.99999999999957	incomplete_strict_phone_support_for_nine_point_cpps_trajectory
LA_T_6532070_0008	Boundary	True	True			
LA_T_6532070_0008	Interior_A	True	False	-160.00000000000014	-159.99999999999957	incomplete_strict_phone_support_for_nine_point_cpps_trajectory
LA_T_6532070_0008	Interior_B	True	True	240.00000000000023	239.999999999999	
LA_T_6532070_0009	Boundary	True	False			official_v6_boundary_cpps_invalid_or_incomplete_support
LA_T_6532070_0009	Interior_A	True	True	240.00000000000023	239.999999999999	
LA_T_6532070_0009	Interior_B	True	False	-160.00000000000014	-160.00000000000136	incomplete_strict_phone_support_for_nine_point_cpps_trajectory
LA_T_6532070_0013	Boundary	True	False			official_v6_boundary_cpps_invalid_or_incomplete_support
LA_T_6532070_0013	Interior_A	True	True	240.00000000000023	240.00000000000077	
LA_T_6532070_0013	Interior_B	True	True	480.00000000000045	479.99999999999744	
LA_T_6532070_0014	Boundary	True	True			
LA_T_6532070_0014	Interior_A	True	True	480.00000000000045	479.99999999999744	
LA_T_6532070_0014	Interior_B	True	True	160.00000000000014	160.0000000000007	
LA_T_6532070_0018	Boundary	True	False			official_v6_boundary_cpps_invalid_or_incomplete_support
LA_T_6532070_0018	Interior_A	True	True	239.99999999999844	239.999999999999	
LA_T_6532070_0018	Interior_B	True	False	-160.00000000000014	-159.99999999999957	incomplete_strict_phone_support_for_nine_point_cpps_trajectory
LA_T_6532070_0019	Boundary	True	False			official_v6_boundary_cpps_invalid_or_incomplete_support
LA_T_6532070_0019	Interior_A	True	False	-160.00000000000014	-159.99999999999957	incomplete_strict_phone_support_for_nine_point_cpps_trajectory
LA_T_6532070_0019	Interior_B	True	True	160.00000000000014	159.99999999999716	
LA_T_6532070_0020	Boundary	True	False			official_v6_boundary_cpps_invalid_or_incomplete_support
LA_T_6532070_0020	Interior_A	True	True	160.00000000000014	159.99999999999716	
LA_T_6532070_0020	Interior_B	True	False	0.0	5.551115123125783e-13	incomplete_strict_phone_support_for_nine_point_cpps_trajectory
LA_T_6532070_0023	Boundary	True	True			
LA_T_6532070_0023	Interior_A	True	False	-80.00000000000185	-79.99999999999774	incomplete_strict_phone_support_for_nine_point_cpps_trajectory
LA_T_6532070_0023	Interior_B	True	True	479.9999999999969	480.00000000000097	
LA_T_6532070_0024	Boundary	True	True			
LA_T_6532070_0024	Interior_A	True	True	479.9999999999969	480.00000000000097	
LA_T_6532070_0024	Interior_B	True	True	639.999999999997	640.0000000000011	
LA_T_6533551_0000	Boundary	True	True			
LA_T_6533551_0000	Interior_A	True	False	-80.00000000000007	-79.99999999999996	incomplete_strict_phone_support_for_nine_point_cpps_trajectory
LA_T_6533551_0000	Interior_B	True	False	-80.00000000000007	-79.99999999999996	incomplete_strict_phone_support_for_nine_point_cpps_trajectory
LA_T_6533551_0001	Boundary	True	False			official_v6_boundary_cpps_invalid_or_incomplete_support
LA_T_6533551_0001	Interior_A	True	False	-80.00000000000007	-79.99999999999996	incomplete_strict_phone_support_for_nine_point_cpps_trajectory
LA_T_6533551_0001	Interior_B	True	True	319.9999999999994	319.99999999999994	
LA_T_6533551_0002	Boundary	True	False			official_v6_boundary_cpps_invalid_or_incomplete_support
LA_T_6533551_0002	Interior_A	True	True	319.9999999999994	319.99999999999994	
LA_T_6533551_0002	Interior_B	True	False	-79.99999999999918	-80.0000000000004	incomplete_strict_phone_support_for_nine_point_cpps_trajectory
LA_T_6533551_0003	Boundary	True	False			official_v6_boundary_cpps_invalid_or_incomplete_support
LA_T_6533551_0003	Interior_A	True	False	-79.99999999999918	-80.0000000000004	incomplete_strict_phone_support_for_nine_point_cpps_trajectory
LA_T_6533551_0003	Interior_B	True	False	-80.00000000000097	-79.99999999999862	incomplete_strict_phone_support_for_nine_point_cpps_trajectory
LA_T_6533551_0006	Boundary	True	True			
LA_T_6533551_0006	Interior_A	True	True	79.9999999999983	80.00000000000063	
LA_T_6533551_0006	Interior_B	True	False	-1.7763568394002505e-12	5.551115123125783e-13	incomplete_strict_phone_support_for_nine_point_cpps_trajectory
LA_T_6533551_0009	Boundary	True	True			
LA_T_6533551_0009	Interior_A	True	False	-160.00000000000014	-159.99999999999957	incomplete_strict_phone_support_for_nine_point_cpps_trajectory
LA_T_6533551_0009	Interior_B	True	False	-160.00000000000014	-160.00000000000136	incomplete_strict_phone_support_for_nine_point_cpps_trajectory
LA_T_6533551_0012	Boundary	True	False			official_v6_boundary_cpps_invalid_or_incomplete_support
LA_T_6533551_0012	Interior_A	True	True	79.9999999999983	80.00000000000063	
LA_T_6533551_0012	Interior_B	True	True	160.00000000000014	160.0000000000007	
LA_T_6533551_0013	Boundary	True	False			official_v6_boundary_cpps_invalid_or_incomplete_support
LA_T_6533551_0013	Interior_A	True	True	160.00000000000014	160.0000000000007	
LA_T_6533551_0013	Interior_B	True	True	559.9999999999987	559.9999999999993	
LA_T_6534601_0003	Boundary	True	True			
LA_T_6534601_0003	Interior_A	True	False	-80.00000000000185	-80.0000000000013	incomplete_strict_phone_support_for_nine_point_cpps_trajectory
LA_T_6534601_0003	Interior_B	True	False	-160.00000000000014	-159.99999999999957	incomplete_strict_phone_support_for_nine_point_cpps_trajectory
LA_T_6534601_0004	Boundary	True	True			
LA_T_6534601_0004	Interior_A	True	False	-160.00000000000014	-159.99999999999957	incomplete_strict_phone_support_for_nine_point_cpps_trajectory
LA_T_6534601_0004	Interior_B	True	False	-160.00000000000014	-159.99999999999957	incomplete_strict_phone_support_for_nine_point_cpps_trajectory
LA_T_6534601_0005	Boundary	True	True			
LA_T_6534601_0005	Interior_A	True	False	-160.00000000000014	-159.99999999999957	incomplete_strict_phone_support_for_nine_point_cpps_trajectory
LA_T_6534601_0005	Interior_B	True	True	80.00000000000185	79.99999999999885	
LA_T_6534601_0006	Boundary	True	True			
LA_T_6534601_0006	Interior_A	True	True	80.00000000000185	79.99999999999885	
LA_T_6534601_0006	Interior_B	True	True	79.9999999999983	79.99999999999885	
LA_T_6534601_0007	Boundary	True	True			
LA_T_6534601_0007	Interior_A	True	True	79.9999999999983	79.99999999999885	
LA_T_6534601_0007	Interior_B	True	False	-79.9999999999983	-80.0000000000013	incomplete_strict_phone_support_for_nine_point_cpps_trajectory
LA_T_6534601_0008	Boundary	True	True			
LA_T_6534601_0008	Interior_A	True	False	-79.9999999999983	-80.0000000000013	incomplete_strict_phone_support_for_nine_point_cpps_trajectory
LA_T_6534601_0008	Interior_B	True	False	-80.00000000000185	-79.99999999999774	incomplete_strict_phone_support_for_nine_point_cpps_trajectory
LA_T_6534601_0009	Boundary	True	False			official_v6_boundary_cpps_invalid_or_incomplete_support
LA_T_6534601_0009	Interior_A	True	False	-80.00000000000185	-79.99999999999774	incomplete_strict_phone_support_for_nine_point_cpps_trajectory
LA_T_6534601_0009	Interior_B	True	True	159.9999999999966	160.0000000000007	
LA_T_6534601_0010	Boundary	True	False			official_v6_boundary_cpps_invalid_or_incomplete_support
LA_T_6534601_0010	Interior_A	True	True	159.9999999999966	160.0000000000007	
LA_T_6534601_0010	Interior_B	True	True	80.00000000000185	79.99999999999885	
LA_T_6534601_0011	Boundary	True	False			official_v6_boundary_cpps_invalid_or_incomplete_support
LA_T_6534601_0011	Interior_A	True	True	80.00000000000185	79.99999999999885	
LA_T_6534601_0011	Interior_B	True	False	0.0	5.551115123125783e-13	incomplete_strict_phone_support_for_nine_point_cpps_trajectory
LA_T_6534601_0014	Boundary	True	True			
LA_T_6534601_0014	Interior_A	True	False	0.0	5.551115123125783e-13	incomplete_strict_phone_support_for_nine_point_cpps_trajectory
LA_T_6534601_0014	Interior_B	True	True	320.0000000000003	320.00000000000085	
LA_T_6534601_0015	Boundary	True	False			official_v6_boundary_cpps_invalid_or_incomplete_support
LA_T_6534601_0015	Interior_A	True	True	320.0000000000003	320.00000000000085	
LA_T_6534601_0015	Interior_B	True	False	0.0	5.551115123125783e-13	incomplete_strict_phone_support_for_nine_point_cpps_trajectory
LA_T_6534601_0016	Boundary	True	False			official_v6_boundary_cpps_invalid_or_incomplete_support
LA_T_6534601_0016	Interior_A	True	False	0.0	5.551115123125783e-13	incomplete_strict_phone_support_for_nine_point_cpps_trajectory
LA_T_6534601_0016	Interior_B	True	False	-79.9999999999983	-80.00000000000485	incomplete_strict_phone_support_for_nine_point_cpps_trajectory
LA_T_6534601_0017	Boundary	True	True			
LA_T_6534601_0017	Interior_A	True	False	-79.9999999999983	-80.00000000000485	incomplete_strict_phone_support_for_nine_point_cpps_trajectory
LA_T_6534601_0017	Interior_B	True	False	-160.0000000000037	-159.99999999999602	incomplete_strict_phone_support_for_nine_point_cpps_trajectory
LA_T_6534601_0018	Boundary	True	True			
LA_T_6534601_0018	Interior_A	True	False	-160.0000000000037	-159.99999999999602	incomplete_strict_phone_support_for_nine_point_cpps_trajectory
LA_T_6534601_0018	Interior_B	True	True	1119.9999999999975	1119.999999999998	
LA_T_6535416_0000	Boundary	True	True			
LA_T_6535416_0000	Interior_A	True	False	-160.00000000000014	-160.00000000000313	incomplete_strict_phone_support_for_nine_point_cpps_trajectory
LA_T_6535416_0000	Interior_B	True	False	-160.00000000000014	-159.99999999999957	incomplete_strict_phone_support_for_nine_point_cpps_trajectory
LA_T_6535416_0001	Boundary	True	True			
LA_T_6535416_0001	Interior_A	True	False	-160.00000000000014	-159.99999999999957	incomplete_strict_phone_support_for_nine_point_cpps_trajectory
LA_T_6535416_0001	Interior_B	True	False	-79.9999999999983	-80.0000000000013	incomplete_strict_phone_support_for_nine_point_cpps_trajectory
LA_T_6535416_0002	Boundary	True	False			official_v6_boundary_cpps_invalid_or_incomplete_support
LA_T_6535416_0002	Interior_A	True	False	-79.9999999999983	-80.0000000000013	incomplete_strict_phone_support_for_nine_point_cpps_trajectory
LA_T_6535416_0002	Interior_B	True	False	0.0	5.551115123125783e-13	incomplete_strict_phone_support_for_nine_point_cpps_trajectory
LA_T_6535416_0006	Boundary	True	False			official_v6_boundary_cpps_invalid_or_incomplete_support
LA_T_6535416_0006	Interior_A	True	False	0.0	5.551115123125783e-13	incomplete_strict_phone_support_for_nine_point_cpps_trajectory
LA_T_6535416_0006	Interior_B	True	True	399.9999999999986	399.99999999999915	
LA_T_6535416_0007	Boundary	True	True			
LA_T_6535416_0007	Interior_A	True	True	399.9999999999986	399.99999999999915	
LA_T_6535416_0007	Interior_B	True	True	1199.9999999999993	1199.9999999999998	
LA_T_6535416_0012	Boundary	True	True			
LA_T_6535416_0012	Interior_A	True	False	-79.9999999999983	-80.00000000000485	incomplete_strict_phone_support_for_nine_point_cpps_trajectory
LA_T_6535416_0012	Interior_B	True	False	-79.9999999999983	-80.00000000000485	incomplete_strict_phone_support_for_nine_point_cpps_trajectory
LA_T_6535416_0013	Boundary	True	True			
LA_T_6535416_0013	Interior_A	True	False	-79.9999999999983	-80.00000000000485	incomplete_strict_phone_support_for_nine_point_cpps_trajectory
LA_T_6535416_0013	Interior_B	True	False	-159.9999999999966	-160.00000000000313	incomplete_strict_phone_support_for_nine_point_cpps_trajectory
LA_T_6535416_0014	Boundary	True	True			
LA_T_6535416_0014	Interior_A	True	False	-159.9999999999966	-160.00000000000313	incomplete_strict_phone_support_for_nine_point_cpps_trajectory
LA_T_6535416_0014	Interior_B	True	False	-79.9999999999983	-79.99999999999774	incomplete_strict_phone_support_for_nine_point_cpps_trajectory
LA_T_6535416_0015	Boundary	True	False			official_v6_boundary_cpps_invalid_or_incomplete_support
LA_T_6535416_0015	Interior_A	True	False	-79.9999999999983	-79.99999999999774	incomplete_strict_phone_support_for_nine_point_cpps_trajectory
LA_T_6535416_0015	Interior_B	True	False	0.0	-6.5503158452884236e-12	incomplete_strict_phone_support_for_nine_point_cpps_trajectory
LA_T_6535416_0016	Boundary	True	False			official_v6_boundary_cpps_invalid_or_incomplete_support
LA_T_6535416_0016	Interior_A	True	False	0.0	-6.5503158452884236e-12	incomplete_strict_phone_support_for_nine_point_cpps_trajectory
LA_T_6535416_0016	Interior_B	True	False	-159.9999999999966	-160.00000000000313	incomplete_strict_phone_support_for_nine_point_cpps_trajectory
LA_T_6535416_0017	Boundary	True	False			official_v6_boundary_cpps_invalid_or_incomplete_support
LA_T_6535416_0017	Interior_A	True	False	-159.9999999999966	-160.00000000000313	incomplete_strict_phone_support_for_nine_point_cpps_trajectory
LA_T_6535416_0017	Interior_B	True	False	-79.9999999999983	-79.99999999999774	incomplete_strict_phone_support_for_nine_point_cpps_trajectory
LA_T_6535416_0018	Boundary	True	True			
LA_T_6535416_0018	Interior_A	True	False	-79.9999999999983	-79.99999999999774	incomplete_strict_phone_support_for_nine_point_cpps_trajectory
LA_T_6535416_0018	Interior_B	True	False	-160.0000000000037	-159.99999999999602	incomplete_strict_phone_support_for_nine_point_cpps_trajectory
LA_T_6535416_0022	Boundary	True	True			
LA_T_6535416_0022	Interior_A	True	False	0.0	5.551115123125783e-13	incomplete_strict_phone_support_for_nine_point_cpps_trajectory
LA_T_6535416_0022	Interior_B	True	False	-79.9999999999983	-79.99999999999774	incomplete_strict_phone_support_for_nine_point_cpps_trajectory
LA_T_6535416_0023	Boundary	True	True			
LA_T_6535416_0023	Interior_A	True	False	-79.9999999999983	-79.99999999999774	incomplete_strict_phone_support_for_nine_point_cpps_trajectory
LA_T_6535416_0023	Interior_B	True	False	0.0	-6.5503158452884236e-12	incomplete_strict_phone_support_for_nine_point_cpps_trajectory
LA_T_6535416_0024	Boundary	True	False			official_v6_boundary_cpps_invalid_or_incomplete_support
LA_T_6535416_0024	Interior_A	True	False	0.0	-6.5503158452884236e-12	incomplete_strict_phone_support_for_nine_point_cpps_trajectory
LA_T_6535416_0024	Interior_B	True	True	1520.0000000000032	1519.9999999999964	
LA_T_6535416_0030	Boundary	True	False			official_v6_boundary_cpps_invalid_or_incomplete_support
LA_T_6535416_0030	Interior_A	True	True	159.9999999999966	160.00000000000426	
LA_T_6535416_0030	Interior_B	True	False	-80.0000000000054	-79.99999999999774	incomplete_strict_phone_support_for_nine_point_cpps_trajectory
LA_T_6535416_0031	Boundary	True	False			official_v6_boundary_cpps_invalid_or_incomplete_support
LA_T_6535416_0031	Interior_A	True	False	-80.0000000000054	-79.99999999999774	incomplete_strict_phone_support_for_nine_point_cpps_trajectory
LA_T_6535416_0031	Interior_B	True	True	320.0000000000003	320.00000000000085	
LA_T_6535416_0035	Boundary	True	False			official_v6_boundary_cpps_invalid_or_incomplete_support
LA_T_6535416_0035	Interior_A	True	False	-79.9999999999983	-79.99999999999774	incomplete_strict_phone_support_for_nine_point_cpps_trajectory
LA_T_6535416_0035	Interior_B	True	False	0.0	5.551115123125783e-13	incomplete_strict_phone_support_for_nine_point_cpps_trajectory
LA_T_6535416_0036	Boundary	True	False			official_v6_boundary_cpps_invalid_or_incomplete_support
LA_T_6535416_0036	Interior_A	True	False	0.0	5.551115123125783e-13	incomplete_strict_phone_support_for_nine_point_cpps_trajectory
LA_T_6535416_0036	Interior_B	True	False	-159.9999999999966	-160.00000000001023	incomplete_strict_phone_support_for_nine_point_cpps_trajectory
LA_T_6535416_0037	Boundary	True	True			
LA_T_6535416_0037	Interior_A	True	False	-159.9999999999966	-160.00000000001023	incomplete_strict_phone_support_for_nine_point_cpps_trajectory
LA_T_6535416_0037	Interior_B	True	True	79.9999999999983	79.99999999999885	
LA_T_6535416_0042	Boundary	True	True			
LA_T_6535416_0042	Interior_A	True	True	79.9999999999983	79.99999999999885	
LA_T_6535416_0042	Interior_B	True	False	-79.9999999999983	-80.00000000001195	incomplete_strict_phone_support_for_nine_point_cpps_trajectory
LA_T_6535416_0043	Boundary	True	True			
LA_T_6535416_0043	Interior_A	True	False	-79.9999999999983	-80.00000000001195	incomplete_strict_phone_support_for_nine_point_cpps_trajectory
LA_T_6535416_0043	Interior_B	True	False	-79.9999999999983	-79.99999999999774	incomplete_strict_phone_support_for_nine_point_cpps_trajectory
LA_T_6535416_0044	Boundary	True	False			official_v6_boundary_cpps_invalid_or_incomplete_support
LA_T_6535416_0044	Interior_A	True	False	-79.9999999999983	-79.99999999999774	incomplete_strict_phone_support_for_nine_point_cpps_trajectory
LA_T_6535416_0044	Interior_B	True	False	-79.9999999999983	-79.99999999999774	incomplete_strict_phone_support_for_nine_point_cpps_trajectory
LA_T_6535416_0045	Boundary	True	False			official_v6_boundary_cpps_invalid_or_incomplete_support
LA_T_6535416_0045	Interior_A	True	False	-79.9999999999983	-79.99999999999774	incomplete_strict_phone_support_for_nine_point_cpps_trajectory
LA_T_6535416_0045	Interior_B	True	False	-79.9999999999983	-80.00000000001195	incomplete_strict_phone_support_for_nine_point_cpps_trajectory
LA_T_6535416_0048	Boundary	True	True			
LA_T_6535416_0048	Interior_A	True	False	-79.9999999999983	-79.99999999999774	incomplete_strict_phone_support_for_nine_point_cpps_trajectory
LA_T_6535416_0048	Interior_B	True	False	-159.9999999999966	-159.99999999999602	incomplete_strict_phone_support_for_nine_point_cpps_trajectory
LA_T_6535416_0054	Boundary	True	False			official_v6_boundary_cpps_invalid_or_incomplete_support
LA_T_6535416_0054	Interior_A	True	False	-159.9999999999966	-160.00000000001023	incomplete_strict_phone_support_for_nine_point_cpps_trajectory
LA_T_6535416_0054	Interior_B	True	False	-159.9999999999966	-159.99999999999602	incomplete_strict_phone_support_for_nine_point_cpps_trajectory
LA_T_6535416_0055	Boundary	True	False			official_v6_boundary_cpps_invalid_or_incomplete_support
LA_T_6535416_0055	Interior_A	True	False	-159.9999999999966	-159.99999999999602	incomplete_strict_phone_support_for_nine_point_cpps_trajectory
LA_T_6535416_0055	Interior_B	True	True	480.000000000004	479.99999999999034	
LA_T_6535416_0056	Boundary	True	False			official_v6_boundary_cpps_invalid_or_incomplete_support
LA_T_6535416_0056	Interior_A	True	True	480.000000000004	479.99999999999034	
LA_T_6535416_0056	Interior_B	True	True	240.0000000000091	239.99999999999545	
LA_T_6535416_0057	Boundary	True	False			official_v6_boundary_cpps_invalid_or_incomplete_support
LA_T_6535416_0057	Interior_A	True	True	240.0000000000091	239.99999999999545	
LA_T_6535416_0057	Interior_B	True	True	399.9999999999915	400.00000000000625	
LA_T_6535416_0061	Boundary	True	False			official_v6_boundary_cpps_invalid_or_incomplete_support
LA_T_6535416_0061	Interior_A	True	False	-79.9999999999983	-79.99999999999774	incomplete_strict_phone_support_for_nine_point_cpps_trajectory
LA_T_6535416_0061	Interior_B	True	False	-79.9999999999983	-79.99999999999774	incomplete_strict_phone_support_for_nine_point_cpps_trajectory
LA_T_6535416_0067	Boundary	True	True			
LA_T_6535416_0067	Interior_A	True	False	-159.9999999999966	-159.99999999999602	incomplete_strict_phone_support_for_nine_point_cpps_trajectory
LA_T_6535416_0067	Interior_B	True	False	-159.9999999999966	-160.00000000001023	incomplete_strict_phone_support_for_nine_point_cpps_trajectory
LA_T_6535416_0068	Boundary	True	True			
LA_T_6535416_0068	Interior_A	True	False	-159.9999999999966	-160.00000000001023	incomplete_strict_phone_support_for_nine_point_cpps_trajectory
LA_T_6535416_0068	Interior_B	True	False	-159.9999999999966	-159.99999999999602	incomplete_strict_phone_support_for_nine_point_cpps_trajectory
LA_T_6535416_0076	Boundary	True	False			official_v6_boundary_cpps_invalid_or_incomplete_support
LA_T_6535416_0076	Interior_A	True	True	79.9999999999983	79.99999999999885	
LA_T_6535416_0076	Interior_B	True	False	0.0	5.551115123125783e-13	incomplete_strict_phone_support_for_nine_point_cpps_trajectory
LA_T_6535416_0077	Boundary	True	False			official_v6_boundary_cpps_invalid_or_incomplete_support
LA_T_6535416_0077	Interior_A	True	False	0.0	5.551115123125783e-13	incomplete_strict_phone_support_for_nine_point_cpps_trajectory
LA_T_6535416_0077	Interior_B	True	False	-159.9999999999966	-159.99999999999602	incomplete_strict_phone_support_for_nine_point_cpps_trajectory
LA_T_6535416_0078	Boundary	True	False			official_v6_boundary_cpps_invalid_or_incomplete_support
LA_T_6535416_0078	Interior_A	True	False	-159.9999999999966	-159.99999999999602	incomplete_strict_phone_support_for_nine_point_cpps_trajectory
LA_T_6535416_0078	Interior_B	True	False	-79.9999999999983	-80.00000000001195	incomplete_strict_phone_support_for_nine_point_cpps_trajectory
LA_T_6535416_0079	Boundary	True	False			official_v6_boundary_cpps_invalid_or_incomplete_support
LA_T_6535416_0079	Interior_A	True	False	-79.9999999999983	-80.00000000001195	incomplete_strict_phone_support_for_nine_point_cpps_trajectory
LA_T_6535416_0079	Interior_B	True	False	-79.9999999999983	-79.99999999999774	incomplete_strict_phone_support_for_nine_point_cpps_trajectory
LA_T_6535416_0082	Boundary	True	True			
LA_T_6535416_0082	Interior_A	True	False	-79.9999999999983	-79.99999999999774	incomplete_strict_phone_support_for_nine_point_cpps_trajectory
LA_T_6535416_0082	Interior_B	True	False	-79.9999999999983	-79.99999999999774	incomplete_strict_phone_support_for_nine_point_cpps_trajectory
LA_T_6535416_0083	Boundary	True	True			
LA_T_6535416_0083	Interior_A	True	False	-79.9999999999983	-79.99999999999774	incomplete_strict_phone_support_for_nine_point_cpps_trajectory
LA_T_6535416_0083	Interior_B	True	False	-80.0000000000125	-79.99999999999774	incomplete_strict_phone_support_for_nine_point_cpps_trajectory
LA_T_6535416_0084	Boundary	True	True			
LA_T_6535416_0084	Interior_A	True	False	-80.0000000000125	-79.99999999999774	incomplete_strict_phone_support_for_nine_point_cpps_trajectory
LA_T_6535416_0084	Interior_B	True	False	-159.9999999999966	-159.99999999999602	incomplete_strict_phone_support_for_nine_point_cpps_trajectory
LA_T_6535416_0085	Boundary	True	True			
LA_T_6535416_0085	Interior_A	True	False	-159.9999999999966	-159.99999999999602	incomplete_strict_phone_support_for_nine_point_cpps_trajectory
LA_T_6535416_0085	Interior_B	True	True	79.9999999999983	79.99999999999885	
LA_T_6535416_0086	Boundary	True	True			
LA_T_6535416_0086	Interior_A	True	True	79.9999999999983	79.99999999999885	
LA_T_6535416_0086	Interior_B	True	False	-79.9999999999983	-79.99999999999774	incomplete_strict_phone_support_for_nine_point_cpps_trajectory
LA_T_6535416_0089	Boundary	True	True			
LA_T_6535416_0089	Interior_A	True	True	79.9999999999983	79.99999999999885	
LA_T_6535416_0089	Interior_B	True	False	-79.9999999999983	-79.99999999999774	incomplete_strict_phone_support_for_nine_point_cpps_trajectory
LA_T_6535416_0090	Boundary	True	True			
LA_T_6535416_0090	Interior_A	True	False	-79.9999999999983	-79.99999999999774	incomplete_strict_phone_support_for_nine_point_cpps_trajectory
LA_T_6535416_0090	Interior_B	True	False	0.0	5.551115123125783e-13	incomplete_strict_phone_support_for_nine_point_cpps_trajectory
LA_T_6535416_0095	Boundary	True	False			official_v6_boundary_cpps_invalid_or_incomplete_support
LA_T_6535416_0095	Interior_A	True	True	240.0000000000091	239.99999999999545	
LA_T_6535416_0095	Interior_B	True	True	560.0000000000307	559.9999999999886	
LA_T_6535966_0000	Boundary	True	False			official_v6_boundary_cpps_invalid_or_incomplete_support
LA_T_6535966_0000	Interior_A	True	True	720.0000000000024	719.9999999999994	
LA_T_6535966_0000	Interior_B	True	False	-160.00000000000014	-159.99999999999957	incomplete_strict_phone_support_for_nine_point_cpps_trajectory
LA_T_6535966_0001	Boundary	True	False			official_v6_boundary_cpps_invalid_or_incomplete_support
LA_T_6535966_0001	Interior_A	True	False	-160.00000000000014	-159.99999999999957	incomplete_strict_phone_support_for_nine_point_cpps_trajectory
LA_T_6535966_0001	Interior_B	True	False	-80.00000000000185	-80.0000000000013	incomplete_strict_phone_support_for_nine_point_cpps_trajectory
LA_T_6535966_0006	Boundary	True	True			
LA_T_6535966_0006	Interior_A	True	True	320.0000000000003	319.99999999999727	
LA_T_6535966_0006	Interior_B	True	False	-160.00000000000014	-159.99999999999957	incomplete_strict_phone_support_for_nine_point_cpps_trajectory
LA_T_6535966_0007	Boundary	True	True			
LA_T_6535966_0007	Interior_A	True	False	-160.00000000000014	-159.99999999999957	incomplete_strict_phone_support_for_nine_point_cpps_trajectory
LA_T_6535966_0007	Interior_B	True	False	-80.00000000000185	-79.99999999999774	incomplete_strict_phone_support_for_nine_point_cpps_trajectory
LA_T_6535966_0008	Boundary	True	True			
LA_T_6535966_0008	Interior_A	True	False	-80.00000000000185	-79.99999999999774	incomplete_strict_phone_support_for_nine_point_cpps_trajectory
LA_T_6535966_0008	Interior_B	True	True	79.9999999999983	79.99999999999885	
LA_T_6535966_0012	Boundary	True	True			
LA_T_6535966_0012	Interior_A	True	False	-3.552713678800501e-12	5.551115123125783e-13	incomplete_strict_phone_support_for_nine_point_cpps_trajectory
LA_T_6535966_0012	Interior_B	True	False	-159.9999999999966	-160.00000000000313	incomplete_strict_phone_support_for_nine_point_cpps_trajectory
LA_T_6535966_0015	Boundary	True	False			official_v6_boundary_cpps_invalid_or_incomplete_support
LA_T_6535966_0015	Interior_A	True	True	79.9999999999983	79.99999999999885	
LA_T_6535966_0015	Interior_B	True	True	240.000000000002	239.99999999999545	
LA_T_6535966_0018	Boundary	True	False			official_v6_boundary_cpps_invalid_or_incomplete_support
LA_T_6535966_0018	Interior_A	True	False	0.0	5.551115123125783e-13	incomplete_strict_phone_support_for_nine_point_cpps_trajectory
LA_T_6535966_0018	Interior_B	True	False	0.0	5.551115123125783e-13	incomplete_strict_phone_support_for_nine_point_cpps_trajectory
LA_T_6535966_0019	Boundary	True	False			official_v6_boundary_cpps_invalid_or_incomplete_support
LA_T_6535966_0019	Interior_A	True	False	0.0	5.551115123125783e-13	incomplete_strict_phone_support_for_nine_point_cpps_trajectory
LA_T_6535966_0019	Interior_B	True	False	-159.9999999999966	-160.00000000000313	incomplete_strict_phone_support_for_nine_point_cpps_trajectory
LA_T_6535966_0020	Boundary	True	True			
LA_T_6535966_0020	Interior_A	True	False	-159.9999999999966	-160.00000000000313	incomplete_strict_phone_support_for_nine_point_cpps_trajectory
LA_T_6535966_0020	Interior_B	True	True	160.0000000000037	159.99999999999716	
LA_T_6535966_0021	Boundary	True	True			
LA_T_6535966_0021	Interior_A	True	True	160.0000000000037	159.99999999999716	
LA_T_6535966_0021	Interior_B	True	False	-160.0000000000037	-160.00000000000313	incomplete_strict_phone_support_for_nine_point_cpps_trajectory
LA_T_6535966_0024	Boundary	True	True			
LA_T_6535966_0024	Interior_A	True	False	0.0	5.551115123125783e-13	incomplete_strict_phone_support_for_nine_point_cpps_trajectory
LA_T_6535966_0024	Interior_B	True	False	-79.9999999999983	-79.99999999999774	incomplete_strict_phone_support_for_nine_point_cpps_trajectory
LA_T_6535966_0025	Boundary	True	False			official_v6_boundary_cpps_invalid_or_incomplete_support
LA_T_6535966_0025	Interior_A	True	False	-79.9999999999983	-79.99999999999774	incomplete_strict_phone_support_for_nine_point_cpps_trajectory
LA_T_6535966_0025	Interior_B	True	False	-7.105427357601002e-12	5.551115123125783e-13	incomplete_strict_phone_support_for_nine_point_cpps_trajectory
LA_T_6535966_0026	Boundary	True	False			official_v6_boundary_cpps_invalid_or_incomplete_support
LA_T_6535966_0026	Interior_A	True	False	-7.105427357601002e-12	5.551115123125783e-13	incomplete_strict_phone_support_for_nine_point_cpps_trajectory
LA_T_6535966_0026	Interior_B	True	False	0.0	5.551115123125783e-13	incomplete_strict_phone_support_for_nine_point_cpps_trajectory
LA_T_6535966_0027	Boundary	True	True			
LA_T_6535966_0027	Interior_A	True	False	0.0	5.551115123125783e-13	incomplete_strict_phone_support_for_nine_point_cpps_trajectory
LA_T_6535966_0027	Interior_B	True	False	-79.9999999999983	-79.99999999999774	incomplete_strict_phone_support_for_nine_point_cpps_trajectory
LA_T_6535966_0030	Boundary	True	False			official_v6_boundary_cpps_invalid_or_incomplete_support
LA_T_6535966_0030	Interior_A	True	True	79.9999999999983	79.99999999999885	
LA_T_6535966_0030	Interior_B	True	False	0.0	5.551115123125783e-13	incomplete_strict_phone_support_for_nine_point_cpps_trajectory
LA_T_6535966_0031	Boundary	True	False			official_v6_boundary_cpps_invalid_or_incomplete_support
LA_T_6535966_0031	Interior_A	True	False	0.0	5.551115123125783e-13	incomplete_strict_phone_support_for_nine_point_cpps_trajectory
LA_T_6535966_0031	Interior_B	True	False	0.0	5.551115123125783e-13	incomplete_strict_phone_support_for_nine_point_cpps_trajectory
LA_T_6535966_0035	Boundary	True	True			
LA_T_6535966_0035	Interior_A	True	False	0.0	5.551115123125783e-13	incomplete_strict_phone_support_for_nine_point_cpps_trajectory
LA_T_6535966_0035	Interior_B	True	False	-160.0000000000037	-159.99999999999602	incomplete_strict_phone_support_for_nine_point_cpps_trajectory
LA_T_6535966_0036	Boundary	True	True			
LA_T_6535966_0036	Interior_A	True	False	-160.0000000000037	-159.99999999999602	incomplete_strict_phone_support_for_nine_point_cpps_trajectory
LA_T_6535966_0036	Interior_B	True	True	79.9999999999983	79.99999999999885	
LA_T_6535966_0037	Boundary	True	True			
LA_T_6535966_0037	Interior_A	True	True	79.9999999999983	79.99999999999885	
LA_T_6535966_0037	Interior_B	True	False	-79.9999999999983	-80.00000000000485	incomplete_strict_phone_support_for_nine_point_cpps_trajectory
LA_T_6535966_0038	Boundary	True	True			
LA_T_6535966_0038	Interior_A	True	False	-79.9999999999983	-80.00000000000485	incomplete_strict_phone_support_for_nine_point_cpps_trajectory
LA_T_6535966_0038	Interior_B	True	False	-159.9999999999966	-160.00000000000313	incomplete_strict_phone_support_for_nine_point_cpps_trajectory
LA_T_6535966_0039	Boundary	True	False			official_v6_boundary_cpps_invalid_or_incomplete_support
LA_T_6535966_0039	Interior_A	True	False	-159.9999999999966	-160.00000000000313	incomplete_strict_phone_support_for_nine_point_cpps_trajectory
LA_T_6535966_0039	Interior_B	True	False	0.0	5.551115123125783e-13	incomplete_strict_phone_support_for_nine_point_cpps_trajectory
LA_T_6535966_0042	Boundary	True	False			official_v6_boundary_cpps_invalid_or_incomplete_support
LA_T_6535966_0042	Interior_A	True	True	159.9999999999966	159.99999999999716	
LA_T_6535966_0042	Interior_B	True	False	0.0	5.551115123125783e-13	incomplete_strict_phone_support_for_nine_point_cpps_trajectory
LA_T_6535966_0043	Boundary	True	False			official_v6_boundary_cpps_invalid_or_incomplete_support
LA_T_6535966_0043	Interior_A	True	False	0.0	5.551115123125783e-13	incomplete_strict_phone_support_for_nine_point_cpps_trajectory
LA_T_6535966_0043	Interior_B	True	False	-159.9999999999966	-160.00000000001023	incomplete_strict_phone_support_for_nine_point_cpps_trajectory
LA_T_6535966_0044	Boundary	True	True			
LA_T_6535966_0044	Interior_A	True	False	-159.9999999999966	-160.00000000001023	incomplete_strict_phone_support_for_nine_point_cpps_trajectory
LA_T_6535966_0044	Interior_B	True	False	-159.9999999999966	-159.99999999999602	incomplete_strict_phone_support_for_nine_point_cpps_trajectory
LA_T_6535966_0045	Boundary	True	False			official_v6_boundary_cpps_invalid_or_incomplete_support
LA_T_6535966_0045	Interior_A	True	False	-159.9999999999966	-159.99999999999602	incomplete_strict_phone_support_for_nine_point_cpps_trajectory
LA_T_6535966_0045	Interior_B	True	False	-160.0000000000108	-159.99999999999602	incomplete_strict_phone_support_for_nine_point_cpps_trajectory
LA_T_6535966_0050	Boundary	True	True			
LA_T_6535966_0050	Interior_A	True	True	399.9999999999915	400.00000000000625	
LA_T_6535966_0050	Interior_B	True	False	-159.9999999999966	-160.00000000001023	incomplete_strict_phone_support_for_nine_point_cpps_trajectory
LA_T_6535966_0051	Boundary	True	True			
LA_T_6535966_0051	Interior_A	True	False	-159.9999999999966	-160.00000000001023	incomplete_strict_phone_support_for_nine_point_cpps_trajectory
LA_T_6535966_0051	Interior_B	True	False	0.0	5.551115123125783e-13	incomplete_strict_phone_support_for_nine_point_cpps_trajectory
LA_T_6535966_0052	Boundary	True	True			
LA_T_6535966_0052	Interior_A	True	False	0.0	5.551115123125783e-13	incomplete_strict_phone_support_for_nine_point_cpps_trajectory
LA_T_6535966_0052	Interior_B	True	True	640.0000000000006	640.0000000000011	
LA_T_6535966_0053	Boundary	True	True			
LA_T_6535966_0053	Interior_A	True	True	640.0000000000006	640.0000000000011	
LA_T_6535966_0053	Interior_B	True	True	159.9999999999966	159.99999999999716	
LA_T_6540524_0002	Boundary	True	False			official_v6_boundary_cpps_invalid_or_incomplete_support
LA_T_6540524_0002	Interior_A	True	False	-80.00000000000097	-79.99999999999862	incomplete_strict_phone_support_for_nine_point_cpps_trajectory
LA_T_6540524_0002	Interior_B	True	True	79.99999999999918	80.00000000000063	
LA_T_6540524_0003	Boundary	True	False			official_v6_boundary_cpps_invalid_or_incomplete_support
LA_T_6540524_0003	Interior_A	True	True	79.99999999999918	80.00000000000063	
LA_T_6540524_0003	Interior_B	True	False	-80.00000000000007	-79.99999999999952	incomplete_strict_phone_support_for_nine_point_cpps_trajectory
LA_T_6540524_0004	Boundary	True	True			
LA_T_6540524_0004	Interior_A	True	False	-80.00000000000007	-79.99999999999952	incomplete_strict_phone_support_for_nine_point_cpps_trajectory
LA_T_6540524_0004	Interior_B	True	True	319.9999999999985	320.00000000000085	
LA_T_6540524_0007	Boundary	True	True			
LA_T_6540524_0007	Interior_A	True	True	80.00000000000007	80.00000000000063	
LA_T_6540524_0007	Interior_B	True	True	79.9999999999983	80.00000000000063	
LA_T_6540524_0008	Boundary	True	True			
LA_T_6540524_0008	Interior_A	True	True	79.9999999999983	80.00000000000063	
LA_T_6540524_0008	Interior_B	True	False	-80.00000000000185	-79.99999999999774	incomplete_strict_phone_support_for_nine_point_cpps_trajectory
LA_T_6540524_0009	Boundary	True	True			
LA_T_6540524_0009	Interior_A	True	False	-80.00000000000185	-79.99999999999774	incomplete_strict_phone_support_for_nine_point_cpps_trajectory
LA_T_6540524_0009	Interior_B	True	False	-160.00000000000014	-160.00000000000313	incomplete_strict_phone_support_for_nine_point_cpps_trajectory
LA_T_6540524_0011	Boundary	True	False			official_v6_boundary_cpps_invalid_or_incomplete_support
LA_T_6540524_0011	Interior_A	True	False	0.0	5.551115123125783e-13	incomplete_strict_phone_support_for_nine_point_cpps_trajectory
LA_T_6540524_0011	Interior_B	True	False	-79.9999999999983	-80.0000000000013	incomplete_strict_phone_support_for_nine_point_cpps_trajectory
LA_T_6540524_0014	Boundary	True	True			
LA_T_6540524_0014	Interior_A	True	True	159.9999999999966	160.0000000000007	
LA_T_6540524_0014	Interior_B	True	True	240.000000000002	239.999999999999	
LA_T_6540524_0017	Boundary	True	False			official_v6_boundary_cpps_invalid_or_incomplete_support
LA_T_6540524_0017	Interior_A	True	True	79.9999999999983	79.99999999999885	
LA_T_6540524_0017	Interior_B	True	False	-79.9999999999983	-80.0000000000013	incomplete_strict_phone_support_for_nine_point_cpps_trajectory
LA_T_6540524_0018	Boundary	True	False			official_v6_boundary_cpps_invalid_or_incomplete_support
LA_T_6540524_0018	Interior_A	True	False	-79.9999999999983	-80.0000000000013	incomplete_strict_phone_support_for_nine_point_cpps_trajectory
LA_T_6540524_0018	Interior_B	True	True	640.0000000000006	639.9999999999976	
LA_T_6540524_0019	Boundary	True	False			official_v6_boundary_cpps_invalid_or_incomplete_support
LA_T_6540524_0019	Interior_A	True	True	640.0000000000006	639.9999999999976	
LA_T_6540524_0019	Interior_B	True	True	879.999999999999	880.0000000000031	
LA_T_6541154_0000	Boundary	True	False			official_v6_boundary_cpps_invalid_or_incomplete_support
LA_T_6541154_0000	Interior_A	True	True	320.0000000000003	319.99999999999727	
LA_T_6541154_0000	Interior_B	True	True	240.000000000002	239.999999999999	
LA_T_6541154_0001	Boundary	True	True			
LA_T_6541154_0001	Interior_A	True	True	240.000000000002	239.999999999999	
LA_T_6541154_0001	Interior_B	True	True	80.00000000000185	79.99999999999885	
LA_T_6541154_0003	Boundary	True	True			
LA_T_6541154_0003	Interior_A	True	False	-160.0000000000037	-159.99999999999957	incomplete_strict_phone_support_for_nine_point_cpps_trajectory
LA_T_6541154_0003	Interior_B	True	True	719.9999999999989	720.000000000003	
LA_T_6541154_0009	Boundary	True	True			
LA_T_6541154_0009	Interior_A	True	False	0.0	5.551115123125783e-13	incomplete_strict_phone_support_for_nine_point_cpps_trajectory
LA_T_6541154_0009	Interior_B	True	True	240.000000000002	239.99999999999545	
LA_T_6541154_0012	Boundary	True	True			
LA_T_6541154_0012	Interior_A	True	True	320.0000000000003	319.99999999999375	
LA_T_6541154_0012	Interior_B	True	False	-79.9999999999983	-79.99999999999774	incomplete_strict_phone_support_for_nine_point_cpps_trajectory
LA_T_6541154_0015	Boundary	True	True			
LA_T_6541154_0015	Interior_A	True	False	0.0	5.551115123125783e-13	incomplete_strict_phone_support_for_nine_point_cpps_trajectory
LA_T_6541154_0015	Interior_B	True	False	-160.0000000000037	-159.99999999999602	incomplete_strict_phone_support_for_nine_point_cpps_trajectory
LA_T_6541154_0016	Boundary	True	False			official_v6_boundary_cpps_invalid_or_incomplete_support
LA_T_6541154_0016	Interior_A	True	False	-160.0000000000037	-159.99999999999602	incomplete_strict_phone_support_for_nine_point_cpps_trajectory
LA_T_6541154_0016	Interior_B	True	False	0.0	5.551115123125783e-13	incomplete_strict_phone_support_for_nine_point_cpps_trajectory
LA_T_6541154_0021	Boundary	True	True			
LA_T_6541154_0021	Interior_A	True	False	0.0	5.551115123125783e-13	incomplete_strict_phone_support_for_nine_point_cpps_trajectory
LA_T_6541154_0021	Interior_B	True	True	79.9999999999983	80.00000000000595	
LA_T_6541154_0022	Boundary	True	True			
LA_T_6541154_0022	Interior_A	True	True	79.9999999999983	80.00000000000595	
LA_T_6541154_0022	Interior_B	True	False	-160.0000000000037	-160.00000000000313	incomplete_strict_phone_support_for_nine_point_cpps_trajectory
LA_T_6541154_0023	Boundary	True	True			
LA_T_6541154_0023	Interior_A	True	False	-160.0000000000037	-160.00000000000313	incomplete_strict_phone_support_for_nine_point_cpps_trajectory
LA_T_6541154_0023	Interior_B	True	False	-159.9999999999966	-160.00000000000313	incomplete_strict_phone_support_for_nine_point_cpps_trajectory
LA_T_6541154_0024	Boundary	True	True			
LA_T_6541154_0024	Interior_A	True	False	-159.9999999999966	-160.00000000000313	incomplete_strict_phone_support_for_nine_point_cpps_trajectory
LA_T_6541154_0024	Interior_B	True	True	79.9999999999983	80.00000000000595	
LA_T_6541154_0027	Boundary	True	False			official_v6_boundary_cpps_invalid_or_incomplete_support
LA_T_6541154_0027	Interior_A	True	True	159.9999999999966	160.00000000000426	
LA_T_6541154_0027	Interior_B	True	True	79.9999999999983	79.99999999999885	
LA_T_6541154_0028	Boundary	True	False			official_v6_boundary_cpps_invalid_or_incomplete_support
LA_T_6541154_0028	Interior_A	True	True	79.9999999999983	79.99999999999885	
LA_T_6541154_0028	Interior_B	True	True	640.0000000000006	640.0000000000011	
LA_T_6542557_0006	Boundary	True	True			
LA_T_6542557_0006	Interior_A	True	True	400.00000000000034	399.99999999999915	
LA_T_6542557_0006	Interior_B	True	False	0.0	5.551115123125783e-13	incomplete_strict_phone_support_for_nine_point_cpps_trajectory
LA_T_6542557_0007	Boundary	True	False			official_v6_boundary_cpps_invalid_or_incomplete_support
LA_T_6542557_0007	Interior_A	True	False	0.0	5.551115123125783e-13	incomplete_strict_phone_support_for_nine_point_cpps_trajectory
LA_T_6542557_0007	Interior_B	True	False	-80.00000000000007	-80.0000000000013	incomplete_strict_phone_support_for_nine_point_cpps_trajectory
LA_T_6542557_0012	Boundary	True	True			
LA_T_6542557_0012	Interior_A	True	False	-80.00000000000007	-80.0000000000013	incomplete_strict_phone_support_for_nine_point_cpps_trajectory
LA_T_6542557_0012	Interior_B	True	True	240.00000000000023	240.00000000000077	
LA_T_6542557_0015	Boundary	True	True			
LA_T_6542557_0015	Interior_A	True	False	-80.00000000000185	-80.0000000000013	incomplete_strict_phone_support_for_nine_point_cpps_trajectory
LA_T_6542557_0015	Interior_B	True	False	-160.00000000000014	-159.99999999999957	incomplete_strict_phone_support_for_nine_point_cpps_trajectory
LA_T_6542557_0025	Boundary	True	True			
LA_T_6542557_0025	Interior_A	True	True	480.00000000000045	480.00000000000097	
LA_T_6542557_0025	Interior_B	True	False	-160.00000000000014	-160.00000000000313	incomplete_strict_phone_support_for_nine_point_cpps_trajectory
LA_T_6542557_0029	Boundary	True	True			
LA_T_6542557_0029	Interior_A	True	True	80.0000000000054	79.99999999999885	
LA_T_6542557_0029	Interior_B	True	False	-159.9999999999966	-160.00000000000313	incomplete_strict_phone_support_for_nine_point_cpps_trajectory
LA_T_6542557_0030	Boundary	True	False			official_v6_boundary_cpps_invalid_or_incomplete_support
LA_T_6542557_0030	Interior_A	True	False	-159.9999999999966	-160.00000000000313	incomplete_strict_phone_support_for_nine_point_cpps_trajectory
LA_T_6542557_0030	Interior_B	True	True	320.0000000000003	319.99999999999375	
LA_T_6542557_0033	Boundary	True	False			official_v6_boundary_cpps_invalid_or_incomplete_support
LA_T_6542557_0033	Interior_A	True	False	0.0	5.551115123125783e-13	incomplete_strict_phone_support_for_nine_point_cpps_trajectory
LA_T_6542557_0033	Interior_B	True	True	320.0000000000003	319.99999999999375	
LA_T_6542557_0038	Boundary	True	True			
LA_T_6542557_0038	Interior_A	True	False	-160.0000000000037	-159.99999999999602	incomplete_strict_phone_support_for_nine_point_cpps_trajectory
LA_T_6542557_0038	Interior_B	True	False	-159.9999999999966	-160.00000000000313	incomplete_strict_phone_support_for_nine_point_cpps_trajectory
LA_T_6542557_0039	Boundary	True	True			
LA_T_6542557_0039	Interior_A	True	False	-159.9999999999966	-160.00000000000313	incomplete_strict_phone_support_for_nine_point_cpps_trajectory
LA_T_6542557_0039	Interior_B	True	False	-160.0000000000037	-159.99999999999602	incomplete_strict_phone_support_for_nine_point_cpps_trajectory
LA_T_6542557_0040	Boundary	True	True			
LA_T_6542557_0040	Interior_A	True	False	-160.0000000000037	-159.99999999999602	incomplete_strict_phone_support_for_nine_point_cpps_trajectory
LA_T_6542557_0040	Interior_B	True	False	-160.0000000000037	-160.00000000000313	incomplete_strict_phone_support_for_nine_point_cpps_trajectory
LA_T_6542557_0041	Boundary	True	False			official_v6_boundary_cpps_invalid_or_incomplete_support
LA_T_6542557_0041	Interior_A	True	False	-160.0000000000037	-160.00000000000313	incomplete_strict_phone_support_for_nine_point_cpps_trajectory
LA_T_6542557_0041	Interior_B	True	True	160.0000000000037	159.99999999999716	
LA_T_6542557_0044	Boundary	True	False			official_v6_boundary_cpps_invalid_or_incomplete_support
LA_T_6542557_0044	Interior_A	True	False	-79.9999999999983	-79.99999999999774	incomplete_strict_phone_support_for_nine_point_cpps_trajectory
LA_T_6542557_0044	Interior_B	True	False	-7.105427357601002e-12	5.551115123125783e-13	incomplete_strict_phone_support_for_nine_point_cpps_trajectory
LA_T_6542557_0047	Boundary	True	True			
LA_T_6542557_0047	Interior_A	True	False	-80.0000000000054	-79.99999999999774	incomplete_strict_phone_support_for_nine_point_cpps_trajectory
LA_T_6542557_0047	Interior_B	True	True	160.0000000000037	159.99999999999716	
LA_T_6542557_0053	Boundary	True	True			
LA_T_6542557_0053	Interior_A	True	True	79.9999999999983	79.99999999999885	
LA_T_6542557_0053	Interior_B	True	True	320.0000000000003	320.00000000000085	
LA_T_6542622_0001	Boundary	True	False			official_v6_boundary_cpps_invalid_or_incomplete_support
LA_T_6542622_0001	Interior_A	True	True	79.99999999999918	80.00000000000152	
LA_T_6542622_0001	Interior_B	True	False	-80.00000000000007	-79.99999999999952	incomplete_strict_phone_support_for_nine_point_cpps_trajectory
LA_T_6542622_0008	Boundary	True	True			
LA_T_6542622_0008	Interior_A	True	False	-160.00000000000014	-159.99999999999957	incomplete_strict_phone_support_for_nine_point_cpps_trajectory
LA_T_6542622_0008	Interior_B	True	True	239.99999999999844	240.00000000000077	
LA_T_6542622_0011	Boundary	True	True			
LA_T_6542622_0011	Interior_A	True	False	-160.00000000000193	-159.99999999999957	incomplete_strict_phone_support_for_nine_point_cpps_trajectory
LA_T_6542622_0011	Interior_B	True	False	-160.00000000000014	-159.99999999999957	incomplete_strict_phone_support_for_nine_point_cpps_trajectory
LA_T_6542622_0019	Boundary	True	True			
LA_T_6542622_0019	Interior_A	True	False	-80.00000000000185	-79.99999999999774	incomplete_strict_phone_support_for_nine_point_cpps_trajectory
LA_T_6542622_0019	Interior_B	True	False	0.0	5.551115123125783e-13	incomplete_strict_phone_support_for_nine_point_cpps_trajectory
LA_T_6542622_0020	Boundary	True	False			official_v6_boundary_cpps_invalid_or_incomplete_support
LA_T_6542622_0020	Interior_A	True	False	0.0	5.551115123125783e-13	incomplete_strict_phone_support_for_nine_point_cpps_trajectory
LA_T_6542622_0020	Interior_B	True	False	-160.00000000000014	-159.99999999999957	incomplete_strict_phone_support_for_nine_point_cpps_trajectory
LA_T_6542622_0021	Boundary	True	False			official_v6_boundary_cpps_invalid_or_incomplete_support
LA_T_6542622_0021	Interior_A	True	False	-160.00000000000014	-159.99999999999957	incomplete_strict_phone_support_for_nine_point_cpps_trajectory
LA_T_6542622_0021	Interior_B	True	False	-80.00000000000185	-80.0000000000013	incomplete_strict_phone_support_for_nine_point_cpps_trajectory
LA_T_6542622_0026	Boundary	True	False			official_v6_boundary_cpps_invalid_or_incomplete_support
LA_T_6542622_0026	Interior_A	True	True	320.0000000000003	319.99999999999727	
LA_T_6542622_0026	Interior_B	True	True	80.00000000000185	79.99999999999885	
LA_T_6542622_0027	Boundary	True	True			
LA_T_6542622_0027	Interior_A	True	True	80.00000000000185	79.99999999999885	
LA_T_6542622_0027	Interior_B	True	True	79.9999999999983	79.99999999999885	
LA_T_6542622_0028	Boundary	True	False			official_v6_boundary_cpps_invalid_or_incomplete_support
LA_T_6542622_0028	Interior_A	True	True	79.9999999999983	79.99999999999885	
LA_T_6542622_0028	Interior_B	True	False	-79.9999999999983	-79.99999999999774	incomplete_strict_phone_support_for_nine_point_cpps_trajectory
LA_T_6542622_0029	Boundary	True	False			official_v6_boundary_cpps_invalid_or_incomplete_support
LA_T_6542622_0029	Interior_A	True	False	-79.9999999999983	-79.99999999999774	incomplete_strict_phone_support_for_nine_point_cpps_trajectory
LA_T_6542622_0029	Interior_B	True	False	-160.0000000000037	-159.99999999999602	incomplete_strict_phone_support_for_nine_point_cpps_trajectory
LA_T_6542622_0033	Boundary	True	False			official_v6_boundary_cpps_invalid_or_incomplete_support
LA_T_6542622_0033	Interior_A	True	True	240.000000000002	240.00000000000256	
LA_T_6542622_0033	Interior_B	True	False	-160.0000000000037	-160.00000000000313	incomplete_strict_phone_support_for_nine_point_cpps_trajectory
LA_T_6542622_0034	Boundary	True	False			official_v6_boundary_cpps_invalid_or_incomplete_support
LA_T_6542622_0034	Interior_A	True	False	-160.0000000000037	-160.00000000000313	incomplete_strict_phone_support_for_nine_point_cpps_trajectory
LA_T_6542622_0034	Interior_B	True	False	-79.9999999999983	-79.99999999999774	incomplete_strict_phone_support_for_nine_point_cpps_trajectory
LA_T_6542622_0039	Boundary	True	True			
LA_T_6542622_0039	Interior_A	True	False	0.0	5.551115123125783e-13	incomplete_strict_phone_support_for_nine_point_cpps_trajectory
LA_T_6542622_0039	Interior_B	True	False	-79.9999999999983	-79.99999999999774	incomplete_strict_phone_support_for_nine_point_cpps_trajectory
LA_T_6542622_0040	Boundary	True	True			
LA_T_6542622_0040	Interior_A	True	False	-79.9999999999983	-79.99999999999774	incomplete_strict_phone_support_for_nine_point_cpps_trajectory
LA_T_6542622_0040	Interior_B	True	False	-160.0000000000037	-159.99999999999602	incomplete_strict_phone_support_for_nine_point_cpps_trajectory
LA_T_6542622_0041	Boundary	True	True			
LA_T_6542622_0041	Interior_A	True	False	-160.0000000000037	-159.99999999999602	incomplete_strict_phone_support_for_nine_point_cpps_trajectory
LA_T_6542622_0041	Interior_B	True	True	159.9999999999966	159.99999999999716	
LA_T_6542622_0044	Boundary	True	True			
LA_T_6542622_0044	Interior_A	True	False	-79.9999999999983	-79.99999999999774	incomplete_strict_phone_support_for_nine_point_cpps_trajectory
LA_T_6542622_0044	Interior_B	True	False	-79.9999999999983	-80.00000000000485	incomplete_strict_phone_support_for_nine_point_cpps_trajectory
LA_T_6542622_0045	Boundary	True	True			
LA_T_6542622_0045	Interior_A	True	False	-79.9999999999983	-80.00000000000485	incomplete_strict_phone_support_for_nine_point_cpps_trajectory
LA_T_6542622_0045	Interior_B	True	False	-160.0000000000037	-159.99999999999602	incomplete_strict_phone_support_for_nine_point_cpps_trajectory
LA_T_6542622_0049	Boundary	True	False			official_v6_boundary_cpps_invalid_or_incomplete_support
LA_T_6542622_0049	Interior_A	True	False	-159.9999999999966	-160.00000000000313	incomplete_strict_phone_support_for_nine_point_cpps_trajectory
LA_T_6542622_0049	Interior_B	True	True	79.9999999999983	79.99999999999885	
LA_T_6542622_0052	Boundary	True	True			
LA_T_6542622_0052	Interior_A	True	False	-159.9999999999966	-160.00000000000313	incomplete_strict_phone_support_for_nine_point_cpps_trajectory
LA_T_6542622_0052	Interior_B	True	True	240.000000000002	239.99999999999545	
LA_T_6542622_0053	Boundary	True	True			
LA_T_6542622_0053	Interior_A	True	True	240.000000000002	239.99999999999545	
LA_T_6542622_0053	Interior_B	True	False	-159.9999999999966	-160.00000000000313	incomplete_strict_phone_support_for_nine_point_cpps_trajectory
LA_T_6542622_0058	Boundary	True	False			official_v6_boundary_cpps_invalid_or_incomplete_support
LA_T_6542622_0058	Interior_A	True	False	-79.9999999999983	-80.00000000001195	incomplete_strict_phone_support_for_nine_point_cpps_trajectory
LA_T_6542622_0058	Interior_B	True	True	320.0000000000074	319.99999999999375	
LA_T_6542622_0059	Boundary	True	False			official_v6_boundary_cpps_invalid_or_incomplete_support
LA_T_6542622_0059	Interior_A	True	True	320.0000000000074	319.99999999999375	
LA_T_6542622_0059	Interior_B	True	False	-159.9999999999966	-159.99999999999602	incomplete_strict_phone_support_for_nine_point_cpps_trajectory
LA_T_6542622_0060	Boundary	True	False			official_v6_boundary_cpps_invalid_or_incomplete_support
LA_T_6542622_0060	Interior_A	True	False	-159.9999999999966	-159.99999999999602	incomplete_strict_phone_support_for_nine_point_cpps_trajectory
LA_T_6542622_0060	Interior_B	True	True	159.9999999999966	159.99999999999716	
LA_T_6542622_0061	Boundary	True	False			official_v6_boundary_cpps_invalid_or_incomplete_support
LA_T_6542622_0061	Interior_A	True	True	159.9999999999966	159.99999999999716	
LA_T_6542622_0061	Interior_B	True	True	79.9999999999983	79.99999999999885	
LA_T_6542622_0062	Boundary	True	False			official_v6_boundary_cpps_invalid_or_incomplete_support
LA_T_6542622_0062	Interior_A	True	True	79.9999999999983	79.99999999999885	
LA_T_6542622_0062	Interior_B	True	True	79.9999999999983	79.99999999999885	
LA_T_6542622_0063	Boundary	True	True			
LA_T_6542622_0063	Interior_A	True	True	79.9999999999983	79.99999999999885	
LA_T_6542622_0063	Interior_B	True	True	240.0000000000091	239.99999999999545	
LA_T_6544551_0004	Boundary	True	True			
LA_T_6544551_0004	Interior_A	True	False	-80.00000000000185	-80.0000000000013	incomplete_strict_phone_support_for_nine_point_cpps_trajectory
LA_T_6544551_0004	Interior_B	True	True	160.00000000000014	160.0000000000007	
LA_T_6544551_0005	Boundary	True	False			official_v6_boundary_cpps_invalid_or_incomplete_support
LA_T_6544551_0005	Interior_A	True	True	160.00000000000014	160.0000000000007	
LA_T_6544551_0005	Interior_B	True	True	79.9999999999983	79.99999999999885	
LA_T_6544551_0006	Boundary	True	False			official_v6_boundary_cpps_invalid_or_incomplete_support
LA_T_6544551_0006	Interior_A	True	True	79.9999999999983	79.99999999999885	
LA_T_6544551_0006	Interior_B	True	False	-160.00000000000014	-159.99999999999957	incomplete_strict_phone_support_for_nine_point_cpps_trajectory
LA_T_6544551_0012	Boundary	True	True			
LA_T_6544551_0012	Interior_A	True	True	240.000000000002	239.99999999999545	
LA_T_6544551_0012	Interior_B	True	True	160.0000000000037	159.99999999999716	
LA_T_6544551_0013	Boundary	True	True			
LA_T_6544551_0013	Interior_A	True	True	160.0000000000037	159.99999999999716	
LA_T_6544551_0013	Interior_B	True	True	79.9999999999983	80.00000000000595	
LA_T_6544551_0016	Boundary	True	False			official_v6_boundary_cpps_invalid_or_incomplete_support
LA_T_6544551_0016	Interior_A	True	True	399.9999999999986	399.99999999999915	
LA_T_6544551_0016	Interior_B	True	True	320.0000000000003	320.00000000000085	
LA_T_6544551_0017	Boundary	True	True			
LA_T_6544551_0017	Interior_A	True	True	320.0000000000003	320.00000000000085	
LA_T_6544551_0017	Interior_B	True	False	-79.9999999999983	-80.00000000000485	incomplete_strict_phone_support_for_nine_point_cpps_trajectory
LA_T_6544551_0018	Boundary	True	False			official_v6_boundary_cpps_invalid_or_incomplete_support
LA_T_6544551_0018	Interior_A	True	False	-79.9999999999983	-80.00000000000485	incomplete_strict_phone_support_for_nine_point_cpps_trajectory
LA_T_6544551_0018	Interior_B	True	False	-79.9999999999983	-79.99999999999774	incomplete_strict_phone_support_for_nine_point_cpps_trajectory
LA_T_6544551_0019	Boundary	True	False			official_v6_boundary_cpps_invalid_or_incomplete_support
LA_T_6544551_0019	Interior_A	True	False	-79.9999999999983	-79.99999999999774	incomplete_strict_phone_support_for_nine_point_cpps_trajectory
LA_T_6544551_0019	Interior_B	True	False	-160.0000000000037	-159.99999999999602	incomplete_strict_phone_support_for_nine_point_cpps_trajectory
LA_T_6544551_0020	Boundary	True	True			
LA_T_6544551_0020	Interior_A	True	False	-160.0000000000037	-159.99999999999602	incomplete_strict_phone_support_for_nine_point_cpps_trajectory
LA_T_6544551_0020	Interior_B	True	True	79.9999999999983	79.99999999999885	
LA_T_6544834_0000	Boundary	True	False			official_v6_boundary_cpps_invalid_or_incomplete_support
LA_T_6544834_0000	Interior_A	True	True	320.0000000000003	319.99999999999994	
LA_T_6544834_0000	Interior_B	True	False	-160.00000000000014	-159.99999999999957	incomplete_strict_phone_support_for_nine_point_cpps_trajectory
LA_T_6544834_0004	Boundary	True	True			
LA_T_6544834_0004	Interior_A	True	False	-80.00000000000007	-79.99999999999952	incomplete_strict_phone_support_for_nine_point_cpps_trajectory
LA_T_6544834_0004	Interior_B	True	False	-1.7763568394002505e-12	5.551115123125783e-13	incomplete_strict_phone_support_for_nine_point_cpps_trajectory
LA_T_6544834_0005	Boundary	True	True			
LA_T_6544834_0005	Interior_A	True	False	-1.7763568394002505e-12	5.551115123125783e-13	incomplete_strict_phone_support_for_nine_point_cpps_trajectory
LA_T_6544834_0005	Interior_B	True	True	80.00000000000007	80.00000000000063	
LA_T_6544834_0015	Boundary	True	False			official_v6_boundary_cpps_invalid_or_incomplete_support
LA_T_6544834_0015	Interior_A	True	True	79.9999999999983	80.0000000000024	
LA_T_6544834_0015	Interior_B	True	False	-160.00000000000014	-159.99999999999957	incomplete_strict_phone_support_for_nine_point_cpps_trajectory
LA_T_6544834_0016	Boundary	True	False			official_v6_boundary_cpps_invalid_or_incomplete_support
LA_T_6544834_0016	Interior_A	True	False	-160.00000000000014	-159.99999999999957	incomplete_strict_phone_support_for_nine_point_cpps_trajectory
LA_T_6544834_0016	Interior_B	True	False	-80.00000000000185	-80.0000000000013	incomplete_strict_phone_support_for_nine_point_cpps_trajectory
LA_T_6544834_0017	Boundary	True	False			official_v6_boundary_cpps_invalid_or_incomplete_support
LA_T_6544834_0017	Interior_A	True	False	-80.00000000000185	-80.0000000000013	incomplete_strict_phone_support_for_nine_point_cpps_trajectory
LA_T_6544834_0017	Interior_B	True	False	-79.9999999999983	-80.0000000000013	incomplete_strict_phone_support_for_nine_point_cpps_trajectory
LA_T_6544834_0022	Boundary	True	True			
LA_T_6544834_0022	Interior_A	True	True	79.9999999999983	80.0000000000024	
LA_T_6544834_0022	Interior_B	True	False	-160.00000000000014	-159.99999999999957	incomplete_strict_phone_support_for_nine_point_cpps_trajectory
LA_T_6544834_0023	Boundary	True	True			
LA_T_6544834_0023	Interior_A	True	False	-160.00000000000014	-159.99999999999957	incomplete_strict_phone_support_for_nine_point_cpps_trajectory
LA_T_6544834_0023	Interior_B	True	True	79.9999999999983	80.0000000000024	
LA_T_6544834_0027	Boundary	True	False			official_v6_boundary_cpps_invalid_or_incomplete_support
LA_T_6544834_0027	Interior_A	True	False	-80.00000000000185	-79.99999999999774	incomplete_strict_phone_support_for_nine_point_cpps_trajectory
LA_T_6544834_0027	Interior_B	True	False	-79.9999999999983	-80.00000000000485	incomplete_strict_phone_support_for_nine_point_cpps_trajectory
LA_T_6544834_0028	Boundary	True	True			
LA_T_6544834_0028	Interior_A	True	False	-79.9999999999983	-80.00000000000485	incomplete_strict_phone_support_for_nine_point_cpps_trajectory
LA_T_6544834_0028	Interior_B	True	False	-159.9999999999966	-160.00000000000313	incomplete_strict_phone_support_for_nine_point_cpps_trajectory
LA_T_6544834_0043	Boundary	True	False			official_v6_boundary_cpps_invalid_or_incomplete_support
LA_T_6544834_0043	Interior_A	True	False	-159.9999999999966	-160.00000000000313	incomplete_strict_phone_support_for_nine_point_cpps_trajectory
LA_T_6544834_0043	Interior_B	True	False	-160.0000000000037	-159.99999999999602	incomplete_strict_phone_support_for_nine_point_cpps_trajectory
LA_T_6544834_0047	Boundary	True	False			official_v6_boundary_cpps_invalid_or_incomplete_support
LA_T_6544834_0047	Interior_A	True	False	-79.9999999999983	-80.00000000000485	incomplete_strict_phone_support_for_nine_point_cpps_trajectory
LA_T_6544834_0047	Interior_B	True	False	-159.9999999999966	-160.00000000000313	incomplete_strict_phone_support_for_nine_point_cpps_trajectory
LA_T_6544834_0055	Boundary	True	False			official_v6_boundary_cpps_invalid_or_incomplete_support
LA_T_6544834_0055	Interior_A	True	True	79.9999999999983	79.99999999999885	
LA_T_6544834_0055	Interior_B	True	False	-159.9999999999966	-160.00000000000313	incomplete_strict_phone_support_for_nine_point_cpps_trajectory
LA_T_6544834_0071	Boundary	True	True			
LA_T_6544834_0071	Interior_A	True	True	79.9999999999983	79.99999999999885	
LA_T_6544834_0071	Interior_B	True	False	0.0	5.551115123125783e-13	incomplete_strict_phone_support_for_nine_point_cpps_trajectory
LA_T_6544834_0072	Boundary	True	True			
LA_T_6544834_0072	Interior_A	True	False	0.0	5.551115123125783e-13	incomplete_strict_phone_support_for_nine_point_cpps_trajectory
LA_T_6544834_0072	Interior_B	True	True	239.99999999999488	240.00000000000966	
LA_T_6545348_0000	Boundary	True	True			
LA_T_6545348_0000	Interior_A	True	True	320.0000000000003	320.00000000000085	
LA_T_6545348_0000	Interior_B	True	False	0.0	-1.2212453270876722e-12	incomplete_strict_phone_support_for_nine_point_cpps_trajectory
LA_T_6545348_0001	Boundary	True	True			
LA_T_6545348_0001	Interior_A	True	False	0.0	-1.2212453270876722e-12	incomplete_strict_phone_support_for_nine_point_cpps_trajectory
LA_T_6545348_0001	Interior_B	True	False	-1.7763568394002505e-12	5.551115123125783e-13	incomplete_strict_phone_support_for_nine_point_cpps_trajectory
LA_T_6545348_0002	Boundary	True	False			official_v6_boundary_cpps_invalid_or_incomplete_support
LA_T_6545348_0002	Interior_A	True	False	-1.7763568394002505e-12	5.551115123125783e-13	incomplete_strict_phone_support_for_nine_point_cpps_trajectory
LA_T_6545348_0002	Interior_B	True	False	0.0	5.551115123125783e-13	incomplete_strict_phone_support_for_nine_point_cpps_trajectory
LA_T_6545348_0006	Boundary	True	False			official_v6_boundary_cpps_invalid_or_incomplete_support
LA_T_6545348_0006	Interior_A	True	True	159.99999999999835	160.0000000000007	
LA_T_6545348_0006	Interior_B	True	True	160.00000000000014	160.0000000000007	
LA_T_6545348_0011	Boundary	True	True			
LA_T_6545348_0011	Interior_A	True	True	399.9999999999986	400.0000000000027	
LA_T_6545348_0011	Interior_B	True	False	-80.00000000000185	-80.0000000000013	incomplete_strict_phone_support_for_nine_point_cpps_trajectory
LA_T_6545348_0016	Boundary	True	True			
LA_T_6545348_0016	Interior_A	True	False	-160.00000000000014	-159.99999999999957	incomplete_strict_phone_support_for_nine_point_cpps_trajectory
LA_T_6545348_0016	Interior_B	True	False	-79.9999999999983	-80.0000000000013	incomplete_strict_phone_support_for_nine_point_cpps_trajectory
LA_T_6545348_0017	Boundary	True	True			
LA_T_6545348_0017	Interior_A	True	False	-79.9999999999983	-80.0000000000013	incomplete_strict_phone_support_for_nine_point_cpps_trajectory
LA_T_6545348_0017	Interior_B	True	True	399.9999999999986	399.99999999999915	
LA_T_6545348_0018	Boundary	True	True			
LA_T_6545348_0018	Interior_A	True	True	399.9999999999986	399.99999999999915	
LA_T_6545348_0018	Interior_B	True	False	-160.00000000000014	-159.99999999999957	incomplete_strict_phone_support_for_nine_point_cpps_trajectory
LA_T_6545348_0019	Boundary	True	True			
LA_T_6545348_0019	Interior_A	True	False	-160.00000000000014	-159.99999999999957	incomplete_strict_phone_support_for_nine_point_cpps_trajectory
LA_T_6545348_0019	Interior_B	True	False	-160.00000000000014	-160.00000000000313	incomplete_strict_phone_support_for_nine_point_cpps_trajectory
LA_T_6545348_0023	Boundary	True	True			
LA_T_6545348_0023	Interior_A	True	False	-80.0000000000054	-79.99999999999774	incomplete_strict_phone_support_for_nine_point_cpps_trajectory
LA_T_6545348_0023	Interior_B	True	True	479.9999999999969	480.00000000000455	
LA_T_6545348_0024	Boundary	True	False			official_v6_boundary_cpps_invalid_or_incomplete_support
LA_T_6545348_0024	Interior_A	True	True	479.9999999999969	480.00000000000455	
LA_T_6545348_0024	Interior_B	True	True	399.9999999999986	399.99999999999915	
LA_T_6547256_0002	Boundary	True	True			
LA_T_6547256_0002	Interior_A	True	False	-80.00000000000185	-79.99999999999952	incomplete_strict_phone_support_for_nine_point_cpps_trajectory
LA_T_6547256_0002	Interior_B	True	False	0.0	5.551115123125783e-13	incomplete_strict_phone_support_for_nine_point_cpps_trajectory
LA_T_6547256_0005	Boundary	True	True			
LA_T_6547256_0005	Interior_A	True	True	80.00000000000007	80.00000000000063	
LA_T_6547256_0005	Interior_B	True	True	160.00000000000014	159.99999999999892	
LA_T_6547256_0010	Boundary	True	False			official_v6_boundary_cpps_invalid_or_incomplete_support
LA_T_6547256_0010	Interior_A	True	False	-79.9999999999983	-80.0000000000013	incomplete_strict_phone_support_for_nine_point_cpps_trajectory
LA_T_6547256_0010	Interior_B	True	False	-80.00000000000185	-80.0000000000013	incomplete_strict_phone_support_for_nine_point_cpps_trajectory
LA_T_6547256_0011	Boundary	True	True			
LA_T_6547256_0011	Interior_A	True	False	-80.00000000000185	-80.0000000000013	incomplete_strict_phone_support_for_nine_point_cpps_trajectory
LA_T_6547256_0011	Interior_B	True	True	160.00000000000014	160.0000000000007	
LA_T_6547256_0015	Boundary	True	False			official_v6_boundary_cpps_invalid_or_incomplete_support
LA_T_6547256_0015	Interior_A	True	True	80.00000000000185	79.99999999999885	
LA_T_6547256_0015	Interior_B	True	False	-160.00000000000014	-159.99999999999957	incomplete_strict_phone_support_for_nine_point_cpps_trajectory
LA_T_6547256_0019	Boundary	True	True			
LA_T_6547256_0019	Interior_A	True	False	-160.00000000000014	-159.99999999999957	incomplete_strict_phone_support_for_nine_point_cpps_trajectory
LA_T_6547256_0019	Interior_B	True	False	-79.9999999999983	-80.0000000000013	incomplete_strict_phone_support_for_nine_point_cpps_trajectory
LA_T_6547256_0020	Boundary	True	False			official_v6_boundary_cpps_invalid_or_incomplete_support
LA_T_6547256_0020	Interior_A	True	False	-79.9999999999983	-80.0000000000013	incomplete_strict_phone_support_for_nine_point_cpps_trajectory
LA_T_6547256_0020	Interior_B	True	False	-80.00000000000185	-79.99999999999774	incomplete_strict_phone_support_for_nine_point_cpps_trajectory
LA_T_6547256_0023	Boundary	True	True			
LA_T_6547256_0023	Interior_A	True	False	-160.00000000000014	-159.99999999999957	incomplete_strict_phone_support_for_nine_point_cpps_trajectory
LA_T_6547256_0023	Interior_B	True	True	79.9999999999983	79.99999999999885	
LA_T_6547256_0024	Boundary	True	True			
LA_T_6547256_0024	Interior_A	True	True	79.9999999999983	79.99999999999885	
LA_T_6547256_0024	Interior_B	True	True	1200.0000000000027	1199.9999999999961	
LA_T_6547325_0000	Boundary	True	True			
LA_T_6547325_0000	Interior_A	True	True	159.9999999999997	160.00000000000026	
LA_T_6547325_0000	Interior_B	True	False	-80.00000000000051	-79.99999999999996	incomplete_strict_phone_support_for_nine_point_cpps_trajectory
LA_T_6547325_0003	Boundary	True	True			
LA_T_6547325_0003	Interior_A	True	False	-80.00000000000097	-79.99999999999862	incomplete_strict_phone_support_for_nine_point_cpps_trajectory
LA_T_6547325_0003	Interior_B	True	False	-79.99999999999918	-80.0000000000004	incomplete_strict_phone_support_for_nine_point_cpps_trajectory
LA_T_6547325_0004	Boundary	True	True			
LA_T_6547325_0004	Interior_A	True	False	-79.99999999999918	-80.0000000000004	incomplete_strict_phone_support_for_nine_point_cpps_trajectory
LA_T_6547325_0004	Interior_B	True	False	-80.00000000000097	-79.99999999999862	incomplete_strict_phone_support_for_nine_point_cpps_trajectory
LA_T_6547325_0005	Boundary	True	False			official_v6_boundary_cpps_invalid_or_incomplete_support
LA_T_6547325_0005	Interior_A	True	False	-80.00000000000097	-79.99999999999862	incomplete_strict_phone_support_for_nine_point_cpps_trajectory
LA_T_6547325_0005	Interior_B	True	False	-159.99999999999926	-159.99999999999957	incomplete_strict_phone_support_for_nine_point_cpps_trajectory
LA_T_6547325_0006	Boundary	True	False			official_v6_boundary_cpps_invalid_or_incomplete_support
LA_T_6547325_0006	Interior_A	True	False	-159.99999999999926	-159.99999999999957	incomplete_strict_phone_support_for_nine_point_cpps_trajectory
LA_T_6547325_0006	Interior_B	True	True	320.0000000000003	319.9999999999991	
LA_T_6547325_0007	Boundary	True	True			
LA_T_6547325_0007	Interior_A	True	True	320.0000000000003	319.9999999999991	
LA_T_6547325_0007	Interior_B	True	False	-1.7763568394002505e-12	5.551115123125783e-13	incomplete_strict_phone_support_for_nine_point_cpps_trajectory
LA_T_6547325_0008	Boundary	True	True			
LA_T_6547325_0008	Interior_A	True	False	-1.7763568394002505e-12	5.551115123125783e-13	incomplete_strict_phone_support_for_nine_point_cpps_trajectory
LA_T_6547325_0008	Interior_B	True	True	79.9999999999983	80.00000000000063	
LA_T_6547325_0011	Boundary	True	False			official_v6_boundary_cpps_invalid_or_incomplete_support
LA_T_6547325_0011	Interior_A	True	False	-80.00000000000007	-80.0000000000013	incomplete_strict_phone_support_for_nine_point_cpps_trajectory
LA_T_6547325_0011	Interior_B	True	True	79.9999999999983	80.0000000000024	
LA_T_6547325_0016	Boundary	True	False			official_v6_boundary_cpps_invalid_or_incomplete_support
LA_T_6547325_0016	Interior_A	True	False	-160.00000000000014	-159.99999999999957	incomplete_strict_phone_support_for_nine_point_cpps_trajectory
LA_T_6547325_0016	Interior_B	True	False	-160.00000000000014	-159.99999999999957	incomplete_strict_phone_support_for_nine_point_cpps_trajectory
LA_T_6547325_0017	Boundary	True	False			official_v6_boundary_cpps_invalid_or_incomplete_support
LA_T_6547325_0017	Interior_A	True	False	-160.00000000000014	-159.99999999999957	incomplete_strict_phone_support_for_nine_point_cpps_trajectory
LA_T_6547325_0017	Interior_B	True	False	-3.552713678800501e-12	5.551115123125783e-13	incomplete_strict_phone_support_for_nine_point_cpps_trajectory
LA_T_6547325_0018	Boundary	True	True			
LA_T_6547325_0018	Interior_A	True	False	-3.552713678800501e-12	5.551115123125783e-13	incomplete_strict_phone_support_for_nine_point_cpps_trajectory
LA_T_6547325_0018	Interior_B	True	True	320.0000000000003	320.00000000000085	
LA_T_6547556_0002	Boundary	True	False			official_v6_boundary_cpps_invalid_or_incomplete_support
LA_T_6547556_0002	Interior_A	True	True	240.00000000000023	239.9999999999999	
LA_T_6547556_0002	Interior_B	True	True	240.00000000000023	239.9999999999999	
LA_T_6547556_0003	Boundary	True	True			
LA_T_6547556_0003	Interior_A	True	True	240.00000000000023	239.9999999999999	
LA_T_6547556_0003	Interior_B	True	False	-80.00000000000097	-79.99999999999952	incomplete_strict_phone_support_for_nine_point_cpps_trajectory
LA_T_6547556_0004	Boundary	True	False			official_v6_boundary_cpps_invalid_or_incomplete_support
LA_T_6547556_0004	Interior_A	True	False	-80.00000000000097	-79.99999999999952	incomplete_strict_phone_support_for_nine_point_cpps_trajectory
LA_T_6547556_0004	Interior_B	True	False	-160.00000000000014	-159.99999999999957	incomplete_strict_phone_support_for_nine_point_cpps_trajectory
LA_T_6547556_0006	Boundary	True	True			
LA_T_6547556_0006	Interior_A	True	False	-160.00000000000193	-159.99999999999957	incomplete_strict_phone_support_for_nine_point_cpps_trajectory
LA_T_6547556_0006	Interior_B	True	False	-160.00000000000014	-159.99999999999957	incomplete_strict_phone_support_for_nine_point_cpps_trajectory
LA_T_6547556_0009	Boundary	True	False			official_v6_boundary_cpps_invalid_or_incomplete_support
LA_T_6547556_0009	Interior_A	True	False	0.0	-1.2212453270876722e-12	incomplete_strict_phone_support_for_nine_point_cpps_trajectory
LA_T_6547556_0009	Interior_B	True	True	1439.9999999999995	1439.9999999999982	
LA_T_6547852_0002	Boundary	True	False			official_v6_boundary_cpps_invalid_or_incomplete_support
LA_T_6547852_0002	Interior_A	True	True	160.00000000000014	159.99999999999716	
LA_T_6547852_0002	Interior_B	True	False	-79.9999999999983	-80.0000000000013	incomplete_strict_phone_support_for_nine_point_cpps_trajectory
LA_T_6547852_0010	Boundary	True	False			official_v6_boundary_cpps_invalid_or_incomplete_support
LA_T_6547852_0010	Interior_A	True	False	0.0	5.551115123125783e-13	incomplete_strict_phone_support_for_nine_point_cpps_trajectory
LA_T_6547852_0010	Interior_B	True	True	160.00000000000014	159.99999999999716	
LA_T_6547852_0011	Boundary	True	False			official_v6_boundary_cpps_invalid_or_incomplete_support
LA_T_6547852_0011	Interior_A	True	True	160.00000000000014	159.99999999999716	
LA_T_6547852_0011	Interior_B	True	True	80.0000000000054	79.99999999999885	
LA_T_6547852_0012	Boundary	True	False			official_v6_boundary_cpps_invalid_or_incomplete_support
LA_T_6547852_0012	Interior_A	True	True	80.0000000000054	79.99999999999885	
LA_T_6547852_0012	Interior_B	True	True	79.9999999999983	79.99999999999885	
LA_T_6547852_0017	Boundary	True	False			official_v6_boundary_cpps_invalid_or_incomplete_support
LA_T_6547852_0017	Interior_A	True	False	-159.9999999999966	-160.00000000000313	incomplete_strict_phone_support_for_nine_point_cpps_trajectory
LA_T_6547852_0017	Interior_B	True	False	-159.9999999999966	-160.00000000000313	incomplete_strict_phone_support_for_nine_point_cpps_trajectory
LA_T_6547852_0018	Boundary	True	False			official_v6_boundary_cpps_invalid_or_incomplete_support
LA_T_6547852_0018	Interior_A	True	False	-159.9999999999966	-160.00000000000313	incomplete_strict_phone_support_for_nine_point_cpps_trajectory
LA_T_6547852_0018	Interior_B	True	True	79.9999999999983	79.99999999999885	
LA_T_6547852_0019	Boundary	True	False			official_v6_boundary_cpps_invalid_or_incomplete_support
LA_T_6547852_0019	Interior_A	True	True	79.9999999999983	79.99999999999885	
LA_T_6547852_0019	Interior_B	True	False	-79.9999999999983	-79.99999999999774	incomplete_strict_phone_support_for_nine_point_cpps_trajectory
LA_T_6547852_0020	Boundary	True	True			
LA_T_6547852_0020	Interior_A	True	False	-79.9999999999983	-79.99999999999774	incomplete_strict_phone_support_for_nine_point_cpps_trajectory
LA_T_6547852_0020	Interior_B	True	True	159.9999999999966	159.99999999999716	
LA_T_6547852_0023	Boundary	True	True			
LA_T_6547852_0023	Interior_A	True	False	-79.9999999999983	-80.00000000000485	incomplete_strict_phone_support_for_nine_point_cpps_trajectory
LA_T_6547852_0023	Interior_B	True	False	-79.9999999999983	-79.99999999999774	incomplete_strict_phone_support_for_nine_point_cpps_trajectory
LA_T_6547852_0024	Boundary	True	False			official_v6_boundary_cpps_invalid_or_incomplete_support
LA_T_6547852_0024	Interior_A	True	False	-79.9999999999983	-79.99999999999774	incomplete_strict_phone_support_for_nine_point_cpps_trajectory
LA_T_6547852_0024	Interior_B	True	False	-160.0000000000037	-160.00000000000313	incomplete_strict_phone_support_for_nine_point_cpps_trajectory
LA_T_6547852_0032	Boundary	True	True			
LA_T_6547852_0032	Interior_A	True	False	-160.0000000000037	-159.99999999999602	incomplete_strict_phone_support_for_nine_point_cpps_trajectory
LA_T_6547852_0032	Interior_B	True	False	0.0	5.551115123125783e-13	incomplete_strict_phone_support_for_nine_point_cpps_trajectory
LA_T_6547852_0036	Boundary	True	False			official_v6_boundary_cpps_invalid_or_incomplete_support
LA_T_6547852_0036	Interior_A	True	True	159.9999999999966	159.99999999999716	
LA_T_6547852_0036	Interior_B	True	False	-159.9999999999966	-160.00000000000313	incomplete_strict_phone_support_for_nine_point_cpps_trajectory
LA_T_6547852_0037	Boundary	True	True			
LA_T_6547852_0037	Interior_A	True	False	-159.9999999999966	-160.00000000000313	incomplete_strict_phone_support_for_nine_point_cpps_trajectory
LA_T_6547852_0037	Interior_B	True	False	-79.9999999999983	-79.99999999999774	incomplete_strict_phone_support_for_nine_point_cpps_trajectory
LA_T_6547852_0040	Boundary	True	False			official_v6_boundary_cpps_invalid_or_incomplete_support
LA_T_6547852_0040	Interior_A	True	True	79.9999999999983	79.99999999999885	
LA_T_6547852_0040	Interior_B	True	False	-79.9999999999983	-79.99999999999774	incomplete_strict_phone_support_for_nine_point_cpps_trajectory
LA_T_6547852_0041	Boundary	True	False			official_v6_boundary_cpps_invalid_or_incomplete_support
LA_T_6547852_0041	Interior_A	True	False	-79.9999999999983	-79.99999999999774	incomplete_strict_phone_support_for_nine_point_cpps_trajectory
LA_T_6547852_0041	Interior_B	True	False	0.0	5.551115123125783e-13	incomplete_strict_phone_support_for_nine_point_cpps_trajectory
LA_T_6547852_0048	Boundary	True	True			
LA_T_6547852_0048	Interior_A	True	True	79.9999999999983	79.99999999999885	
LA_T_6547852_0048	Interior_B	True	False	-79.9999999999983	-79.99999999999774	incomplete_strict_phone_support_for_nine_point_cpps_trajectory
LA_T_6547852_0049	Boundary	True	True			
LA_T_6547852_0049	Interior_A	True	False	-79.9999999999983	-79.99999999999774	incomplete_strict_phone_support_for_nine_point_cpps_trajectory
LA_T_6547852_0049	Interior_B	True	False	-79.9999999999983	-79.99999999999774	incomplete_strict_phone_support_for_nine_point_cpps_trajectory
LA_T_6547852_0050	Boundary	True	True			
LA_T_6547852_0050	Interior_A	True	False	-79.9999999999983	-79.99999999999774	incomplete_strict_phone_support_for_nine_point_cpps_trajectory
LA_T_6547852_0050	Interior_B	True	True	159.9999999999966	159.99999999999716	
LA_T_6547852_0051	Boundary	True	True			
LA_T_6547852_0051	Interior_A	True	True	159.9999999999966	159.99999999999716	
LA_T_6547852_0051	Interior_B	True	False	-79.9999999999983	-79.99999999999774	incomplete_strict_phone_support_for_nine_point_cpps_trajectory
LA_T_6547852_0052	Boundary	True	False			official_v6_boundary_cpps_invalid_or_incomplete_support
LA_T_6547852_0052	Interior_A	True	False	-79.9999999999983	-79.99999999999774	incomplete_strict_phone_support_for_nine_point_cpps_trajectory
LA_T_6547852_0052	Interior_B	True	True	159.9999999999966	159.99999999999716	
LA_T_6547852_0053	Boundary	True	False			official_v6_boundary_cpps_invalid_or_incomplete_support
LA_T_6547852_0053	Interior_A	True	True	159.9999999999966	159.99999999999716	
LA_T_6547852_0053	Interior_B	True	True	239.99999999999488	240.00000000000966	
LA_T_6547852_0054	Boundary	True	True			
LA_T_6547852_0054	Interior_A	True	True	239.99999999999488	240.00000000000966	
LA_T_6547852_0054	Interior_B	True	False	0.0	5.551115123125783e-13	incomplete_strict_phone_support_for_nine_point_cpps_trajectory
LA_T_6547852_0055	Boundary	True	False			official_v6_boundary_cpps_invalid_or_incomplete_support
LA_T_6547852_0055	Interior_A	True	False	0.0	5.551115123125783e-13	incomplete_strict_phone_support_for_nine_point_cpps_trajectory
LA_T_6547852_0055	Interior_B	True	False	-79.9999999999983	-80.00000000001195	incomplete_strict_phone_support_for_nine_point_cpps_trajectory
LA_T_6547852_0058	Boundary	True	False			official_v6_boundary_cpps_invalid_or_incomplete_support
LA_T_6547852_0058	Interior_A	True	True	160.0000000000108	159.99999999999716	
LA_T_6547852_0058	Interior_B	True	True	159.9999999999966	159.99999999999716	
LA_T_6547852_0059	Boundary	True	True			
LA_T_6547852_0059	Interior_A	True	True	159.9999999999966	159.99999999999716	
LA_T_6547852_0059	Interior_B	True	True	399.9999999999915	400.00000000000625	
LA_T_6548465_0000	Boundary	True	True			
LA_T_6548465_0000	Interior_A	True	True	480.0000000000014	480.0000000000001	
LA_T_6548465_0000	Interior_B	True	False	-160.00000000000014	-160.00000000000003	incomplete_strict_phone_support_for_nine_point_cpps_trajectory
LA_T_6548465_0001	Boundary	True	True			
LA_T_6548465_0001	Interior_A	True	False	-160.00000000000014	-160.00000000000003	incomplete_strict_phone_support_for_nine_point_cpps_trajectory
LA_T_6548465_0001	Interior_B	True	False	-4.440892098500626e-13	5.551115123125783e-13	incomplete_strict_phone_support_for_nine_point_cpps_trajectory
LA_T_6548465_0002	Boundary	True	True			
LA_T_6548465_0002	Interior_A	True	False	-4.440892098500626e-13	5.551115123125783e-13	incomplete_strict_phone_support_for_nine_point_cpps_trajectory
LA_T_6548465_0002	Interior_B	True	False	-80.00000000000007	-79.99999999999952	incomplete_strict_phone_support_for_nine_point_cpps_trajectory
LA_T_6548465_0003	Boundary	True	False			official_v6_boundary_cpps_invalid_or_incomplete_support
LA_T_6548465_0003	Interior_A	True	False	-80.00000000000007	-79.99999999999952	incomplete_strict_phone_support_for_nine_point_cpps_trajectory
LA_T_6548465_0003	Interior_B	True	False	0.0	-3.3306690738754696e-13	incomplete_strict_phone_support_for_nine_point_cpps_trajectory
LA_T_6548465_0004	Boundary	True	False			official_v6_boundary_cpps_invalid_or_incomplete_support
LA_T_6548465_0004	Interior_A	True	False	0.0	-3.3306690738754696e-13	incomplete_strict_phone_support_for_nine_point_cpps_trajectory
LA_T_6548465_0004	Interior_B	True	False	-159.99999999999926	-159.99999999999957	incomplete_strict_phone_support_for_nine_point_cpps_trajectory
LA_T_6548465_0005	Boundary	True	True			
LA_T_6548465_0005	Interior_A	True	False	-159.99999999999926	-159.99999999999957	incomplete_strict_phone_support_for_nine_point_cpps_trajectory
LA_T_6548465_0005	Interior_B	True	False	-160.00000000000014	-160.00000000000136	incomplete_strict_phone_support_for_nine_point_cpps_trajectory
LA_T_6548465_0009	Boundary	True	True			
LA_T_6548465_0009	Interior_A	True	False	-80.00000000000007	-79.99999999999952	incomplete_strict_phone_support_for_nine_point_cpps_trajectory
LA_T_6548465_0009	Interior_B	True	True	160.00000000000014	159.99999999999892	
LA_T_6548465_0010	Boundary	True	False			official_v6_boundary_cpps_invalid_or_incomplete_support
LA_T_6548465_0010	Interior_A	True	True	160.00000000000014	159.99999999999892	
LA_T_6548465_0010	Interior_B	True	True	160.00000000000014	159.99999999999892	
LA_T_6548465_0011	Boundary	True	False			official_v6_boundary_cpps_invalid_or_incomplete_support
LA_T_6548465_0011	Interior_A	True	True	160.00000000000014	159.99999999999892	
LA_T_6548465_0011	Interior_B	True	False	-80.00000000000185	-79.99999999999774	incomplete_strict_phone_support_for_nine_point_cpps_trajectory
LA_T_6548465_0012	Boundary	True	True			
LA_T_6548465_0012	Interior_A	True	False	-80.00000000000185	-79.99999999999774	incomplete_strict_phone_support_for_nine_point_cpps_trajectory
LA_T_6548465_0012	Interior_B	True	False	-79.9999999999983	-80.0000000000013	incomplete_strict_phone_support_for_nine_point_cpps_trajectory
LA_T_6548465_0017	Boundary	True	False			official_v6_boundary_cpps_invalid_or_incomplete_support
LA_T_6548465_0017	Interior_A	True	True	79.9999999999983	80.0000000000024	
LA_T_6548465_0017	Interior_B	True	False	-160.00000000000014	-160.00000000000313	incomplete_strict_phone_support_for_nine_point_cpps_trajectory
LA_T_6548771_0000	Boundary	True	True			
LA_T_6548771_0000	Interior_A	True	False	-79.9999999999983	-80.0000000000013	incomplete_strict_phone_support_for_nine_point_cpps_trajectory
LA_T_6548771_0000	Interior_B	True	False	-80.00000000000185	-79.99999999999774	incomplete_strict_phone_support_for_nine_point_cpps_trajectory
LA_T_6548771_0001	Boundary	True	False			official_v6_boundary_cpps_invalid_or_incomplete_support
LA_T_6548771_0001	Interior_A	True	False	-80.00000000000185	-79.99999999999774	incomplete_strict_phone_support_for_nine_point_cpps_trajectory
LA_T_6548771_0001	Interior_B	True	True	160.00000000000014	159.99999999999716	
LA_T_6548771_0002	Boundary	True	False			official_v6_boundary_cpps_invalid_or_incomplete_support
LA_T_6548771_0002	Interior_A	True	True	160.00000000000014	159.99999999999716	
LA_T_6548771_0002	Interior_B	True	False	0.0	5.551115123125783e-13	incomplete_strict_phone_support_for_nine_point_cpps_trajectory
LA_T_6548771_0003	Boundary	True	True			
LA_T_6548771_0003	Interior_A	True	False	0.0	5.551115123125783e-13	incomplete_strict_phone_support_for_nine_point_cpps_trajectory
LA_T_6548771_0003	Interior_B	True	True	79.9999999999983	80.0000000000024	
LA_T_6548771_0008	Boundary	True	False			official_v6_boundary_cpps_invalid_or_incomplete_support
LA_T_6548771_0008	Interior_A	True	False	-160.00000000000014	-159.99999999999957	incomplete_strict_phone_support_for_nine_point_cpps_trajectory
LA_T_6548771_0008	Interior_B	True	True	320.0000000000003	320.00000000000085	
LA_T_6548771_0009	Boundary	True	False			official_v6_boundary_cpps_invalid_or_incomplete_support
LA_T_6548771_0009	Interior_A	True	True	320.0000000000003	320.00000000000085	
LA_T_6548771_0009	Interior_B	True	True	240.000000000002	239.99999999999545	
LA_T_6548771_0010	Boundary	True	True			
LA_T_6548771_0010	Interior_A	True	True	240.000000000002	239.99999999999545	
LA_T_6548771_0010	Interior_B	True	False	-79.9999999999983	-79.99999999999774	incomplete_strict_phone_support_for_nine_point_cpps_trajectory
LA_T_6548771_0011	Boundary	True	False			official_v6_boundary_cpps_invalid_or_incomplete_support
LA_T_6548771_0011	Interior_A	True	False	-79.9999999999983	-79.99999999999774	incomplete_strict_phone_support_for_nine_point_cpps_trajectory
LA_T_6548771_0011	Interior_B	True	True	159.9999999999966	159.99999999999716	
LA_T_6548771_0015	Boundary	True	False			official_v6_boundary_cpps_invalid_or_incomplete_support
LA_T_6548771_0015	Interior_A	True	False	-160.0000000000037	-159.99999999999602	incomplete_strict_phone_support_for_nine_point_cpps_trajectory
LA_T_6548771_0015	Interior_B	True	False	-160.0000000000037	-160.00000000000313	incomplete_strict_phone_support_for_nine_point_cpps_trajectory
LA_T_6548771_0016	Boundary	True	False			official_v6_boundary_cpps_invalid_or_incomplete_support
LA_T_6548771_0016	Interior_A	True	False	-160.0000000000037	-160.00000000000313	incomplete_strict_phone_support_for_nine_point_cpps_trajectory
LA_T_6548771_0016	Interior_B	True	False	-79.9999999999983	-79.99999999999774	incomplete_strict_phone_support_for_nine_point_cpps_trajectory
LA_T_6548771_0017	Boundary	True	True			
LA_T_6548771_0017	Interior_A	True	False	-79.9999999999983	-79.99999999999774	incomplete_strict_phone_support_for_nine_point_cpps_trajectory
LA_T_6548771_0017	Interior_B	True	False	-80.0000000000054	-79.99999999999774	incomplete_strict_phone_support_for_nine_point_cpps_trajectory
LA_T_6548771_0020	Boundary	True	True			
LA_T_6548771_0020	Interior_A	True	False	-79.9999999999983	-80.00000000000485	incomplete_strict_phone_support_for_nine_point_cpps_trajectory
LA_T_6548771_0020	Interior_B	True	False	0.0	5.551115123125783e-13	incomplete_strict_phone_support_for_nine_point_cpps_trajectory
LA_T_6548771_0024	Boundary	True	True			
LA_T_6548771_0024	Interior_A	True	False	0.0	-6.5503158452884236e-12	incomplete_strict_phone_support_for_nine_point_cpps_trajectory
LA_T_6548771_0024	Interior_B	True	False	0.0	5.551115123125783e-13	incomplete_strict_phone_support_for_nine_point_cpps_trajectory
LA_T_6548771_0027	Boundary	True	False			official_v6_boundary_cpps_invalid_or_incomplete_support
LA_T_6548771_0027	Interior_A	True	True	399.9999999999986	399.99999999999915	
LA_T_6548771_0027	Interior_B	True	True	240.000000000002	239.99999999999545	
LA_T_6548771_0028	Boundary	True	False			official_v6_boundary_cpps_invalid_or_incomplete_support
LA_T_6548771_0028	Interior_A	True	True	240.000000000002	239.99999999999545	
LA_T_6548771_0028	Interior_B	True	True	399.9999999999986	399.99999999999915	
LA_T_6548771_0029	Boundary	True	False			official_v6_boundary_cpps_invalid_or_incomplete_support
LA_T_6548771_0029	Interior_A	True	True	399.9999999999986	399.99999999999915	
LA_T_6548771_0029	Interior_B	True	False	-159.9999999999966	-160.00000000000313	incomplete_strict_phone_support_for_nine_point_cpps_trajectory
LA_T_6548771_0030	Boundary	True	True			
LA_T_6548771_0030	Interior_A	True	False	-159.9999999999966	-160.00000000000313	incomplete_strict_phone_support_for_nine_point_cpps_trajectory
LA_T_6548771_0030	Interior_B	True	True	399.9999999999986	400.00000000000625	
LA_T_6548771_0031	Boundary	True	True			
LA_T_6548771_0031	Interior_A	True	True	399.9999999999986	400.00000000000625	
LA_T_6548771_0031	Interior_B	True	True	959.9999999999937	960.0000000000014	
LA_T_6550411_0000	Boundary	True	False			official_v6_boundary_cpps_invalid_or_incomplete_support
LA_T_6550411_0000	Interior_A	True	True	160.00000000000014	159.9999999999998	
LA_T_6550411_0000	Interior_B	True	False	-80.00000000000097	-79.99999999999862	incomplete_strict_phone_support_for_nine_point_cpps_trajectory
LA_T_6550411_0001	Boundary	True	False			official_v6_boundary_cpps_invalid_or_incomplete_support
LA_T_6550411_0001	Interior_A	True	False	-80.00000000000097	-79.99999999999862	incomplete_strict_phone_support_for_nine_point_cpps_trajectory
LA_T_6550411_0001	Interior_B	True	False	-80.00000000000097	-79.99999999999952	incomplete_strict_phone_support_for_nine_point_cpps_trajectory
LA_T_6550411_0005	Boundary	True	False			official_v6_boundary_cpps_invalid_or_incomplete_support
LA_T_6550411_0005	Interior_A	True	False	-80.00000000000007	-80.0000000000013	incomplete_strict_phone_support_for_nine_point_cpps_trajectory
LA_T_6550411_0005	Interior_B	True	True	80.00000000000007	80.00000000000063	
LA_T_6550411_0011	Boundary	True	True			
LA_T_6550411_0011	Interior_A	True	False	-80.00000000000185	-79.99999999999774	incomplete_strict_phone_support_for_nine_point_cpps_trajectory
LA_T_6550411_0011	Interior_B	True	True	160.00000000000014	159.99999999999716	
LA_T_6550411_0016	Boundary	True	False			official_v6_boundary_cpps_invalid_or_incomplete_support
LA_T_6550411_0016	Interior_A	True	True	79.9999999999983	79.99999999999885	
LA_T_6550411_0016	Interior_B	True	False	-80.00000000000185	-79.99999999999774	incomplete_strict_phone_support_for_nine_point_cpps_trajectory
LA_T_6550411_0017	Boundary	True	True			
LA_T_6550411_0017	Interior_A	True	False	-80.00000000000185	-79.99999999999774	incomplete_strict_phone_support_for_nine_point_cpps_trajectory
LA_T_6550411_0017	Interior_B	True	True	960.0000000000009	959.9999999999978	
LA_T_6550631_0003	Boundary	True	False			official_v6_boundary_cpps_invalid_or_incomplete_support
LA_T_6550631_0003	Interior_A	True	True	80.00000000000097	80.00000000000063	
LA_T_6550631_0003	Interior_B	True	False	0.0	-1.2212453270876722e-12	incomplete_strict_phone_support_for_nine_point_cpps_trajectory
LA_T_6550631_0004	Boundary	True	False			official_v6_boundary_cpps_invalid_or_incomplete_support
LA_T_6550631_0004	Interior_A	True	False	0.0	-1.2212453270876722e-12	incomplete_strict_phone_support_for_nine_point_cpps_trajectory
LA_T_6550631_0004	Interior_B	True	True	159.99999999999835	160.0000000000007	
LA_T_6550631_0005	Boundary	True	False			official_v6_boundary_cpps_invalid_or_incomplete_support
LA_T_6550631_0005	Interior_A	True	True	159.99999999999835	160.0000000000007	
LA_T_6550631_0005	Interior_B	True	True	160.00000000000014	159.99999999999892	
LA_T_6550631_0010	Boundary	True	False			official_v6_boundary_cpps_invalid_or_incomplete_support
LA_T_6550631_0010	Interior_A	True	False	0.0	5.551115123125783e-13	incomplete_strict_phone_support_for_nine_point_cpps_trajectory
LA_T_6550631_0010	Interior_B	True	False	-3.552713678800501e-12	5.551115123125783e-13	incomplete_strict_phone_support_for_nine_point_cpps_trajectory
LA_T_6550631_0011	Boundary	True	False			official_v6_boundary_cpps_invalid_or_incomplete_support
LA_T_6550631_0011	Interior_A	True	False	-3.552713678800501e-12	5.551115123125783e-13	incomplete_strict_phone_support_for_nine_point_cpps_trajectory
LA_T_6550631_0011	Interior_B	True	False	-79.9999999999983	-80.0000000000013	incomplete_strict_phone_support_for_nine_point_cpps_trajectory
LA_T_6550631_0012	Boundary	True	True			
LA_T_6550631_0012	Interior_A	True	False	-79.9999999999983	-80.0000000000013	incomplete_strict_phone_support_for_nine_point_cpps_trajectory
LA_T_6550631_0012	Interior_B	True	False	-160.00000000000014	-159.99999999999957	incomplete_strict_phone_support_for_nine_point_cpps_trajectory
LA_T_6550631_0013	Boundary	True	True			
LA_T_6550631_0013	Interior_A	True	False	-160.00000000000014	-159.99999999999957	incomplete_strict_phone_support_for_nine_point_cpps_trajectory
LA_T_6550631_0013	Interior_B	True	False	-80.00000000000185	-79.99999999999774	incomplete_strict_phone_support_for_nine_point_cpps_trajectory
LA_T_6550631_0014	Boundary	True	True			
LA_T_6550631_0014	Interior_A	True	False	-80.00000000000185	-79.99999999999774	incomplete_strict_phone_support_for_nine_point_cpps_trajectory
LA_T_6550631_0014	Interior_B	True	False	-3.552713678800501e-12	5.551115123125783e-13	incomplete_strict_phone_support_for_nine_point_cpps_trajectory
LA_T_6550631_0015	Boundary	True	False			official_v6_boundary_cpps_invalid_or_incomplete_support
LA_T_6550631_0015	Interior_A	True	False	-3.552713678800501e-12	5.551115123125783e-13	incomplete_strict_phone_support_for_nine_point_cpps_trajectory
LA_T_6550631_0015	Interior_B	True	True	239.99999999999844	240.00000000000256	
LA_T_6550631_0016	Boundary	True	False			official_v6_boundary_cpps_invalid_or_incomplete_support
LA_T_6550631_0016	Interior_A	True	True	239.99999999999844	240.00000000000256	
LA_T_6550631_0016	Interior_B	True	True	79.9999999999983	79.99999999999885	
LA_T_6550631_0017	Boundary	True	True			
LA_T_6550631_0017	Interior_A	True	True	79.9999999999983	79.99999999999885	
LA_T_6550631_0017	Interior_B	True	False	-160.00000000000014	-159.99999999999957	incomplete_strict_phone_support_for_nine_point_cpps_trajectory
LA_T_6550631_0018	Boundary	True	True			
LA_T_6550631_0018	Interior_A	True	False	-160.00000000000014	-159.99999999999957	incomplete_strict_phone_support_for_nine_point_cpps_trajectory
LA_T_6550631_0018	Interior_B	True	False	-160.00000000000014	-159.99999999999957	incomplete_strict_phone_support_for_nine_point_cpps_trajectory
LA_T_6550631_0019	Boundary	True	True			
LA_T_6550631_0019	Interior_A	True	False	-160.00000000000014	-159.99999999999957	incomplete_strict_phone_support_for_nine_point_cpps_trajectory
LA_T_6550631_0019	Interior_B	True	False	-160.00000000000014	-159.99999999999957	incomplete_strict_phone_support_for_nine_point_cpps_trajectory
LA_T_6550631_0020	Boundary	True	False			official_v6_boundary_cpps_invalid_or_incomplete_support
LA_T_6550631_0020	Interior_A	True	False	-160.00000000000014	-159.99999999999957	incomplete_strict_phone_support_for_nine_point_cpps_trajectory
LA_T_6550631_0020	Interior_B	True	True	319.9999999999967	320.00000000000085	
LA_T_6550631_0023	Boundary	True	False			official_v6_boundary_cpps_invalid_or_incomplete_support
LA_T_6550631_0023	Interior_A	True	False	-80.00000000000185	-79.99999999999774	incomplete_strict_phone_support_for_nine_point_cpps_trajectory
LA_T_6550631_0023	Interior_B	True	False	0.0	5.551115123125783e-13	incomplete_strict_phone_support_for_nine_point_cpps_trajectory
LA_T_6550631_0024	Boundary	True	False			official_v6_boundary_cpps_invalid_or_incomplete_support
LA_T_6550631_0024	Interior_A	True	False	0.0	5.551115123125783e-13	incomplete_strict_phone_support_for_nine_point_cpps_trajectory
LA_T_6550631_0024	Interior_B	True	False	0.0	5.551115123125783e-13	incomplete_strict_phone_support_for_nine_point_cpps_trajectory
LA_T_6550631_0025	Boundary	True	True			
LA_T_6550631_0025	Interior_A	True	False	0.0	5.551115123125783e-13	incomplete_strict_phone_support_for_nine_point_cpps_trajectory
LA_T_6550631_0025	Interior_B	True	False	-160.0000000000037	-160.00000000000313	incomplete_strict_phone_support_for_nine_point_cpps_trajectory
LA_T_6550631_0034	Boundary	True	True			
LA_T_6550631_0034	Interior_A	True	True	79.9999999999983	79.99999999999885	
LA_T_6550631_0034	Interior_B	True	True	240.000000000002	239.99999999999545	
LA_T_6550631_0035	Boundary	True	False			official_v6_boundary_cpps_invalid_or_incomplete_support
LA_T_6550631_0035	Interior_A	True	True	240.000000000002	239.99999999999545	
LA_T_6550631_0035	Interior_B	True	True	240.000000000002	239.99999999999545	
LA_T_6550631_0044	Boundary	True	False			official_v6_boundary_cpps_invalid_or_incomplete_support
LA_T_6550631_0044	Interior_A	True	False	0.0	-6.5503158452884236e-12	incomplete_strict_phone_support_for_nine_point_cpps_trajectory
LA_T_6550631_0044	Interior_B	True	False	0.0	5.551115123125783e-13	incomplete_strict_phone_support_for_nine_point_cpps_trajectory
LA_T_6550631_0049	Boundary	True	False			official_v6_boundary_cpps_invalid_or_incomplete_support
LA_T_6550631_0049	Interior_A	True	False	-160.0000000000037	-159.99999999999602	incomplete_strict_phone_support_for_nine_point_cpps_trajectory
LA_T_6550631_0049	Interior_B	True	True	240.000000000002	239.99999999999545	
LA_T_6550631_0050	Boundary	True	False			official_v6_boundary_cpps_invalid_or_incomplete_support
LA_T_6550631_0050	Interior_A	True	True	240.000000000002	239.99999999999545	
LA_T_6550631_0050	Interior_B	True	False	0.0	5.551115123125783e-13	incomplete_strict_phone_support_for_nine_point_cpps_trajectory
LA_T_6550631_0051	Boundary	True	False			official_v6_boundary_cpps_invalid_or_incomplete_support
LA_T_6550631_0051	Interior_A	True	False	0.0	5.551115123125783e-13	incomplete_strict_phone_support_for_nine_point_cpps_trajectory
LA_T_6550631_0051	Interior_B	True	True	80.0000000000054	79.99999999999885	
LA_T_6550631_0052	Boundary	True	True			
LA_T_6550631_0052	Interior_A	True	True	80.0000000000054	79.99999999999885	
LA_T_6550631_0052	Interior_B	True	False	-160.0000000000108	-159.99999999999602	incomplete_strict_phone_support_for_nine_point_cpps_trajectory
LA_T_6550631_0053	Boundary	True	True			
LA_T_6550631_0053	Interior_A	True	False	-160.0000000000108	-159.99999999999602	incomplete_strict_phone_support_for_nine_point_cpps_trajectory
LA_T_6550631_0053	Interior_B	True	True	240.0000000000091	239.99999999999545	
LA_T_6550631_0054	Boundary	True	True			
LA_T_6550631_0054	Interior_A	True	True	240.0000000000091	239.99999999999545	
LA_T_6550631_0054	Interior_B	True	True	480.000000000004	479.99999999999034	
LA_T_6550631_0056	Boundary	True	True			
LA_T_6550631_0056	Interior_A	True	False	-80.0000000000125	-79.99999999999774	incomplete_strict_phone_support_for_nine_point_cpps_trajectory
LA_T_6550631_0056	Interior_B	True	False	-79.9999999999983	-79.99999999999774	incomplete_strict_phone_support_for_nine_point_cpps_trajectory
LA_T_6550631_0057	Boundary	True	False			official_v6_boundary_cpps_invalid_or_incomplete_support
LA_T_6550631_0057	Interior_A	True	False	-79.9999999999983	-79.99999999999774	incomplete_strict_phone_support_for_nine_point_cpps_trajectory
LA_T_6550631_0057	Interior_B	True	True	239.99999999999488	240.00000000000966	
LA_T_6550631_0058	Boundary	True	False			official_v6_boundary_cpps_invalid_or_incomplete_support
LA_T_6550631_0058	Interior_A	True	True	239.99999999999488	240.00000000000966	
LA_T_6550631_0058	Interior_B	True	False	0.0	5.551115123125783e-13	incomplete_strict_phone_support_for_nine_point_cpps_trajectory
LA_T_6550631_0059	Boundary	True	False			official_v6_boundary_cpps_invalid_or_incomplete_support
LA_T_6550631_0059	Interior_A	True	False	0.0	5.551115123125783e-13	incomplete_strict_phone_support_for_nine_point_cpps_trajectory
LA_T_6550631_0059	Interior_B	True	False	0.0	5.551115123125783e-13	incomplete_strict_phone_support_for_nine_point_cpps_trajectory
LA_T_6550631_0060	Boundary	True	False			official_v6_boundary_cpps_invalid_or_incomplete_support
LA_T_6550631_0060	Interior_A	True	False	0.0	5.551115123125783e-13	incomplete_strict_phone_support_for_nine_point_cpps_trajectory
LA_T_6550631_0060	Interior_B	True	True	79.9999999999983	79.99999999999885	
LA_T_6550631_0063	Boundary	True	True			
LA_T_6550631_0063	Interior_A	True	False	-79.9999999999983	-80.00000000001195	incomplete_strict_phone_support_for_nine_point_cpps_trajectory
LA_T_6550631_0063	Interior_B	True	True	159.9999999999966	160.00000000001137	
LA_T_6550631_0064	Boundary	True	True			
LA_T_6550631_0064	Interior_A	True	True	159.9999999999966	160.00000000001137	
LA_T_6550631_0064	Interior_B	True	True	159.9999999999966	159.99999999999716	
LA_T_6551460_0000	Boundary	True	False			official_v6_boundary_cpps_invalid_or_incomplete_support
LA_T_6551460_0000	Interior_A	True	False	-80.00000000000007	-79.99999999999996	incomplete_strict_phone_support_for_nine_point_cpps_trajectory
LA_T_6551460_0000	Interior_B	True	True	319.99999999999807	320.0000000000013	
LA_T_6551460_0001	Boundary	True	False			official_v6_boundary_cpps_invalid_or_incomplete_support
LA_T_6551460_0001	Interior_A	True	True	319.99999999999983	319.9999999999995	
LA_T_6551460_0001	Interior_B	True	False	-80.00000000000097	-79.99999999999862	incomplete_strict_phone_support_for_nine_point_cpps_trajectory
LA_T_6551460_0002	Boundary	True	True			
LA_T_6551460_0002	Interior_A	True	False	-80.00000000000097	-79.99999999999862	incomplete_strict_phone_support_for_nine_point_cpps_trajectory
LA_T_6551460_0002	Interior_B	True	False	-159.99999999999926	-160.00000000000048	incomplete_strict_phone_support_for_nine_point_cpps_trajectory
LA_T_6551460_0008	Boundary	True	True			
LA_T_6551460_0008	Interior_A	True	True	159.99999999999835	160.0000000000007	
LA_T_6551460_0008	Interior_B	True	False	-160.00000000000014	-159.99999999999957	incomplete_strict_phone_support_for_nine_point_cpps_trajectory
LA_T_6551460_0011	Boundary	True	True			
LA_T_6551460_0011	Interior_A	True	False	-80.00000000000185	-79.99999999999952	incomplete_strict_phone_support_for_nine_point_cpps_trajectory
LA_T_6551460_0011	Interior_B	True	False	-80.00000000000007	-80.0000000000013	incomplete_strict_phone_support_for_nine_point_cpps_trajectory
LA_T_6551460_0022	Boundary	True	False			official_v6_boundary_cpps_invalid_or_incomplete_support
LA_T_6551460_0022	Interior_A	True	False	-3.552713678800501e-12	5.551115123125783e-13	incomplete_strict_phone_support_for_nine_point_cpps_trajectory
LA_T_6551460_0022	Interior_B	True	True	399.9999999999986	400.0000000000027	
LA_T_6551460_0025	Boundary	True	True			
LA_T_6551460_0025	Interior_A	True	True	399.9999999999986	399.99999999999915	
LA_T_6551460_0025	Interior_B	True	True	399.9999999999986	399.99999999999915	
LA_T_6551971_0000	Boundary	True	True			
LA_T_6551971_0000	Interior_A	True	True	160.00000000000014	159.9999999999998	
LA_T_6551971_0000	Interior_B	True	True	8.881784197001252e-13	5.551115123125783e-13	
LA_T_6551971_0001	Boundary	True	True			
LA_T_6551971_0001	Interior_A	True	True	8.881784197001252e-13	5.551115123125783e-13	
LA_T_6551971_0001	Interior_B	True	True	320.0000000000003	319.9999999999991	
LA_T_6551971_0002	Boundary	True	True			
LA_T_6551971_0002	Interior_A	True	True	320.0000000000003	319.9999999999991	
LA_T_6551971_0002	Interior_B	True	False	-80.00000000000007	-80.0000000000013	incomplete_strict_phone_support_for_nine_point_cpps_trajectory
LA_T_6551971_0003	Boundary	True	True			
LA_T_6551971_0003	Interior_A	True	False	-80.00000000000007	-80.0000000000013	incomplete_strict_phone_support_for_nine_point_cpps_trajectory
LA_T_6551971_0003	Interior_B	True	True	320.0000000000003	319.9999999999991	
LA_T_6551971_0004	Boundary	True	False			official_v6_boundary_cpps_invalid_or_incomplete_support
LA_T_6551971_0004	Interior_A	True	True	320.0000000000003	319.9999999999991	
LA_T_6551971_0004	Interior_B	True	True	479.99999999999864	480.00000000000097	
LA_T_6551971_0005	Boundary	True	False			official_v6_boundary_cpps_invalid_or_incomplete_support
LA_T_6551971_0005	Interior_A	True	True	479.99999999999864	480.00000000000097	
LA_T_6551971_0005	Interior_B	True	True	1199.9999999999993	1199.9999999999998	
LA_T_6551971_0006	Boundary	True	False			official_v6_boundary_cpps_invalid_or_incomplete_support
LA_T_6551971_0006	Interior_A	True	True	1199.9999999999993	1199.9999999999998	
LA_T_6551971_0006	Interior_B	True	True	1359.9999999999995	1359.9999999999998	
LA_T_6551971_0010	Boundary	True	False			official_v6_boundary_cpps_invalid_or_incomplete_support
LA_T_6551971_0010	Interior_A	True	False	0.0	5.551115123125783e-13	incomplete_strict_phone_support_for_nine_point_cpps_trajectory
LA_T_6551971_0010	Interior_B	True	True	160.00000000000014	159.99999999999716	
LA_T_6551971_0011	Boundary	True	True			
LA_T_6551971_0011	Interior_A	True	True	160.00000000000014	159.99999999999716	
LA_T_6551971_0011	Interior_B	True	False	-79.9999999999983	-79.99999999999774	incomplete_strict_phone_support_for_nine_point_cpps_trajectory
LA_T_6551971_0012	Boundary	True	False			official_v6_boundary_cpps_invalid_or_incomplete_support
LA_T_6551971_0012	Interior_A	True	False	-79.9999999999983	-79.99999999999774	incomplete_strict_phone_support_for_nine_point_cpps_trajectory
LA_T_6551971_0012	Interior_B	True	True	159.9999999999966	159.99999999999716	
LA_T_6551971_0013	Boundary	True	False			official_v6_boundary_cpps_invalid_or_incomplete_support
LA_T_6551971_0013	Interior_A	True	True	159.9999999999966	159.99999999999716	
LA_T_6551971_0013	Interior_B	True	True	400.0000000000057	399.99999999999915	
LA_T_6551971_0014	Boundary	True	True			
LA_T_6551971_0014	Interior_A	True	True	400.0000000000057	399.99999999999915	
LA_T_6551971_0014	Interior_B	True	False	-80.0000000000054	-79.99999999999774	incomplete_strict_phone_support_for_nine_point_cpps_trajectory
LA_T_6551971_0015	Boundary	True	True			
LA_T_6551971_0015	Interior_A	True	False	-80.0000000000054	-79.99999999999774	incomplete_strict_phone_support_for_nine_point_cpps_trajectory
LA_T_6551971_0015	Interior_B	True	False	0.0	5.551115123125783e-13	incomplete_strict_phone_support_for_nine_point_cpps_trajectory
LA_T_6551971_0018	Boundary	True	False			official_v6_boundary_cpps_invalid_or_incomplete_support
LA_T_6551971_0018	Interior_A	True	False	-79.9999999999983	-79.99999999999774	incomplete_strict_phone_support_for_nine_point_cpps_trajectory
LA_T_6551971_0018	Interior_B	True	True	399.9999999999986	399.99999999999915	
LA_T_6551971_0019	Boundary	True	False			official_v6_boundary_cpps_invalid_or_incomplete_support
LA_T_6551971_0019	Interior_A	True	True	399.9999999999986	399.99999999999915	
LA_T_6551971_0019	Interior_B	True	True	79.9999999999983	79.99999999999885	
LA_T_6551971_0020	Boundary	True	False			official_v6_boundary_cpps_invalid_or_incomplete_support
LA_T_6551971_0020	Interior_A	True	True	79.9999999999983	79.99999999999885	
LA_T_6551971_0020	Interior_B	True	True	640.0000000000006	640.0000000000011	
LA_T_6551971_0021	Boundary	True	True			
LA_T_6551971_0021	Interior_A	True	True	640.0000000000006	640.0000000000011	
LA_T_6551971_0021	Interior_B	True	False	-79.9999999999983	-80.00000000000485	incomplete_strict_phone_support_for_nine_point_cpps_trajectory
LA_T_6551971_0027	Boundary	True	True			
LA_T_6551971_0027	Interior_A	True	True	79.9999999999983	80.00000000000595	
LA_T_6551971_0027	Interior_B	True	False	-80.0000000000054	-79.99999999999774	incomplete_strict_phone_support_for_nine_point_cpps_trajectory
LA_T_6551971_0030	Boundary	True	False			official_v6_boundary_cpps_invalid_or_incomplete_support
LA_T_6551971_0030	Interior_A	True	False	-79.9999999999983	-80.00000000000485	incomplete_strict_phone_support_for_nine_point_cpps_trajectory
LA_T_6551971_0030	Interior_B	True	True	320.0000000000003	320.00000000000085	
LA_T_6551971_0031	Boundary	True	False			official_v6_boundary_cpps_invalid_or_incomplete_support
LA_T_6551971_0031	Interior_A	True	True	320.0000000000003	320.00000000000085	
LA_T_6551971_0031	Interior_B	True	False	-79.9999999999983	-80.00000000000485	incomplete_strict_phone_support_for_nine_point_cpps_trajectory
LA_T_6551971_0032	Boundary	True	True			
LA_T_6551971_0032	Interior_A	True	False	-79.9999999999983	-80.00000000000485	incomplete_strict_phone_support_for_nine_point_cpps_trajectory
LA_T_6551971_0032	Interior_B	True	True	880.0000000000025	880.0000000000031	
LA_T_6551971_0033	Boundary	True	True			
LA_T_6551971_0033	Interior_A	True	True	880.0000000000025	880.0000000000031	
LA_T_6551971_0033	Interior_B	True	True	640.0000000000006	640.0000000000011	
LA_T_6551971_0035	Boundary	True	True			
LA_T_6551971_0035	Interior_A	True	True	239.99999999999488	240.00000000000966	
LA_T_6551971_0035	Interior_B	True	False	-159.9999999999966	-160.00000000001023	incomplete_strict_phone_support_for_nine_point_cpps_trajectory
LA_T_6551971_0036	Boundary	True	True			
LA_T_6551971_0036	Interior_A	True	False	-159.9999999999966	-160.00000000001023	incomplete_strict_phone_support_for_nine_point_cpps_trajectory
LA_T_6551971_0036	Interior_B	True	False	-160.0000000000108	-159.99999999999602	incomplete_strict_phone_support_for_nine_point_cpps_trajectory
LA_T_6551971_0037	Boundary	True	True			
LA_T_6551971_0037	Interior_A	True	False	-160.0000000000108	-159.99999999999602	incomplete_strict_phone_support_for_nine_point_cpps_trajectory
LA_T_6551971_0037	Interior_B	True	False	0.0	5.551115123125783e-13	incomplete_strict_phone_support_for_nine_point_cpps_trajectory
LA_T_6551971_0038	Boundary	True	True			
LA_T_6551971_0038	Interior_A	True	False	0.0	5.551115123125783e-13	incomplete_strict_phone_support_for_nine_point_cpps_trajectory
LA_T_6551971_0038	Interior_B	True	True	80.0000000000125	79.99999999999885	
LA_T_6551971_0039	Boundary	True	True			
LA_T_6551971_0039	Interior_A	True	True	80.0000000000125	79.99999999999885	
LA_T_6551971_0039	Interior_B	True	False	-79.9999999999983	-80.00000000001195	incomplete_strict_phone_support_for_nine_point_cpps_trajectory
LA_T_6551971_0040	Boundary	True	False			official_v6_boundary_cpps_invalid_or_incomplete_support
LA_T_6551971_0040	Interior_A	True	False	-79.9999999999983	-80.00000000001195	incomplete_strict_phone_support_for_nine_point_cpps_trajectory
LA_T_6551971_0040	Interior_B	True	False	-159.9999999999966	-159.99999999999602	incomplete_strict_phone_support_for_nine_point_cpps_trajectory
LA_T_6551971_0041	Boundary	True	False			official_v6_boundary_cpps_invalid_or_incomplete_support
LA_T_6551971_0041	Interior_A	True	False	-159.9999999999966	-159.99999999999602	incomplete_strict_phone_support_for_nine_point_cpps_trajectory
LA_T_6551971_0041	Interior_B	True	False	-80.0000000000125	-79.99999999999774	incomplete_strict_phone_support_for_nine_point_cpps_trajectory
LA_T_6551971_0044	Boundary	True	False			official_v6_boundary_cpps_invalid_or_incomplete_support
LA_T_6551971_0044	Interior_A	True	True	399.9999999999915	400.00000000000625	
LA_T_6551971_0044	Interior_B	True	False	-80.0000000000125	-79.99999999999774	incomplete_strict_phone_support_for_nine_point_cpps_trajectory
LA_T_6551971_0045	Boundary	True	True			
LA_T_6551971_0045	Interior_A	True	False	-80.0000000000125	-79.99999999999774	incomplete_strict_phone_support_for_nine_point_cpps_trajectory
LA_T_6551971_0045	Interior_B	True	True	719.9999999999989	719.9999999999994	
LA_T_6551971_0047	Boundary	True	True			
LA_T_6551971_0047	Interior_A	True	False	-79.9999999999983	-79.99999999999774	incomplete_strict_phone_support_for_nine_point_cpps_trajectory
LA_T_6551971_0047	Interior_B	True	False	-159.9999999999966	-160.00000000001023	incomplete_strict_phone_support_for_nine_point_cpps_trajectory
LA_T_6551971_0048	Boundary	True	True			
LA_T_6551971_0048	Interior_A	True	False	-159.9999999999966	-160.00000000001023	incomplete_strict_phone_support_for_nine_point_cpps_trajectory
LA_T_6551971_0048	Interior_B	True	False	-159.9999999999966	-159.99999999999602	incomplete_strict_phone_support_for_nine_point_cpps_trajectory
LA_T_6551971_0049	Boundary	True	True			
LA_T_6551971_0049	Interior_A	True	False	-159.9999999999966	-159.99999999999602	incomplete_strict_phone_support_for_nine_point_cpps_trajectory
LA_T_6551971_0049	Interior_B	True	False	-160.0000000000108	-159.99999999999602	incomplete_strict_phone_support_for_nine_point_cpps_trajectory
LA_T_6551971_0050	Boundary	True	True			
LA_T_6551971_0050	Interior_A	True	False	-160.0000000000108	-159.99999999999602	incomplete_strict_phone_support_for_nine_point_cpps_trajectory
LA_T_6551971_0050	Interior_B	True	False	-159.9999999999966	-159.99999999999602	incomplete_strict_phone_support_for_nine_point_cpps_trajectory
LA_T_6551971_0051	Boundary	True	True			
LA_T_6551971_0051	Interior_A	True	False	-159.9999999999966	-159.99999999999602	incomplete_strict_phone_support_for_nine_point_cpps_trajectory
LA_T_6551971_0051	Interior_B	True	False	-159.9999999999966	-160.00000000001023	incomplete_strict_phone_support_for_nine_point_cpps_trajectory
LA_T_6551971_0052	Boundary	True	False			official_v6_boundary_cpps_invalid_or_incomplete_support
LA_T_6551971_0052	Interior_A	True	False	-159.9999999999966	-160.00000000001023	incomplete_strict_phone_support_for_nine_point_cpps_trajectory
LA_T_6551971_0052	Interior_B	True	True	240.0000000000091	239.99999999999545	
LA_T_6551971_0053	Boundary	True	False			official_v6_boundary_cpps_invalid_or_incomplete_support
LA_T_6551971_0053	Interior_A	True	True	240.0000000000091	239.99999999999545	
LA_T_6551971_0053	Interior_B	True	False	-159.9999999999966	-160.00000000001023	incomplete_strict_phone_support_for_nine_point_cpps_trajectory
LA_T_6551971_0054	Boundary	True	True			
LA_T_6551971_0054	Interior_A	True	False	-159.9999999999966	-160.00000000001023	incomplete_strict_phone_support_for_nine_point_cpps_trajectory
LA_T_6551971_0054	Interior_B	True	False	-159.9999999999966	-159.99999999999602	incomplete_strict_phone_support_for_nine_point_cpps_trajectory
LA_T_6551971_0055	Boundary	True	False			official_v6_boundary_cpps_invalid_or_incomplete_support
LA_T_6551971_0055	Interior_A	True	False	-159.9999999999966	-159.99999999999602	incomplete_strict_phone_support_for_nine_point_cpps_trajectory
LA_T_6551971_0055	Interior_B	True	False	-160.0000000000108	-159.99999999999602	incomplete_strict_phone_support_for_nine_point_cpps_trajectory
LA_T_6551971_0056	Boundary	True	False			official_v6_boundary_cpps_invalid_or_incomplete_support
LA_T_6551971_0056	Interior_A	True	False	-160.0000000000108	-159.99999999999602	incomplete_strict_phone_support_for_nine_point_cpps_trajectory
LA_T_6551971_0056	Interior_B	True	False	-159.9999999999966	-159.99999999999602	incomplete_strict_phone_support_for_nine_point_cpps_trajectory
LA_T_6551971_0057	Boundary	True	True			
LA_T_6551971_0057	Interior_A	True	False	-159.9999999999966	-159.99999999999602	incomplete_strict_phone_support_for_nine_point_cpps_trajectory
LA_T_6551971_0057	Interior_B	True	True	79.9999999999983	79.99999999999885	
LA_T_6551971_0058	Boundary	True	False			official_v6_boundary_cpps_invalid_or_incomplete_support
LA_T_6551971_0058	Interior_A	True	True	79.9999999999983	79.99999999999885	
LA_T_6551971_0058	Interior_B	True	True	159.9999999999966	159.99999999999716	
LA_T_6551971_0059	Boundary	True	False			official_v6_boundary_cpps_invalid_or_incomplete_support
LA_T_6551971_0059	Interior_A	True	True	159.9999999999966	159.99999999999716	
LA_T_6551971_0059	Interior_B	True	False	0.0	5.551115123125783e-13	incomplete_strict_phone_support_for_nine_point_cpps_trajectory
LA_T_6551971_0060	Boundary	True	True			
LA_T_6551971_0060	Interior_A	True	False	0.0	5.551115123125783e-13	incomplete_strict_phone_support_for_nine_point_cpps_trajectory
LA_T_6551971_0060	Interior_B	True	False	-79.9999999999983	-79.99999999999774	incomplete_strict_phone_support_for_nine_point_cpps_trajectory
LA_T_6551971_0061	Boundary	True	False			official_v6_boundary_cpps_invalid_or_incomplete_support
LA_T_6551971_0061	Interior_A	True	False	-79.9999999999983	-79.99999999999774	incomplete_strict_phone_support_for_nine_point_cpps_trajectory
LA_T_6551971_0061	Interior_B	True	True	159.9999999999966	159.99999999999716	
LA_T_6551971_0065	Boundary	True	True			
LA_T_6551971_0065	Interior_A	True	False	-79.9999999999983	-79.99999999999774	incomplete_strict_phone_support_for_nine_point_cpps_trajectory
LA_T_6551971_0065	Interior_B	True	False	0.0	5.551115123125783e-13	incomplete_strict_phone_support_for_nine_point_cpps_trajectory
LA_T_6551971_0066	Boundary	True	True			
LA_T_6551971_0066	Interior_A	True	False	0.0	5.551115123125783e-13	incomplete_strict_phone_support_for_nine_point_cpps_trajectory
LA_T_6551971_0066	Interior_B	True	True	239.99999999999488	239.99999999999545	
LA_T_6551971_0067	Boundary	True	True			
LA_T_6551971_0067	Interior_A	True	True	239.99999999999488	239.99999999999545	
LA_T_6551971_0067	Interior_B	True	False	-79.9999999999983	-79.99999999999774	incomplete_strict_phone_support_for_nine_point_cpps_trajectory
LA_T_6551971_0070	Boundary	True	True			
LA_T_6551971_0070	Interior_A	True	True	79.9999999999983	79.99999999999885	
LA_T_6551971_0070	Interior_B	True	True	160.0000000000108	159.99999999999716	
LA_T_6551971_0071	Boundary	True	True			
LA_T_6551971_0071	Interior_A	True	True	160.0000000000108	159.99999999999716	
LA_T_6551971_0071	Interior_B	True	True	1280.0000000000011	1280.0000000000016	
LA_T_6551971_0072	Boundary	True	False			official_v6_boundary_cpps_invalid_or_incomplete_support
LA_T_6551971_0072	Interior_A	True	True	1280.0000000000011	1280.0000000000016	
LA_T_6551971_0072	Interior_B	True	True	2000.0	1999.9999999999861	
LA_T_6552269_0000	Boundary	True	False			official_v6_boundary_cpps_invalid_or_incomplete_support
LA_T_6552269_0000	Interior_A	True	True	480.0000000000001	479.9999999999999	
LA_T_6552269_0000	Interior_B	True	True	160.00000000000014	160.00000000000026	
LA_T_6552269_0004	Boundary	True	True			
LA_T_6552269_0004	Interior_A	True	True	160.00000000000014	159.9999999999998	
LA_T_6552269_0004	Interior_B	True	True	800.0000000000007	799.9999999999995	
LA_T_6552269_0006	Boundary	True	False			official_v6_boundary_cpps_invalid_or_incomplete_support
LA_T_6552269_0006	Interior_A	True	False	-1.7763568394002505e-12	5.551115123125783e-13	incomplete_strict_phone_support_for_nine_point_cpps_trajectory
LA_T_6552269_0006	Interior_B	True	False	-80.00000000000185	-79.99999999999952	incomplete_strict_phone_support_for_nine_point_cpps_trajectory
LA_T_6552269_0007	Boundary	True	True			
LA_T_6552269_0007	Interior_A	True	False	-80.00000000000185	-79.99999999999952	incomplete_strict_phone_support_for_nine_point_cpps_trajectory
LA_T_6552269_0007	Interior_B	True	False	-160.00000000000014	-159.99999999999957	incomplete_strict_phone_support_for_nine_point_cpps_trajectory
LA_T_6552269_0008	Boundary	True	True			
LA_T_6552269_0008	Interior_A	True	False	-160.00000000000014	-159.99999999999957	incomplete_strict_phone_support_for_nine_point_cpps_trajectory
LA_T_6552269_0008	Interior_B	True	False	0.0	-1.2212453270876722e-12	incomplete_strict_phone_support_for_nine_point_cpps_trajectory
LA_T_6552269_0009	Boundary	True	True			
LA_T_6552269_0009	Interior_A	True	False	0.0	-1.2212453270876722e-12	incomplete_strict_phone_support_for_nine_point_cpps_trajectory
LA_T_6552269_0009	Interior_B	True	False	-80.00000000000007	-79.99999999999952	incomplete_strict_phone_support_for_nine_point_cpps_trajectory
LA_T_6552269_0012	Boundary	True	False			official_v6_boundary_cpps_invalid_or_incomplete_support
LA_T_6552269_0012	Interior_A	True	True	159.9999999999966	160.0000000000007	
LA_T_6552269_0012	Interior_B	True	False	-160.00000000000014	-159.99999999999957	incomplete_strict_phone_support_for_nine_point_cpps_trajectory
LA_T_6552269_0013	Boundary	True	False			official_v6_boundary_cpps_invalid_or_incomplete_support
LA_T_6552269_0013	Interior_A	True	False	-160.00000000000014	-159.99999999999957	incomplete_strict_phone_support_for_nine_point_cpps_trajectory
LA_T_6552269_0013	Interior_B	True	False	0.0	5.551115123125783e-13	incomplete_strict_phone_support_for_nine_point_cpps_trajectory
LA_T_6552269_0020	Boundary	True	True			
LA_T_6552269_0020	Interior_A	True	False	-80.00000000000185	-80.0000000000013	incomplete_strict_phone_support_for_nine_point_cpps_trajectory
LA_T_6552269_0020	Interior_B	True	False	-160.00000000000014	-159.99999999999957	incomplete_strict_phone_support_for_nine_point_cpps_trajectory
LA_T_6552269_0021	Boundary	True	False			official_v6_boundary_cpps_invalid_or_incomplete_support
LA_T_6552269_0021	Interior_A	True	False	-160.00000000000014	-159.99999999999957	incomplete_strict_phone_support_for_nine_point_cpps_trajectory
LA_T_6552269_0021	Interior_B	True	True	79.9999999999983	80.0000000000024	
LA_T_6552269_0025	Boundary	True	True			
LA_T_6552269_0025	Interior_A	True	True	400.00000000000216	399.99999999999557	
LA_T_6552269_0025	Interior_B	True	False	-79.9999999999983	-79.99999999999774	incomplete_strict_phone_support_for_nine_point_cpps_trajectory
LA_T_6552269_0030	Boundary	True	False			official_v6_boundary_cpps_invalid_or_incomplete_support
LA_T_6552269_0030	Interior_A	True	True	159.9999999999966	160.00000000000426	
LA_T_6552269_0030	Interior_B	True	True	399.9999999999986	399.99999999999915	
LA_T_6552269_0031	Boundary	True	True			
LA_T_6552269_0031	Interior_A	True	True	399.9999999999986	399.99999999999915	
LA_T_6552269_0031	Interior_B	True	True	399.9999999999986	399.99999999999915	
LA_T_6554619_0000	Boundary	True	True			
LA_T_6554619_0000	Interior_A	True	False	0.0	5.551115123125783e-13	incomplete_strict_phone_support_for_nine_point_cpps_trajectory
LA_T_6554619_0000	Interior_B	True	False	-80.00000000000185	-79.99999999999774	incomplete_strict_phone_support_for_nine_point_cpps_trajectory
LA_T_6554619_0001	Boundary	True	True			
LA_T_6554619_0001	Interior_A	True	False	-80.00000000000185	-79.99999999999774	incomplete_strict_phone_support_for_nine_point_cpps_trajectory
LA_T_6554619_0001	Interior_B	True	True	79.9999999999983	79.99999999999885	
LA_T_6554619_0002	Boundary	True	True			
LA_T_6554619_0002	Interior_A	True	True	79.9999999999983	79.99999999999885	
LA_T_6554619_0002	Interior_B	True	False	-160.00000000000014	-159.99999999999957	incomplete_strict_phone_support_for_nine_point_cpps_trajectory
LA_T_6554619_0010	Boundary	True	True			
LA_T_6554619_0010	Interior_A	True	False	-160.00000000000014	-159.99999999999957	incomplete_strict_phone_support_for_nine_point_cpps_trajectory
LA_T_6554619_0010	Interior_B	True	False	-80.00000000000185	-79.99999999999774	incomplete_strict_phone_support_for_nine_point_cpps_trajectory
LA_T_6554619_0013	Boundary	True	True			
LA_T_6554619_0013	Interior_A	True	False	-160.00000000000014	-159.99999999999957	incomplete_strict_phone_support_for_nine_point_cpps_trajectory
LA_T_6554619_0013	Interior_B	True	False	-79.9999999999983	-80.00000000000485	incomplete_strict_phone_support_for_nine_point_cpps_trajectory
LA_T_6554619_0014	Boundary	True	True			
LA_T_6554619_0014	Interior_A	True	False	-79.9999999999983	-80.00000000000485	incomplete_strict_phone_support_for_nine_point_cpps_trajectory
LA_T_6554619_0014	Interior_B	True	True	400.0000000000057	399.99999999999915	
LA_T_6554619_0015	Boundary	True	True			
LA_T_6554619_0015	Interior_A	True	True	400.0000000000057	399.99999999999915	
LA_T_6554619_0015	Interior_B	True	False	0.0	5.551115123125783e-13	incomplete_strict_phone_support_for_nine_point_cpps_trajectory
LA_T_6554619_0016	Boundary	True	True			
LA_T_6554619_0016	Interior_A	True	False	0.0	5.551115123125783e-13	incomplete_strict_phone_support_for_nine_point_cpps_trajectory
LA_T_6554619_0016	Interior_B	True	False	-79.9999999999983	-80.00000000000485	incomplete_strict_phone_support_for_nine_point_cpps_trajectory
LA_T_6554619_0017	Boundary	True	False			official_v6_boundary_cpps_invalid_or_incomplete_support
LA_T_6554619_0017	Interior_A	True	False	-79.9999999999983	-80.00000000000485	incomplete_strict_phone_support_for_nine_point_cpps_trajectory
LA_T_6554619_0017	Interior_B	True	False	-160.0000000000037	-159.99999999999602	incomplete_strict_phone_support_for_nine_point_cpps_trajectory
LA_T_6554619_0021	Boundary	True	True			
LA_T_6554619_0021	Interior_A	True	False	-79.9999999999983	-80.00000000000485	incomplete_strict_phone_support_for_nine_point_cpps_trajectory
LA_T_6554619_0021	Interior_B	True	False	-79.9999999999983	-79.99999999999774	incomplete_strict_phone_support_for_nine_point_cpps_trajectory
LA_T_6554619_0022	Boundary	True	True			
LA_T_6554619_0022	Interior_A	True	False	-79.9999999999983	-79.99999999999774	incomplete_strict_phone_support_for_nine_point_cpps_trajectory
LA_T_6554619_0022	Interior_B	True	False	-80.0000000000054	-79.99999999999774	incomplete_strict_phone_support_for_nine_point_cpps_trajectory
LA_T_6556647_0000	Boundary	True	True			
LA_T_6556647_0000	Interior_A	True	True	79.99999999999963	80.00000000000018	
LA_T_6556647_0000	Interior_B	True	False	-160.00000000000014	-160.00000000000003	incomplete_strict_phone_support_for_nine_point_cpps_trajectory
LA_T_6556647_0001	Boundary	True	True			
LA_T_6556647_0001	Interior_A	True	False	-160.00000000000014	-160.00000000000003	incomplete_strict_phone_support_for_nine_point_cpps_trajectory
LA_T_6556647_0001	Interior_B	True	False	-80.00000000000051	-79.99999999999952	incomplete_strict_phone_support_for_nine_point_cpps_trajectory
LA_T_6556647_0002	Boundary	True	True			
LA_T_6556647_0002	Interior_A	True	False	-80.00000000000051	-79.99999999999952	incomplete_strict_phone_support_for_nine_point_cpps_trajectory
LA_T_6556647_0002	Interior_B	True	True	1040.0	1040.0000000000005	
LA_T_6556647_0003	Boundary	True	True			
LA_T_6556647_0003	Interior_A	True	True	1040.0	1040.0000000000005	
LA_T_6556647_0003	Interior_B	True	False	-80.00000000000185	-79.99999999999952	incomplete_strict_phone_support_for_nine_point_cpps_trajectory
LA_T_6556647_0004	Boundary	True	True			
LA_T_6556647_0004	Interior_A	True	False	-80.00000000000185	-79.99999999999952	incomplete_strict_phone_support_for_nine_point_cpps_trajectory
LA_T_6556647_0004	Interior_B	True	False	-80.00000000000007	-79.99999999999952	incomplete_strict_phone_support_for_nine_point_cpps_trajectory
LA_T_6556647_0005	Boundary	True	True			
LA_T_6556647_0005	Interior_A	True	False	-80.00000000000007	-79.99999999999952	incomplete_strict_phone_support_for_nine_point_cpps_trajectory
LA_T_6556647_0005	Interior_B	True	False	-80.00000000000007	-80.0000000000013	incomplete_strict_phone_support_for_nine_point_cpps_trajectory
LA_T_6556647_0006	Boundary	True	True			
LA_T_6556647_0006	Interior_A	True	False	-80.00000000000007	-80.0000000000013	incomplete_strict_phone_support_for_nine_point_cpps_trajectory
LA_T_6556647_0006	Interior_B	True	False	-80.00000000000007	-79.99999999999952	incomplete_strict_phone_support_for_nine_point_cpps_trajectory
LA_T_6556647_0007	Boundary	True	True			
LA_T_6556647_0007	Interior_A	True	False	-80.00000000000007	-79.99999999999952	incomplete_strict_phone_support_for_nine_point_cpps_trajectory
LA_T_6556647_0007	Interior_B	True	False	-80.00000000000185	-79.99999999999952	incomplete_strict_phone_support_for_nine_point_cpps_trajectory
LA_T_6556647_0010	Boundary	True	False			official_v6_boundary_cpps_invalid_or_incomplete_support
LA_T_6556647_0010	Interior_A	True	True	79.9999999999983	80.00000000000063	
LA_T_6556647_0010	Interior_B	True	True	320.0000000000003	319.99999999999727	
LA_T_6556647_0011	Boundary	True	False			official_v6_boundary_cpps_invalid_or_incomplete_support
LA_T_6556647_0011	Interior_A	True	True	320.0000000000003	319.99999999999727	
LA_T_6556647_0011	Interior_B	True	False	-160.00000000000014	-159.99999999999957	incomplete_strict_phone_support_for_nine_point_cpps_trajectory
LA_T_6556647_0012	Boundary	True	True			
LA_T_6556647_0012	Interior_A	True	False	-160.00000000000014	-159.99999999999957	incomplete_strict_phone_support_for_nine_point_cpps_trajectory
LA_T_6556647_0012	Interior_B	True	True	320.0000000000003	320.00000000000085	
LA_T_6556647_0013	Boundary	True	True			
LA_T_6556647_0013	Interior_A	True	True	320.0000000000003	320.00000000000085	
LA_T_6556647_0013	Interior_B	True	False	0.0	-2.9976021664879227e-12	incomplete_strict_phone_support_for_nine_point_cpps_trajectory
LA_T_6556647_0014	Boundary	True	False			official_v6_boundary_cpps_invalid_or_incomplete_support
LA_T_6556647_0014	Interior_A	True	False	0.0	-2.9976021664879227e-12	incomplete_strict_phone_support_for_nine_point_cpps_trajectory
LA_T_6556647_0014	Interior_B	True	True	79.9999999999983	80.0000000000024	
LA_T_6556647_0019	Boundary	True	True			
LA_T_6556647_0019	Interior_A	True	True	960.0000000000009	960.0000000000014	
LA_T_6556647_0019	Interior_B	True	True	319.9999999999967	320.00000000000085	
LA_T_6556669_0000	Boundary	True	False			official_v6_boundary_cpps_invalid_or_incomplete_support
LA_T_6556669_0000	Interior_A	True	False	-160.00000000000014	-159.99999999999957	incomplete_strict_phone_support_for_nine_point_cpps_trajectory
LA_T_6556669_0000	Interior_B	True	False	-160.00000000000014	-159.99999999999957	incomplete_strict_phone_support_for_nine_point_cpps_trajectory
LA_T_6556669_0001	Boundary	True	True			
LA_T_6556669_0001	Interior_A	True	False	-160.00000000000014	-159.99999999999957	incomplete_strict_phone_support_for_nine_point_cpps_trajectory
LA_T_6556669_0001	Interior_B	True	False	-80.00000000000185	-79.99999999999774	incomplete_strict_phone_support_for_nine_point_cpps_trajectory
LA_T_6556669_0002	Boundary	True	True			
LA_T_6556669_0002	Interior_A	True	False	-80.00000000000185	-79.99999999999774	incomplete_strict_phone_support_for_nine_point_cpps_trajectory
LA_T_6556669_0002	Interior_B	True	False	-160.00000000000014	-160.00000000000313	incomplete_strict_phone_support_for_nine_point_cpps_trajectory
LA_T_6556669_0004	Boundary	True	True			
LA_T_6556669_0004	Interior_A	True	False	-79.9999999999983	-80.0000000000013	incomplete_strict_phone_support_for_nine_point_cpps_trajectory
LA_T_6556669_0004	Interior_B	True	True	80.00000000000185	79.99999999999885	
LA_T_6556669_0007	Boundary	True	True			
LA_T_6556669_0007	Interior_A	True	True	159.9999999999966	160.0000000000007	
LA_T_6556669_0007	Interior_B	True	False	-79.9999999999983	-80.00000000000485	incomplete_strict_phone_support_for_nine_point_cpps_trajectory
LA_T_6556669_0008	Boundary	True	True			
LA_T_6556669_0008	Interior_A	True	False	-79.9999999999983	-80.00000000000485	incomplete_strict_phone_support_for_nine_point_cpps_trajectory
LA_T_6556669_0008	Interior_B	True	False	-79.9999999999983	-79.99999999999774	incomplete_strict_phone_support_for_nine_point_cpps_trajectory
LA_T_6556669_0009	Boundary	True	True			
LA_T_6556669_0009	Interior_A	True	False	-79.9999999999983	-79.99999999999774	incomplete_strict_phone_support_for_nine_point_cpps_trajectory
LA_T_6556669_0009	Interior_B	True	True	399.9999999999986	399.99999999999915	
LA_T_6556926_0000	Boundary	True	True			
LA_T_6556926_0000	Interior_A	True	False	-160.00000000000014	-159.99999999999957	incomplete_strict_phone_support_for_nine_point_cpps_trajectory
LA_T_6556926_0000	Interior_B	True	False	0.0	-3.3306690738754696e-13	incomplete_strict_phone_support_for_nine_point_cpps_trajectory
LA_T_6556926_0001	Boundary	True	True			
LA_T_6556926_0001	Interior_A	True	False	0.0	-3.3306690738754696e-13	incomplete_strict_phone_support_for_nine_point_cpps_trajectory
LA_T_6556926_0001	Interior_B	True	True	160.00000000000102	159.9999999999998	
LA_T_6556926_0002	Boundary	True	True			
LA_T_6556926_0002	Interior_A	True	True	160.00000000000102	159.9999999999998	
LA_T_6556926_0002	Interior_B	True	False	-80.00000000000007	-79.99999999999952	incomplete_strict_phone_support_for_nine_point_cpps_trajectory
LA_T_6556926_0003	Boundary	True	True			
LA_T_6556926_0003	Interior_A	True	False	-80.00000000000007	-79.99999999999952	incomplete_strict_phone_support_for_nine_point_cpps_trajectory
LA_T_6556926_0003	Interior_B	True	True	160.00000000000014	159.99999999999892	
LA_T_6556926_0004	Boundary	True	True			
LA_T_6556926_0004	Interior_A	True	True	160.00000000000014	159.99999999999892	
LA_T_6556926_0004	Interior_B	True	True	80.00000000000007	79.99999999999885	
LA_T_6556926_0005	Boundary	True	False			official_v6_boundary_cpps_invalid_or_incomplete_support
LA_T_6556926_0005	Interior_A	True	True	80.00000000000007	79.99999999999885	
LA_T_6556926_0005	Interior_B	True	False	0.0	5.551115123125783e-13	incomplete_strict_phone_support_for_nine_point_cpps_trajectory
LA_T_6556926_0008	Boundary	True	True			
LA_T_6556926_0008	Interior_A	True	False	-80.00000000000007	-79.99999999999952	incomplete_strict_phone_support_for_nine_point_cpps_trajectory
LA_T_6556926_0008	Interior_B	True	False	-1.7763568394002505e-12	5.551115123125783e-13	incomplete_strict_phone_support_for_nine_point_cpps_trajectory
LA_T_6556926_0009	Boundary	True	True			
LA_T_6556926_0009	Interior_A	True	False	-1.7763568394002505e-12	5.551115123125783e-13	incomplete_strict_phone_support_for_nine_point_cpps_trajectory
LA_T_6556926_0009	Interior_B	True	False	-160.00000000000014	-159.99999999999957	incomplete_strict_phone_support_for_nine_point_cpps_trajectory
LA_T_6556926_0010	Boundary	True	False			official_v6_boundary_cpps_invalid_or_incomplete_support
LA_T_6556926_0010	Interior_A	True	False	-160.00000000000014	-159.99999999999957	incomplete_strict_phone_support_for_nine_point_cpps_trajectory
LA_T_6556926_0010	Interior_B	True	True	239.99999999999844	239.999999999999	
LA_T_6556926_0013	Boundary	True	False			official_v6_boundary_cpps_invalid_or_incomplete_support
LA_T_6556926_0013	Interior_A	True	False	-79.9999999999983	-80.0000000000013	incomplete_strict_phone_support_for_nine_point_cpps_trajectory
LA_T_6556926_0013	Interior_B	True	False	-160.00000000000014	-159.99999999999957	incomplete_strict_phone_support_for_nine_point_cpps_trajectory
LA_T_6558068_0004	Boundary	True	False			official_v6_boundary_cpps_invalid_or_incomplete_support
LA_T_6558068_0004	Interior_A	True	True	80.00000000000007	79.99999999999974	
LA_T_6558068_0004	Interior_B	True	True	160.00000000000102	159.99999999999892	
LA_T_6558068_0005	Boundary	True	False			official_v6_boundary_cpps_invalid_or_incomplete_support
LA_T_6558068_0005	Interior_A	True	True	160.00000000000102	159.99999999999892	
LA_T_6558068_0005	Interior_B	True	True	240.00000000000023	240.00000000000077	
LA_T_6558068_0006	Boundary	True	False			official_v6_boundary_cpps_invalid_or_incomplete_support
LA_T_6558068_0006	Interior_A	True	True	240.00000000000023	240.00000000000077	
LA_T_6558068_0006	Interior_B	True	False	-80.00000000000007	-80.0000000000013	incomplete_strict_phone_support_for_nine_point_cpps_trajectory
LA_T_6558068_0011	Boundary	True	True			
LA_T_6558068_0011	Interior_A	True	False	-160.00000000000193	-159.99999999999957	incomplete_strict_phone_support_for_nine_point_cpps_trajectory
LA_T_6558068_0011	Interior_B	True	False	-80.00000000000185	-79.99999999999774	incomplete_strict_phone_support_for_nine_point_cpps_trajectory
LA_T_6558068_0012	Boundary	True	True			
LA_T_6558068_0012	Interior_A	True	False	-80.00000000000185	-79.99999999999774	incomplete_strict_phone_support_for_nine_point_cpps_trajectory
LA_T_6558068_0012	Interior_B	True	False	-80.00000000000185	-79.99999999999774	incomplete_strict_phone_support_for_nine_point_cpps_trajectory
LA_T_6558068_0013	Boundary	True	True			
LA_T_6558068_0013	Interior_A	True	False	-80.00000000000185	-79.99999999999774	incomplete_strict_phone_support_for_nine_point_cpps_trajectory
LA_T_6558068_0013	Interior_B	True	False	-80.00000000000185	-80.0000000000013	incomplete_strict_phone_support_for_nine_point_cpps_trajectory
LA_T_6558068_0020	Boundary	True	False			official_v6_boundary_cpps_invalid_or_incomplete_support
LA_T_6558068_0020	Interior_A	True	True	160.00000000000014	160.0000000000007	
LA_T_6558068_0020	Interior_B	True	True	160.00000000000014	159.99999999999716	
LA_T_6558068_0028	Boundary	True	False			official_v6_boundary_cpps_invalid_or_incomplete_support
LA_T_6558068_0028	Interior_A	True	False	0.0	5.551115123125783e-13	incomplete_strict_phone_support_for_nine_point_cpps_trajectory
LA_T_6558068_0028	Interior_B	True	False	-79.9999999999983	-80.00000000000485	incomplete_strict_phone_support_for_nine_point_cpps_trajectory
LA_T_6558068_0029	Boundary	True	False			official_v6_boundary_cpps_invalid_or_incomplete_support
LA_T_6558068_0029	Interior_A	True	False	-79.9999999999983	-80.00000000000485	incomplete_strict_phone_support_for_nine_point_cpps_trajectory
LA_T_6558068_0029	Interior_B	True	True	399.9999999999986	399.99999999999915	
LA_T_6558068_0030	Boundary	True	False			official_v6_boundary_cpps_invalid_or_incomplete_support
LA_T_6558068_0030	Interior_A	True	True	399.9999999999986	399.99999999999915	
LA_T_6558068_0030	Interior_B	True	True	240.000000000002	240.00000000000256	
LA_T_6558068_0033	Boundary	True	True			
LA_T_6558068_0033	Interior_A	True	False	-79.9999999999983	-79.99999999999774	incomplete_strict_phone_support_for_nine_point_cpps_trajectory
LA_T_6558068_0033	Interior_B	True	True	159.9999999999966	159.99999999999716	
LA_T_6558068_0034	Boundary	True	True			
LA_T_6558068_0034	Interior_A	True	True	159.9999999999966	159.99999999999716	
LA_T_6558068_0034	Interior_B	True	True	320.0000000000003	320.00000000000085	
LA_T_6558068_0035	Boundary	True	True			
LA_T_6558068_0035	Interior_A	True	True	320.0000000000003	320.00000000000085	
LA_T_6558068_0035	Interior_B	True	False	0.0	5.551115123125783e-13	incomplete_strict_phone_support_for_nine_point_cpps_trajectory
LA_T_6558068_0036	Boundary	True	True			
LA_T_6558068_0036	Interior_A	True	False	0.0	5.551115123125783e-13	incomplete_strict_phone_support_for_nine_point_cpps_trajectory
LA_T_6558068_0036	Interior_B	True	True	159.9999999999966	160.00000000000426	
LA_T_6558068_0037	Boundary	True	True			
LA_T_6558068_0037	Interior_A	True	True	159.9999999999966	160.00000000000426	
LA_T_6558068_0037	Interior_B	True	False	0.0	5.551115123125783e-13	incomplete_strict_phone_support_for_nine_point_cpps_trajectory
LA_T_6558068_0038	Boundary	True	True			
LA_T_6558068_0038	Interior_A	True	False	0.0	5.551115123125783e-13	incomplete_strict_phone_support_for_nine_point_cpps_trajectory
LA_T_6558068_0038	Interior_B	True	True	240.000000000002	239.99999999999545	
LA_T_6559360_0007	Boundary	True	False			official_v6_boundary_cpps_invalid_or_incomplete_support
LA_T_6559360_0007	Interior_A	True	True	240.000000000002	239.999999999999	
LA_T_6559360_0007	Interior_B	True	False	-160.00000000000014	-159.99999999999957	incomplete_strict_phone_support_for_nine_point_cpps_trajectory
LA_T_6559360_0008	Boundary	True	False			official_v6_boundary_cpps_invalid_or_incomplete_support
LA_T_6559360_0008	Interior_A	True	False	-160.00000000000014	-159.99999999999957	incomplete_strict_phone_support_for_nine_point_cpps_trajectory
LA_T_6559360_0008	Interior_B	True	False	-3.552713678800501e-12	5.551115123125783e-13	incomplete_strict_phone_support_for_nine_point_cpps_trajectory
LA_T_6559360_0011	Boundary	True	True			
LA_T_6559360_0011	Interior_A	True	False	-3.552713678800501e-12	5.551115123125783e-13	incomplete_strict_phone_support_for_nine_point_cpps_trajectory
LA_T_6559360_0011	Interior_B	True	False	-79.9999999999983	-79.99999999999774	incomplete_strict_phone_support_for_nine_point_cpps_trajectory
LA_T_6559360_0014	Boundary	True	False			official_v6_boundary_cpps_invalid_or_incomplete_support
LA_T_6559360_0014	Interior_A	True	True	240.000000000002	239.99999999999545	
LA_T_6559360_0014	Interior_B	True	True	240.000000000002	240.00000000000256	
LA_T_6559360_0015	Boundary	True	False			official_v6_boundary_cpps_invalid_or_incomplete_support
LA_T_6559360_0015	Interior_A	True	True	240.000000000002	240.00000000000256	
LA_T_6559360_0015	Interior_B	True	True	79.9999999999983	79.99999999999885	
LA_T_6559360_0019	Boundary	True	True			
LA_T_6559360_0019	Interior_A	True	True	160.0000000000037	159.99999999999716	
LA_T_6559360_0019	Interior_B	True	False	-159.9999999999966	-160.00000000000313	incomplete_strict_phone_support_for_nine_point_cpps_trajectory
LA_T_6559360_0020	Boundary	True	False			official_v6_boundary_cpps_invalid_or_incomplete_support
LA_T_6559360_0020	Interior_A	True	False	-159.9999999999966	-160.00000000000313	incomplete_strict_phone_support_for_nine_point_cpps_trajectory
LA_T_6559360_0020	Interior_B	True	True	159.9999999999966	160.00000000000426	
LA_T_6559360_0021	Boundary	True	False			official_v6_boundary_cpps_invalid_or_incomplete_support
LA_T_6559360_0021	Interior_A	True	True	159.9999999999966	160.00000000000426	
LA_T_6559360_0021	Interior_B	True	False	-79.9999999999983	-80.00000000000485	incomplete_strict_phone_support_for_nine_point_cpps_trajectory
LA_T_6559360_0022	Boundary	True	False			official_v6_boundary_cpps_invalid_or_incomplete_support
LA_T_6559360_0022	Interior_A	True	False	-79.9999999999983	-80.00000000000485	incomplete_strict_phone_support_for_nine_point_cpps_trajectory
LA_T_6559360_0022	Interior_B	True	False	0.0	5.551115123125783e-13	incomplete_strict_phone_support_for_nine_point_cpps_trajectory
LA_T_6559360_0023	Boundary	True	False			official_v6_boundary_cpps_invalid_or_incomplete_support
LA_T_6559360_0023	Interior_A	True	False	0.0	5.551115123125783e-13	incomplete_strict_phone_support_for_nine_point_cpps_trajectory
LA_T_6559360_0023	Interior_B	True	False	-79.9999999999983	-80.00000000000485	incomplete_strict_phone_support_for_nine_point_cpps_trajectory
LA_T_6559360_0024	Boundary	True	False			official_v6_boundary_cpps_invalid_or_incomplete_support
LA_T_6559360_0024	Interior_A	True	False	-79.9999999999983	-80.00000000000485	incomplete_strict_phone_support_for_nine_point_cpps_trajectory
LA_T_6559360_0024	Interior_B	True	False	-159.9999999999966	-160.00000000000313	incomplete_strict_phone_support_for_nine_point_cpps_trajectory
LA_T_6559360_0025	Boundary	True	False			official_v6_boundary_cpps_invalid_or_incomplete_support
LA_T_6559360_0025	Interior_A	True	False	-159.9999999999966	-160.00000000000313	incomplete_strict_phone_support_for_nine_point_cpps_trajectory
LA_T_6559360_0025	Interior_B	True	True	79.9999999999983	80.00000000000595	
LA_T_6559360_0026	Boundary	True	False			official_v6_boundary_cpps_invalid_or_incomplete_support
LA_T_6559360_0026	Interior_A	True	True	79.9999999999983	80.00000000000595	
LA_T_6559360_0026	Interior_B	True	True	79.9999999999983	79.99999999999885	
LA_T_6559360_0031	Boundary	True	True			
LA_T_6559360_0031	Interior_A	True	False	-79.9999999999983	-80.00000000000485	incomplete_strict_phone_support_for_nine_point_cpps_trajectory
LA_T_6559360_0031	Interior_B	True	False	-160.0000000000037	-159.99999999999602	incomplete_strict_phone_support_for_nine_point_cpps_trajectory
LA_T_6559360_0032	Boundary	True	True			
LA_T_6559360_0032	Interior_A	True	False	-160.0000000000037	-159.99999999999602	incomplete_strict_phone_support_for_nine_point_cpps_trajectory
LA_T_6559360_0032	Interior_B	True	False	-159.9999999999966	-160.00000000000313	incomplete_strict_phone_support_for_nine_point_cpps_trajectory
LA_T_6559360_0033	Boundary	True	False			official_v6_boundary_cpps_invalid_or_incomplete_support
LA_T_6559360_0033	Interior_A	True	False	-159.9999999999966	-160.00000000000313	incomplete_strict_phone_support_for_nine_point_cpps_trajectory
LA_T_6559360_0033	Interior_B	True	False	0.0	5.551115123125783e-13	incomplete_strict_phone_support_for_nine_point_cpps_trajectory
LA_T_6559360_0034	Boundary	True	False			official_v6_boundary_cpps_invalid_or_incomplete_support
LA_T_6559360_0034	Interior_A	True	False	0.0	5.551115123125783e-13	incomplete_strict_phone_support_for_nine_point_cpps_trajectory
LA_T_6559360_0034	Interior_B	True	False	-160.0000000000037	-159.99999999999602	incomplete_strict_phone_support_for_nine_point_cpps_trajectory
LA_T_6559360_0035	Boundary	True	True			
LA_T_6559360_0035	Interior_A	True	False	-160.0000000000037	-159.99999999999602	incomplete_strict_phone_support_for_nine_point_cpps_trajectory
LA_T_6559360_0035	Interior_B	True	False	-160.0000000000037	-160.00000000000313	incomplete_strict_phone_support_for_nine_point_cpps_trajectory
LA_T_6559360_0036	Boundary	True	True			
LA_T_6559360_0036	Interior_A	True	False	-160.0000000000037	-160.00000000000313	incomplete_strict_phone_support_for_nine_point_cpps_trajectory
LA_T_6559360_0036	Interior_B	True	True	160.0000000000037	159.99999999999716	
LA_T_6559360_0041	Boundary	True	False			official_v6_boundary_cpps_invalid_or_incomplete_support
LA_T_6559360_0041	Interior_A	True	False	0.0	5.551115123125783e-13	incomplete_strict_phone_support_for_nine_point_cpps_trajectory
LA_T_6559360_0041	Interior_B	True	False	0.0	5.551115123125783e-13	incomplete_strict_phone_support_for_nine_point_cpps_trajectory
LA_T_6559360_0042	Boundary	True	False			official_v6_boundary_cpps_invalid_or_incomplete_support
LA_T_6559360_0042	Interior_A	True	False	0.0	5.551115123125783e-13	incomplete_strict_phone_support_for_nine_point_cpps_trajectory
LA_T_6559360_0042	Interior_B	True	False	0.0	5.551115123125783e-13	incomplete_strict_phone_support_for_nine_point_cpps_trajectory
LA_T_6559360_0043	Boundary	True	True			
LA_T_6559360_0043	Interior_A	True	False	0.0	5.551115123125783e-13	incomplete_strict_phone_support_for_nine_point_cpps_trajectory
LA_T_6559360_0043	Interior_B	True	False	-159.9999999999966	-160.00000000001023	incomplete_strict_phone_support_for_nine_point_cpps_trajectory
LA_T_6559360_0046	Boundary	True	False			official_v6_boundary_cpps_invalid_or_incomplete_support
LA_T_6559360_0046	Interior_A	True	True	80.0000000000125	79.99999999999885	
LA_T_6559360_0046	Interior_B	True	False	-79.9999999999983	-80.00000000001195	incomplete_strict_phone_support_for_nine_point_cpps_trajectory
LA_T_6559360_0047	Boundary	True	False			official_v6_boundary_cpps_invalid_or_incomplete_support
LA_T_6559360_0047	Interior_A	True	False	-79.9999999999983	-80.00000000001195	incomplete_strict_phone_support_for_nine_point_cpps_trajectory
LA_T_6559360_0047	Interior_B	True	False	-79.9999999999983	-79.99999999999774	incomplete_strict_phone_support_for_nine_point_cpps_trajectory
LA_T_6559360_0048	Boundary	True	False			official_v6_boundary_cpps_invalid_or_incomplete_support
LA_T_6559360_0048	Interior_A	True	False	-79.9999999999983	-79.99999999999774	incomplete_strict_phone_support_for_nine_point_cpps_trajectory
LA_T_6559360_0048	Interior_B	True	False	-79.9999999999983	-79.99999999999774	incomplete_strict_phone_support_for_nine_point_cpps_trajectory
LA_T_6559360_0049	Boundary	True	True			
LA_T_6559360_0049	Interior_A	True	False	-79.9999999999983	-79.99999999999774	incomplete_strict_phone_support_for_nine_point_cpps_trajectory
LA_T_6559360_0049	Interior_B	True	False	-80.0000000000125	-79.99999999999774	incomplete_strict_phone_support_for_nine_point_cpps_trajectory
LA_T_6559360_0052	Boundary	True	True			
LA_T_6559360_0052	Interior_A	True	False	-79.9999999999983	-79.99999999999774	incomplete_strict_phone_support_for_nine_point_cpps_trajectory
LA_T_6559360_0052	Interior_B	True	True	79.9999999999983	79.99999999999885	
LA_T_6559360_0053	Boundary	True	False			official_v6_boundary_cpps_invalid_or_incomplete_support
LA_T_6559360_0053	Interior_A	True	True	79.9999999999983	79.99999999999885	
LA_T_6559360_0053	Interior_B	True	True	79.9999999999983	79.99999999999885	
LA_T_6559360_0054	Boundary	True	False			official_v6_boundary_cpps_invalid_or_incomplete_support
LA_T_6559360_0054	Interior_A	True	True	79.9999999999983	79.99999999999885	
LA_T_6559360_0054	Interior_B	True	False	0.0	5.551115123125783e-13	incomplete_strict_phone_support_for_nine_point_cpps_trajectory
LA_T_6559360_0055	Boundary	True	False			official_v6_boundary_cpps_invalid_or_incomplete_support
LA_T_6559360_0055	Interior_A	True	False	0.0	5.551115123125783e-13	incomplete_strict_phone_support_for_nine_point_cpps_trajectory
LA_T_6559360_0055	Interior_B	True	False	-159.9999999999966	-159.99999999999602	incomplete_strict_phone_support_for_nine_point_cpps_trajectory
LA_T_6559360_0059	Boundary	True	True			
LA_T_6559360_0059	Interior_A	True	False	-159.9999999999966	-159.99999999999602	incomplete_strict_phone_support_for_nine_point_cpps_trajectory
LA_T_6559360_0059	Interior_B	True	False	0.0	5.551115123125783e-13	incomplete_strict_phone_support_for_nine_point_cpps_trajectory
LA_T_6559360_0060	Boundary	True	True			
LA_T_6559360_0060	Interior_A	True	False	0.0	5.551115123125783e-13	incomplete_strict_phone_support_for_nine_point_cpps_trajectory
LA_T_6559360_0060	Interior_B	True	True	559.9999999999881	560.0000000000028	
LA_T_6559959_0001	Boundary	True	False			official_v6_boundary_cpps_invalid_or_incomplete_support
LA_T_6559959_0001	Interior_A	True	False	-160.00000000000014	-159.99999999999957	incomplete_strict_phone_support_for_nine_point_cpps_trajectory
LA_T_6559959_0001	Interior_B	True	False	-80.00000000000007	-80.0000000000004	incomplete_strict_phone_support_for_nine_point_cpps_trajectory
LA_T_6559959_0002	Boundary	True	False			official_v6_boundary_cpps_invalid_or_incomplete_support
LA_T_6559959_0002	Interior_A	True	False	-80.00000000000007	-80.0000000000004	incomplete_strict_phone_support_for_nine_point_cpps_trajectory
LA_T_6559959_0002	Interior_B	True	False	-159.99999999999926	-160.00000000000048	incomplete_strict_phone_support_for_nine_point_cpps_trajectory
LA_T_6559959_0005	Boundary	True	True			
LA_T_6559959_0005	Interior_A	True	False	-160.00000000000014	-159.99999999999957	incomplete_strict_phone_support_for_nine_point_cpps_trajectory
LA_T_6559959_0005	Interior_B	True	False	-80.00000000000185	-79.99999999999952	incomplete_strict_phone_support_for_nine_point_cpps_trajectory
LA_T_6559959_0009	Boundary	True	False			official_v6_boundary_cpps_invalid_or_incomplete_support
LA_T_6559959_0009	Interior_A	True	True	240.00000000000023	239.999999999999	
LA_T_6559959_0009	Interior_B	True	True	79.9999999999983	80.00000000000063	
LA_T_6559959_0010	Boundary	True	False			official_v6_boundary_cpps_invalid_or_incomplete_support
LA_T_6559959_0010	Interior_A	True	True	79.9999999999983	80.00000000000063	
LA_T_6559959_0010	Interior_B	True	False	0.0	-1.2212453270876722e-12	incomplete_strict_phone_support_for_nine_point_cpps_trajectory
LA_T_6559959_0014	Boundary	True	False			official_v6_boundary_cpps_invalid_or_incomplete_support
LA_T_6559959_0014	Interior_A	True	False	-160.00000000000014	-159.99999999999957	incomplete_strict_phone_support_for_nine_point_cpps_trajectory
LA_T_6559959_0014	Interior_B	True	False	-3.552713678800501e-12	5.551115123125783e-13	incomplete_strict_phone_support_for_nine_point_cpps_trajectory
LA_T_6559959_0015	Boundary	True	False			official_v6_boundary_cpps_invalid_or_incomplete_support
LA_T_6559959_0015	Interior_A	True	False	-3.552713678800501e-12	5.551115123125783e-13	incomplete_strict_phone_support_for_nine_point_cpps_trajectory
LA_T_6559959_0015	Interior_B	True	True	400.00000000000216	399.99999999999915	
LA_T_6559959_0016	Boundary	True	True			
LA_T_6559959_0016	Interior_A	True	True	400.00000000000216	399.99999999999915	
LA_T_6559959_0016	Interior_B	True	False	-80.00000000000185	-80.0000000000013	incomplete_strict_phone_support_for_nine_point_cpps_trajectory
LA_T_6559959_0017	Boundary	True	True			
LA_T_6559959_0017	Interior_A	True	False	-80.00000000000185	-80.0000000000013	incomplete_strict_phone_support_for_nine_point_cpps_trajectory
LA_T_6559959_0017	Interior_B	True	False	-160.00000000000014	-159.99999999999957	incomplete_strict_phone_support_for_nine_point_cpps_trajectory
LA_T_6559959_0018	Boundary	True	True			
LA_T_6559959_0018	Interior_A	True	False	-160.00000000000014	-159.99999999999957	incomplete_strict_phone_support_for_nine_point_cpps_trajectory
LA_T_6559959_0018	Interior_B	True	True	80.00000000000185	79.99999999999885	
LA_T_6559959_0019	Boundary	True	False			official_v6_boundary_cpps_invalid_or_incomplete_support
LA_T_6559959_0019	Interior_A	True	True	80.00000000000185	79.99999999999885	
LA_T_6559959_0019	Interior_B	True	False	-80.00000000000185	-79.99999999999774	incomplete_strict_phone_support_for_nine_point_cpps_trajectory
LA_T_6559959_0022	Boundary	True	True			
LA_T_6559959_0022	Interior_A	True	True	400.00000000000216	399.99999999999915	
LA_T_6559959_0022	Interior_B	True	True	320.0000000000003	319.99999999999727	
LA_T_6559959_0023	Boundary	True	True			
LA_T_6559959_0023	Interior_A	True	True	320.0000000000003	319.99999999999727	
LA_T_6559959_0023	Interior_B	True	False	0.0	5.551115123125783e-13	incomplete_strict_phone_support_for_nine_point_cpps_trajectory
LA_T_6559959_0024	Boundary	True	True			
LA_T_6559959_0024	Interior_A	True	False	0.0	5.551115123125783e-13	incomplete_strict_phone_support_for_nine_point_cpps_trajectory
LA_T_6559959_0024	Interior_B	True	False	-160.00000000000014	-160.00000000000313	incomplete_strict_phone_support_for_nine_point_cpps_trajectory
LA_T_6559959_0025	Boundary	True	True			
LA_T_6559959_0025	Interior_A	True	False	-160.00000000000014	-160.00000000000313	incomplete_strict_phone_support_for_nine_point_cpps_trajectory
LA_T_6559959_0025	Interior_B	True	False	-79.9999999999983	-79.99999999999774	incomplete_strict_phone_support_for_nine_point_cpps_trajectory
LA_T_6559959_0026	Boundary	True	False			official_v6_boundary_cpps_invalid_or_incomplete_support
LA_T_6559959_0026	Interior_A	True	False	-79.9999999999983	-79.99999999999774	incomplete_strict_phone_support_for_nine_point_cpps_trajectory
LA_T_6559959_0026	Interior_B	True	False	-80.0000000000054	-79.99999999999774	incomplete_strict_phone_support_for_nine_point_cpps_trajectory
LA_T_6559959_0027	Boundary	True	False			official_v6_boundary_cpps_invalid_or_incomplete_support
LA_T_6559959_0027	Interior_A	True	False	-80.0000000000054	-79.99999999999774	incomplete_strict_phone_support_for_nine_point_cpps_trajectory
LA_T_6559959_0027	Interior_B	True	False	-159.9999999999966	-160.00000000000313	incomplete_strict_phone_support_for_nine_point_cpps_trajectory
LA_T_6559959_0028	Boundary	True	False			official_v6_boundary_cpps_invalid_or_incomplete_support
LA_T_6559959_0028	Interior_A	True	False	-159.9999999999966	-160.00000000000313	incomplete_strict_phone_support_for_nine_point_cpps_trajectory
LA_T_6559959_0028	Interior_B	True	False	-79.9999999999983	-80.00000000000485	incomplete_strict_phone_support_for_nine_point_cpps_trajectory
LA_T_6559959_0029	Boundary	True	True			
LA_T_6559959_0029	Interior_A	True	False	-79.9999999999983	-80.00000000000485	incomplete_strict_phone_support_for_nine_point_cpps_trajectory
LA_T_6559959_0029	Interior_B	True	False	-79.9999999999983	-79.99999999999774	incomplete_strict_phone_support_for_nine_point_cpps_trajectory
LA_T_6559959_0030	Boundary	True	True			
LA_T_6559959_0030	Interior_A	True	False	-79.9999999999983	-79.99999999999774	incomplete_strict_phone_support_for_nine_point_cpps_trajectory
LA_T_6559959_0030	Interior_B	True	True	960.0000000000009	959.9999999999943	
LA_T_6559959_0031	Boundary	True	True			
LA_T_6559959_0031	Interior_A	True	True	960.0000000000009	959.9999999999943	
LA_T_6559959_0031	Interior_B	True	True	320.0000000000003	320.00000000000085	
LA_T_6559959_0035	Boundary	True	True			
LA_T_6559959_0035	Interior_A	True	False	-79.9999999999983	-79.99999999999774	incomplete_strict_phone_support_for_nine_point_cpps_trajectory
LA_T_6559959_0035	Interior_B	True	True	79.9999999999983	79.99999999999885	
LA_T_6559959_0036	Boundary	True	False			official_v6_boundary_cpps_invalid_or_incomplete_support
LA_T_6559959_0036	Interior_A	True	True	79.9999999999983	79.99999999999885	
LA_T_6559959_0036	Interior_B	True	True	79.9999999999983	79.99999999999885	
LA_T_6559959_0040	Boundary	True	False			official_v6_boundary_cpps_invalid_or_incomplete_support
LA_T_6559959_0040	Interior_A	True	True	239.99999999999488	240.00000000000256	
LA_T_6559959_0040	Interior_B	True	True	320.0000000000003	320.00000000000085	
LA_T_6559959_0041	Boundary	True	True			
LA_T_6559959_0041	Interior_A	True	True	320.0000000000003	320.00000000000085	
LA_T_6559959_0041	Interior_B	True	False	-160.0000000000037	-160.00000000000313	incomplete_strict_phone_support_for_nine_point_cpps_trajectory
LA_T_6559959_0045	Boundary	True	False			official_v6_boundary_cpps_invalid_or_incomplete_support
LA_T_6559959_0045	Interior_A	True	False	-160.0000000000037	-159.99999999999602	incomplete_strict_phone_support_for_nine_point_cpps_trajectory
LA_T_6559959_0045	Interior_B	True	False	-80.0000000000054	-79.99999999999774	incomplete_strict_phone_support_for_nine_point_cpps_trajectory
LA_T_6559959_0049	Boundary	True	False			official_v6_boundary_cpps_invalid_or_incomplete_support
LA_T_6559959_0049	Interior_A	True	True	239.99999999999488	240.00000000000256	
LA_T_6559959_0049	Interior_B	True	True	240.000000000002	239.99999999999545	
LA_T_6559959_0050	Boundary	True	True			
LA_T_6559959_0050	Interior_A	True	True	240.000000000002	239.99999999999545	
LA_T_6559959_0050	Interior_B	True	False	-159.9999999999966	-159.99999999999602	incomplete_strict_phone_support_for_nine_point_cpps_trajectory
LA_T_6559959_0051	Boundary	True	True			
LA_T_6559959_0051	Interior_A	True	False	-159.9999999999966	-159.99999999999602	incomplete_strict_phone_support_for_nine_point_cpps_trajectory
LA_T_6559959_0051	Interior_B	True	False	-160.0000000000108	-159.99999999999602	incomplete_strict_phone_support_for_nine_point_cpps_trajectory
LA_T_6559959_0054	Boundary	True	True			
LA_T_6559959_0054	Interior_A	True	False	-79.9999999999983	-80.00000000001195	incomplete_strict_phone_support_for_nine_point_cpps_trajectory
LA_T_6559959_0054	Interior_B	True	True	80.0000000000125	79.99999999999885	
LA_T_6559959_0055	Boundary	True	True			
LA_T_6559959_0055	Interior_A	True	True	80.0000000000125	79.99999999999885	
LA_T_6559959_0055	Interior_B	True	False	-160.0000000000108	-159.99999999999602	incomplete_strict_phone_support_for_nine_point_cpps_trajectory
LA_T_6559959_0056	Boundary	True	False			official_v6_boundary_cpps_invalid_or_incomplete_support
LA_T_6559959_0056	Interior_A	True	False	-160.0000000000108	-159.99999999999602	incomplete_strict_phone_support_for_nine_point_cpps_trajectory
LA_T_6559959_0056	Interior_B	True	False	-79.9999999999983	-79.99999999999774	incomplete_strict_phone_support_for_nine_point_cpps_trajectory
LA_T_6559959_0057	Boundary	True	False			official_v6_boundary_cpps_invalid_or_incomplete_support
LA_T_6559959_0057	Interior_A	True	False	-79.9999999999983	-79.99999999999774	incomplete_strict_phone_support_for_nine_point_cpps_trajectory
LA_T_6559959_0057	Interior_B	True	True	79.9999999999983	79.99999999999885	
LA_T_6559959_0058	Boundary	True	True			
LA_T_6559959_0058	Interior_A	True	True	79.9999999999983	79.99999999999885	
LA_T_6559959_0058	Interior_B	True	False	-159.9999999999966	-160.00000000001023	incomplete_strict_phone_support_for_nine_point_cpps_trajectory
LA_T_6559959_0059	Boundary	True	False			official_v6_boundary_cpps_invalid_or_incomplete_support
LA_T_6559959_0059	Interior_A	True	False	-159.9999999999966	-160.00000000001023	incomplete_strict_phone_support_for_nine_point_cpps_trajectory
LA_T_6559959_0059	Interior_B	True	False	-79.9999999999983	-79.99999999999774	incomplete_strict_phone_support_for_nine_point_cpps_trajectory
LA_T_6559959_0060	Boundary	True	False			official_v6_boundary_cpps_invalid_or_incomplete_support
LA_T_6559959_0060	Interior_A	True	False	-79.9999999999983	-79.99999999999774	incomplete_strict_phone_support_for_nine_point_cpps_trajectory
LA_T_6559959_0060	Interior_B	True	False	-160.0000000000108	-159.99999999999602	incomplete_strict_phone_support_for_nine_point_cpps_trajectory
LA_T_6559959_0061	Boundary	True	True			
LA_T_6559959_0061	Interior_A	True	False	-160.0000000000108	-159.99999999999602	incomplete_strict_phone_support_for_nine_point_cpps_trajectory
LA_T_6559959_0061	Interior_B	True	True	80.0000000000125	79.99999999999885	
LA_T_6559959_0064	Boundary	True	False			official_v6_boundary_cpps_invalid_or_incomplete_support
LA_T_6559959_0064	Interior_A	True	True	79.9999999999983	79.99999999999885	
LA_T_6559959_0064	Interior_B	True	False	0.0	5.551115123125783e-13	incomplete_strict_phone_support_for_nine_point_cpps_trajectory
LA_T_6559959_0067	Boundary	True	True			
LA_T_6559959_0067	Interior_A	True	False	-79.9999999999983	-79.99999999999774	incomplete_strict_phone_support_for_nine_point_cpps_trajectory
LA_T_6559959_0067	Interior_B	True	False	-160.0000000000108	-159.99999999999602	incomplete_strict_phone_support_for_nine_point_cpps_trajectory
LA_T_6559959_0068	Boundary	True	True			
LA_T_6559959_0068	Interior_A	True	False	-160.0000000000108	-159.99999999999602	incomplete_strict_phone_support_for_nine_point_cpps_trajectory
LA_T_6559959_0068	Interior_B	True	False	0.0	5.551115123125783e-13	incomplete_strict_phone_support_for_nine_point_cpps_trajectory
LA_T_6559959_0069	Boundary	True	True			
LA_T_6559959_0069	Interior_A	True	False	0.0	5.551115123125783e-13	incomplete_strict_phone_support_for_nine_point_cpps_trajectory
LA_T_6559959_0069	Interior_B	True	False	-79.9999999999983	-79.99999999999774	incomplete_strict_phone_support_for_nine_point_cpps_trajectory
LA_T_6559959_0072	Boundary	True	True			
LA_T_6559959_0072	Interior_A	True	False	-79.9999999999983	-79.99999999999774	incomplete_strict_phone_support_for_nine_point_cpps_trajectory
LA_T_6559959_0072	Interior_B	True	True	239.99999999999488	239.99999999999545	
LA_T_6560013_0001	Boundary	True	True			
LA_T_6560013_0001	Interior_A	True	False	0.0	5.551115123125783e-13	incomplete_strict_phone_support_for_nine_point_cpps_trajectory
LA_T_6560013_0001	Interior_B	True	False	0.0	-1.2212453270876722e-12	incomplete_strict_phone_support_for_nine_point_cpps_trajectory
LA_T_6560013_0002	Boundary	True	False			official_v6_boundary_cpps_invalid_or_incomplete_support
LA_T_6560013_0002	Interior_A	True	False	0.0	-1.2212453270876722e-12	incomplete_strict_phone_support_for_nine_point_cpps_trajectory
LA_T_6560013_0002	Interior_B	True	True	159.99999999999835	160.0000000000007	
LA_T_6560013_0003	Boundary	True	False			official_v6_boundary_cpps_invalid_or_incomplete_support
LA_T_6560013_0003	Interior_A	True	True	159.99999999999835	160.0000000000007	
LA_T_6560013_0003	Interior_B	True	False	-160.00000000000014	-159.99999999999957	incomplete_strict_phone_support_for_nine_point_cpps_trajectory
LA_T_6560013_0004	Boundary	True	True			
LA_T_6560013_0004	Interior_A	True	False	-160.00000000000014	-159.99999999999957	incomplete_strict_phone_support_for_nine_point_cpps_trajectory
LA_T_6560013_0004	Interior_B	True	False	-80.00000000000185	-79.99999999999952	incomplete_strict_phone_support_for_nine_point_cpps_trajectory
LA_T_6560013_0005	Boundary	True	False			official_v6_boundary_cpps_invalid_or_incomplete_support
LA_T_6560013_0005	Interior_A	True	False	-80.00000000000185	-79.99999999999952	incomplete_strict_phone_support_for_nine_point_cpps_trajectory
LA_T_6560013_0005	Interior_B	True	False	-80.00000000000007	-79.99999999999952	incomplete_strict_phone_support_for_nine_point_cpps_trajectory
LA_T_6560013_0011	Boundary	True	False			official_v6_boundary_cpps_invalid_or_incomplete_support
LA_T_6560013_0011	Interior_A	True	False	-160.0000000000037	-159.99999999999957	incomplete_strict_phone_support_for_nine_point_cpps_trajectory
LA_T_6560013_0011	Interior_B	True	True	240.000000000002	239.999999999999	
LA_T_6560013_0012	Boundary	True	True			
LA_T_6560013_0012	Interior_A	True	True	240.000000000002	239.999999999999	
LA_T_6560013_0012	Interior_B	True	False	-79.9999999999983	-80.0000000000013	incomplete_strict_phone_support_for_nine_point_cpps_trajectory
LA_T_6560013_0015	Boundary	True	True			
LA_T_6560013_0015	Interior_A	True	False	-160.00000000000014	-159.99999999999957	incomplete_strict_phone_support_for_nine_point_cpps_trajectory
LA_T_6560013_0015	Interior_B	True	False	-160.00000000000014	-159.99999999999957	incomplete_strict_phone_support_for_nine_point_cpps_trajectory
LA_T_6560013_0016	Boundary	True	False			official_v6_boundary_cpps_invalid_or_incomplete_support
LA_T_6560013_0016	Interior_A	True	False	-160.00000000000014	-159.99999999999957	incomplete_strict_phone_support_for_nine_point_cpps_trajectory
LA_T_6560013_0016	Interior_B	True	False	-80.00000000000185	-79.99999999999774	incomplete_strict_phone_support_for_nine_point_cpps_trajectory
LA_T_6560013_0019	Boundary	True	True			
LA_T_6560013_0019	Interior_A	True	False	0.0	5.551115123125783e-13	incomplete_strict_phone_support_for_nine_point_cpps_trajectory
LA_T_6560013_0019	Interior_B	True	True	320.0000000000003	320.00000000000085	
LA_T_6560013_0020	Boundary	True	False			official_v6_boundary_cpps_invalid_or_incomplete_support
LA_T_6560013_0020	Interior_A	True	True	320.0000000000003	320.00000000000085	
LA_T_6560013_0020	Interior_B	True	False	-80.00000000000185	-80.0000000000013	incomplete_strict_phone_support_for_nine_point_cpps_trajectory
LA_T_6560013_0021	Boundary	True	False			official_v6_boundary_cpps_invalid_or_incomplete_support
LA_T_6560013_0021	Interior_A	True	False	-80.00000000000185	-80.0000000000013	incomplete_strict_phone_support_for_nine_point_cpps_trajectory
LA_T_6560013_0021	Interior_B	True	True	80.00000000000185	79.99999999999885	
LA_T_6560013_0022	Boundary	True	False			official_v6_boundary_cpps_invalid_or_incomplete_support
LA_T_6560013_0022	Interior_A	True	True	80.00000000000185	79.99999999999885	
LA_T_6560013_0022	Interior_B	True	True	80.00000000000185	79.99999999999885	
LA_T_6560366_0000	Boundary	True	True			
LA_T_6560366_0000	Interior_A	True	True	399.9999999999986	399.99999999999915	
LA_T_6560366_0000	Interior_B	True	False	-79.9999999999983	-80.0000000000013	incomplete_strict_phone_support_for_nine_point_cpps_trajectory
LA_T_6560366_0001	Boundary	True	True			
LA_T_6560366_0001	Interior_A	True	False	-79.9999999999983	-80.0000000000013	incomplete_strict_phone_support_for_nine_point_cpps_trajectory
LA_T_6560366_0001	Interior_B	True	False	0.0	5.551115123125783e-13	incomplete_strict_phone_support_for_nine_point_cpps_trajectory
LA_T_6560366_0002	Boundary	True	True			
LA_T_6560366_0002	Interior_A	True	False	0.0	5.551115123125783e-13	incomplete_strict_phone_support_for_nine_point_cpps_trajectory
LA_T_6560366_0002	Interior_B	True	False	-160.00000000000014	-160.00000000000313	incomplete_strict_phone_support_for_nine_point_cpps_trajectory
LA_T_6560366_0006	Boundary	True	False			official_v6_boundary_cpps_invalid_or_incomplete_support
LA_T_6560366_0006	Interior_A	True	False	-80.00000000000185	-79.99999999999774	incomplete_strict_phone_support_for_nine_point_cpps_trajectory
LA_T_6560366_0006	Interior_B	True	True	160.00000000000014	159.99999999999716	
LA_T_6560366_0007	Boundary	True	False			official_v6_boundary_cpps_invalid_or_incomplete_support
LA_T_6560366_0007	Interior_A	True	True	160.00000000000014	159.99999999999716	
LA_T_6560366_0007	Interior_B	True	False	-160.00000000000014	-159.99999999999957	incomplete_strict_phone_support_for_nine_point_cpps_trajectory
LA_T_6560366_0010	Boundary	True	False			official_v6_boundary_cpps_invalid_or_incomplete_support
LA_T_6560366_0010	Interior_A	True	True	160.00000000000014	160.0000000000007	
LA_T_6560366_0010	Interior_B	True	True	159.9999999999966	160.0000000000007	
LA_T_6560366_0011	Boundary	True	False			official_v6_boundary_cpps_invalid_or_incomplete_support
LA_T_6560366_0011	Interior_A	True	True	159.9999999999966	160.0000000000007	
LA_T_6560366_0011	Interior_B	True	False	-160.00000000000014	-160.00000000000313	incomplete_strict_phone_support_for_nine_point_cpps_trajectory
LA_T_6560366_0013	Boundary	True	True			
LA_T_6560366_0013	Interior_A	True	False	-159.9999999999966	-160.00000000000313	incomplete_strict_phone_support_for_nine_point_cpps_trajectory
LA_T_6560366_0013	Interior_B	True	True	160.0000000000037	159.99999999999716	
LA_T_6560366_0014	Boundary	True	True			
LA_T_6560366_0014	Interior_A	True	True	160.0000000000037	159.99999999999716	
LA_T_6560366_0014	Interior_B	True	False	-79.9999999999983	-79.99999999999774	incomplete_strict_phone_support_for_nine_point_cpps_trajectory
LA_T_6560366_0017	Boundary	True	True			
LA_T_6560366_0017	Interior_A	True	False	-160.0000000000037	-159.99999999999602	incomplete_strict_phone_support_for_nine_point_cpps_trajectory
LA_T_6560366_0017	Interior_B	True	False	-79.9999999999983	-80.00000000000485	incomplete_strict_phone_support_for_nine_point_cpps_trajectory
LA_T_6560366_0018	Boundary	True	True			
LA_T_6560366_0018	Interior_A	True	False	-79.9999999999983	-80.00000000000485	incomplete_strict_phone_support_for_nine_point_cpps_trajectory
LA_T_6560366_0018	Interior_B	True	False	-79.9999999999983	-79.99999999999774	incomplete_strict_phone_support_for_nine_point_cpps_trajectory
LA_T_6560366_0019	Boundary	True	False			official_v6_boundary_cpps_invalid_or_incomplete_support
LA_T_6560366_0019	Interior_A	True	False	-79.9999999999983	-79.99999999999774	incomplete_strict_phone_support_for_nine_point_cpps_trajectory
LA_T_6560366_0019	Interior_B	True	True	79.9999999999983	79.99999999999885	
LA_T_6560366_0020	Boundary	True	False			official_v6_boundary_cpps_invalid_or_incomplete_support
LA_T_6560366_0020	Interior_A	True	True	79.9999999999983	79.99999999999885	
LA_T_6560366_0020	Interior_B	True	False	-79.9999999999983	-80.00000000000485	incomplete_strict_phone_support_for_nine_point_cpps_trajectory
LA_T_6560366_0021	Boundary	True	True			
LA_T_6560366_0021	Interior_A	True	False	-79.9999999999983	-80.00000000000485	incomplete_strict_phone_support_for_nine_point_cpps_trajectory
LA_T_6560366_0021	Interior_B	True	False	-79.9999999999983	-79.99999999999774	incomplete_strict_phone_support_for_nine_point_cpps_trajectory
LA_T_6560366_0022	Boundary	True	False			official_v6_boundary_cpps_invalid_or_incomplete_support
LA_T_6560366_0022	Interior_A	True	False	-79.9999999999983	-79.99999999999774	incomplete_strict_phone_support_for_nine_point_cpps_trajectory
LA_T_6560366_0022	Interior_B	True	False	-79.9999999999983	-80.00000000000485	incomplete_strict_phone_support_for_nine_point_cpps_trajectory
LA_T_6560366_0027	Boundary	True	False			official_v6_boundary_cpps_invalid_or_incomplete_support
LA_T_6560366_0027	Interior_A	True	True	80.0000000000054	79.99999999999885	
LA_T_6560366_0027	Interior_B	True	False	-7.105427357601002e-12	5.551115123125783e-13	incomplete_strict_phone_support_for_nine_point_cpps_trajectory
LA_T_6560366_0030	Boundary	True	False			official_v6_boundary_cpps_invalid_or_incomplete_support
LA_T_6560366_0030	Interior_A	True	False	-159.9999999999966	-160.00000000000313	incomplete_strict_phone_support_for_nine_point_cpps_trajectory
LA_T_6560366_0030	Interior_B	True	True	159.9999999999966	159.99999999999716	
LA_T_6560366_0031	Boundary	True	False			official_v6_boundary_cpps_invalid_or_incomplete_support
LA_T_6560366_0031	Interior_A	True	True	159.9999999999966	159.99999999999716	
LA_T_6560366_0031	Interior_B	True	True	240.000000000002	240.00000000000256	
LA_T_6560366_0032	Boundary	True	False			official_v6_boundary_cpps_invalid_or_incomplete_support
LA_T_6560366_0032	Interior_A	True	True	240.000000000002	240.00000000000256	
LA_T_6560366_0032	Interior_B	True	True	79.9999999999983	79.99999999999885	
LA_T_6560366_0033	Boundary	True	False			official_v6_boundary_cpps_invalid_or_incomplete_support
LA_T_6560366_0033	Interior_A	True	True	79.9999999999983	79.99999999999885	
LA_T_6560366_0033	Interior_B	True	False	0.0	5.551115123125783e-13	incomplete_strict_phone_support_for_nine_point_cpps_trajectory
LA_T_6560366_0034	Boundary	True	True			
LA_T_6560366_0034	Interior_A	True	False	0.0	5.551115123125783e-13	incomplete_strict_phone_support_for_nine_point_cpps_trajectory
LA_T_6560366_0034	Interior_B	True	True	159.9999999999966	160.00000000000426	
LA_T_6560366_0035	Boundary	True	False			official_v6_boundary_cpps_invalid_or_incomplete_support
LA_T_6560366_0035	Interior_A	True	True	159.9999999999966	160.00000000000426	
LA_T_6560366_0035	Interior_B	True	True	159.9999999999966	159.99999999999716	
LA_T_6560366_0038	Boundary	True	False			official_v6_boundary_cpps_invalid_or_incomplete_support
LA_T_6560366_0038	Interior_A	True	False	0.0	5.551115123125783e-13	incomplete_strict_phone_support_for_nine_point_cpps_trajectory
LA_T_6560366_0038	Interior_B	True	True	640.0000000000006	640.0000000000011	
LA_T_6560366_0039	Boundary	True	False			official_v6_boundary_cpps_invalid_or_incomplete_support
LA_T_6560366_0039	Interior_A	True	True	640.0000000000006	640.0000000000011	
LA_T_6560366_0039	Interior_B	True	True	400.0000000000057	399.99999999999204	
LA_T_6560833_0000	Boundary	True	True			
LA_T_6560833_0000	Interior_A	True	True	480.00000000000045	480.00000000000097	
LA_T_6560833_0000	Interior_B	True	False	-160.00000000000014	-159.99999999999957	incomplete_strict_phone_support_for_nine_point_cpps_trajectory
LA_T_6560833_0001	Boundary	True	True			
LA_T_6560833_0001	Interior_A	True	False	-160.00000000000014	-159.99999999999957	incomplete_strict_phone_support_for_nine_point_cpps_trajectory
LA_T_6560833_0001	Interior_B	True	True	79.9999999999983	79.99999999999885	
LA_T_6560833_0002	Boundary	True	True			
LA_T_6560833_0002	Interior_A	True	True	79.9999999999983	79.99999999999885	
LA_T_6560833_0002	Interior_B	True	False	-160.00000000000014	-159.99999999999957	incomplete_strict_phone_support_for_nine_point_cpps_trajectory
LA_T_6560833_0003	Boundary	True	False			official_v6_boundary_cpps_invalid_or_incomplete_support
LA_T_6560833_0003	Interior_A	True	False	-160.00000000000014	-159.99999999999957	incomplete_strict_phone_support_for_nine_point_cpps_trajectory
LA_T_6560833_0003	Interior_B	True	False	0.0	5.551115123125783e-13	incomplete_strict_phone_support_for_nine_point_cpps_trajectory
LA_T_6560833_0005	Boundary	True	True			
LA_T_6560833_0005	Interior_A	True	False	-160.00000000000014	-160.00000000000313	incomplete_strict_phone_support_for_nine_point_cpps_trajectory
LA_T_6560833_0005	Interior_B	True	False	-160.00000000000014	-159.99999999999957	incomplete_strict_phone_support_for_nine_point_cpps_trajectory
LA_T_6560833_0006	Boundary	True	False			official_v6_boundary_cpps_invalid_or_incomplete_support
LA_T_6560833_0006	Interior_A	True	False	-160.00000000000014	-159.99999999999957	incomplete_strict_phone_support_for_nine_point_cpps_trajectory
LA_T_6560833_0006	Interior_B	True	False	-160.00000000000014	-159.99999999999957	incomplete_strict_phone_support_for_nine_point_cpps_trajectory
LA_T_6560833_0009	Boundary	True	True			
LA_T_6560833_0009	Interior_A	True	False	-160.00000000000014	-159.99999999999957	incomplete_strict_phone_support_for_nine_point_cpps_trajectory
LA_T_6560833_0009	Interior_B	True	True	159.9999999999966	160.0000000000007	
LA_T_6560833_0010	Boundary	True	False			official_v6_boundary_cpps_invalid_or_incomplete_support
LA_T_6560833_0010	Interior_A	True	True	159.9999999999966	160.0000000000007	
LA_T_6560833_0010	Interior_B	True	True	160.00000000000014	159.99999999999716	
LA_T_6560833_0011	Boundary	True	False			official_v6_boundary_cpps_invalid_or_incomplete_support
LA_T_6560833_0011	Interior_A	True	True	160.00000000000014	159.99999999999716	
LA_T_6560833_0011	Interior_B	True	False	0.0	5.551115123125783e-13	incomplete_strict_phone_support_for_nine_point_cpps_trajectory
LA_T_6560833_0012	Boundary	True	True			
LA_T_6560833_0012	Interior_A	True	False	0.0	5.551115123125783e-13	incomplete_strict_phone_support_for_nine_point_cpps_trajectory
LA_T_6560833_0012	Interior_B	True	False	-159.9999999999966	-160.00000000000313	incomplete_strict_phone_support_for_nine_point_cpps_trajectory
LA_T_6560833_0017	Boundary	True	False			official_v6_boundary_cpps_invalid_or_incomplete_support
LA_T_6560833_0017	Interior_A	True	True	399.9999999999986	399.99999999999915	
LA_T_6560833_0017	Interior_B	True	True	640.0000000000006	640.0000000000011	
LA_T_6561159_0003	Boundary	True	False			official_v6_boundary_cpps_invalid_or_incomplete_support
LA_T_6561159_0003	Interior_A	True	True	160.00000000000014	159.9999999999998	
LA_T_6561159_0003	Interior_B	True	True	80.00000000000007	80.00000000000063	
LA_T_6561159_0006	Boundary	True	True			
LA_T_6561159_0006	Interior_A	True	False	-160.00000000000014	-159.99999999999957	incomplete_strict_phone_support_for_nine_point_cpps_trajectory
LA_T_6561159_0006	Interior_B	True	False	-80.00000000000185	-79.99999999999952	incomplete_strict_phone_support_for_nine_point_cpps_trajectory
LA_T_6561159_0007	Boundary	True	True			
LA_T_6561159_0007	Interior_A	True	False	-80.00000000000185	-79.99999999999952	incomplete_strict_phone_support_for_nine_point_cpps_trajectory
LA_T_6561159_0007	Interior_B	True	False	0.0	5.551115123125783e-13	incomplete_strict_phone_support_for_nine_point_cpps_trajectory
LA_T_6561159_0010	Boundary	True	False			official_v6_boundary_cpps_invalid_or_incomplete_support
LA_T_6561159_0010	Interior_A	True	True	80.00000000000007	80.00000000000063	
LA_T_6561159_0010	Interior_B	True	False	-80.00000000000185	-79.99999999999952	incomplete_strict_phone_support_for_nine_point_cpps_trajectory
LA_T_6561159_0013	Boundary	True	False			official_v6_boundary_cpps_invalid_or_incomplete_support
LA_T_6561159_0013	Interior_A	True	True	559.9999999999987	560.000000000001	
LA_T_6561159_0013	Interior_B	True	False	-160.00000000000014	-159.99999999999957	incomplete_strict_phone_support_for_nine_point_cpps_trajectory
LA_T_6561159_0016	Boundary	True	True			
LA_T_6561159_0016	Interior_A	True	False	-160.00000000000014	-159.99999999999957	incomplete_strict_phone_support_for_nine_point_cpps_trajectory
LA_T_6561159_0016	Interior_B	True	False	0.0	5.551115123125783e-13	incomplete_strict_phone_support_for_nine_point_cpps_trajectory
LA_T_6561159_0019	Boundary	True	True			
LA_T_6561159_0019	Interior_A	True	False	-160.00000000000014	-160.00000000000313	incomplete_strict_phone_support_for_nine_point_cpps_trajectory
LA_T_6561159_0019	Interior_B	True	False	-160.00000000000014	-159.99999999999957	incomplete_strict_phone_support_for_nine_point_cpps_trajectory
LA_T_6561159_0020	Boundary	True	False			official_v6_boundary_cpps_invalid_or_incomplete_support
LA_T_6561159_0020	Interior_A	True	False	-160.00000000000014	-159.99999999999957	incomplete_strict_phone_support_for_nine_point_cpps_trajectory
LA_T_6561159_0020	Interior_B	True	False	0.0	5.551115123125783e-13	incomplete_strict_phone_support_for_nine_point_cpps_trajectory
LA_T_6561159_0021	Boundary	True	False			official_v6_boundary_cpps_invalid_or_incomplete_support
LA_T_6561159_0021	Interior_A	True	False	0.0	5.551115123125783e-13	incomplete_strict_phone_support_for_nine_point_cpps_trajectory
LA_T_6561159_0021	Interior_B	True	False	-80.00000000000185	-79.99999999999774	incomplete_strict_phone_support_for_nine_point_cpps_trajectory
LA_T_6561159_0028	Boundary	True	False			official_v6_boundary_cpps_invalid_or_incomplete_support
LA_T_6561159_0028	Interior_A	True	True	399.9999999999986	399.99999999999915	
LA_T_6561159_0028	Interior_B	True	True	79.9999999999983	79.99999999999885	
LA_T_6561159_0029	Boundary	True	False			official_v6_boundary_cpps_invalid_or_incomplete_support
LA_T_6561159_0029	Interior_A	True	True	79.9999999999983	79.99999999999885	
LA_T_6561159_0029	Interior_B	True	False	-79.9999999999983	-79.99999999999774	incomplete_strict_phone_support_for_nine_point_cpps_trajectory
LA_T_6561159_0034	Boundary	True	True			
LA_T_6561159_0034	Interior_A	True	False	-79.9999999999983	-79.99999999999774	incomplete_strict_phone_support_for_nine_point_cpps_trajectory
LA_T_6561159_0034	Interior_B	True	False	-160.0000000000037	-159.99999999999602	incomplete_strict_phone_support_for_nine_point_cpps_trajectory
LA_T_6561159_0035	Boundary	True	True			
LA_T_6561159_0035	Interior_A	True	False	-160.0000000000037	-159.99999999999602	incomplete_strict_phone_support_for_nine_point_cpps_trajectory
LA_T_6561159_0035	Interior_B	True	False	-79.9999999999983	-80.00000000000485	incomplete_strict_phone_support_for_nine_point_cpps_trajectory
LA_T_6561159_0040	Boundary	True	False			official_v6_boundary_cpps_invalid_or_incomplete_support
LA_T_6561159_0040	Interior_A	True	False	-79.9999999999983	-79.99999999999774	incomplete_strict_phone_support_for_nine_point_cpps_trajectory
LA_T_6561159_0040	Interior_B	True	True	239.99999999999488	240.00000000000256	
LA_T_6561159_0044	Boundary	True	True			
LA_T_6561159_0044	Interior_A	True	False	-79.9999999999983	-79.99999999999774	incomplete_strict_phone_support_for_nine_point_cpps_trajectory
LA_T_6561159_0044	Interior_B	True	False	-160.0000000000037	-160.00000000000313	incomplete_strict_phone_support_for_nine_point_cpps_trajectory
LA_T_6561159_0045	Boundary	True	True			
LA_T_6561159_0045	Interior_A	True	False	-160.0000000000037	-160.00000000000313	incomplete_strict_phone_support_for_nine_point_cpps_trajectory
LA_T_6561159_0045	Interior_B	True	False	-159.9999999999966	-160.00000000000313	incomplete_strict_phone_support_for_nine_point_cpps_trajectory
LA_T_6561159_0046	Boundary	True	True			
LA_T_6561159_0046	Interior_A	True	False	-159.9999999999966	-160.00000000000313	incomplete_strict_phone_support_for_nine_point_cpps_trajectory
LA_T_6561159_0046	Interior_B	True	False	0.0	5.551115123125783e-13	incomplete_strict_phone_support_for_nine_point_cpps_trajectory
LA_T_6561159_0047	Boundary	True	True			
LA_T_6561159_0047	Interior_A	True	False	0.0	5.551115123125783e-13	incomplete_strict_phone_support_for_nine_point_cpps_trajectory
LA_T_6561159_0047	Interior_B	True	False	0.0	5.551115123125783e-13	incomplete_strict_phone_support_for_nine_point_cpps_trajectory
LA_T_6561159_0048	Boundary	True	False			official_v6_boundary_cpps_invalid_or_incomplete_support
LA_T_6561159_0048	Interior_A	True	False	0.0	5.551115123125783e-13	incomplete_strict_phone_support_for_nine_point_cpps_trajectory
LA_T_6561159_0048	Interior_B	True	True	1359.9999999999995	1359.9999999999998	
LA_T_6562378_0001	Boundary	True	True			
LA_T_6562378_0001	Interior_A	True	False	-160.00000000000193	-159.99999999999957	incomplete_strict_phone_support_for_nine_point_cpps_trajectory
LA_T_6562378_0001	Interior_B	True	True	160.00000000000014	160.0000000000007	
LA_T_6562378_0002	Boundary	True	True			
LA_T_6562378_0002	Interior_A	True	True	160.00000000000014	160.0000000000007	
LA_T_6562378_0002	Interior_B	True	False	-80.00000000000185	-80.0000000000013	incomplete_strict_phone_support_for_nine_point_cpps_trajectory
LA_T_6562378_0003	Boundary	True	True			
LA_T_6562378_0003	Interior_A	True	False	-80.00000000000185	-80.0000000000013	incomplete_strict_phone_support_for_nine_point_cpps_trajectory
LA_T_6562378_0003	Interior_B	True	False	-160.00000000000014	-159.99999999999957	incomplete_strict_phone_support_for_nine_point_cpps_trajectory
LA_T_6562378_0004	Boundary	True	False			official_v6_boundary_cpps_invalid_or_incomplete_support
LA_T_6562378_0004	Interior_A	True	False	-160.00000000000014	-159.99999999999957	incomplete_strict_phone_support_for_nine_point_cpps_trajectory
LA_T_6562378_0004	Interior_B	True	True	160.00000000000014	160.0000000000007	
LA_T_6562378_0009	Boundary	True	False			official_v6_boundary_cpps_invalid_or_incomplete_support
LA_T_6562378_0009	Interior_A	True	True	79.9999999999983	80.0000000000024	
LA_T_6562378_0009	Interior_B	True	False	-80.00000000000185	-79.99999999999774	incomplete_strict_phone_support_for_nine_point_cpps_trajectory
LA_T_6562378_0010	Boundary	True	False			official_v6_boundary_cpps_invalid_or_incomplete_support
LA_T_6562378_0010	Interior_A	True	False	-80.00000000000185	-79.99999999999774	incomplete_strict_phone_support_for_nine_point_cpps_trajectory
LA_T_6562378_0010	Interior_B	True	True	399.9999999999986	399.99999999999915	
LA_T_6562378_0011	Boundary	True	False			official_v6_boundary_cpps_invalid_or_incomplete_support
LA_T_6562378_0011	Interior_A	True	True	399.9999999999986	399.99999999999915	
LA_T_6562378_0011	Interior_B	True	True	240.000000000002	239.999999999999	
LA_T_6562378_0012	Boundary	True	False			official_v6_boundary_cpps_invalid_or_incomplete_support
LA_T_6562378_0012	Interior_A	True	True	240.000000000002	239.999999999999	
LA_T_6562378_0012	Interior_B	True	True	879.999999999999	879.9999999999995	
LA_T_6562458_0000	Boundary	True	True			
LA_T_6562458_0000	Interior_A	True	False	-160.00000000000014	-159.99999999999957	incomplete_strict_phone_support_for_nine_point_cpps_trajectory
LA_T_6562458_0000	Interior_B	True	False	0.0	-3.3306690738754696e-13	incomplete_strict_phone_support_for_nine_point_cpps_trajectory
LA_T_6562458_0003	Boundary	True	False			official_v6_boundary_cpps_invalid_or_incomplete_support
LA_T_6562458_0003	Interior_A	True	False	0.0	-1.2212453270876722e-12	incomplete_strict_phone_support_for_nine_point_cpps_trajectory
LA_T_6562458_0003	Interior_B	True	True	400.00000000000034	399.99999999999915	
LA_T_6562458_0004	Boundary	True	False			official_v6_boundary_cpps_invalid_or_incomplete_support
LA_T_6562458_0004	Interior_A	True	True	400.00000000000034	399.99999999999915	
LA_T_6562458_0004	Interior_B	True	True	320.0000000000003	319.9999999999991	
LA_T_6562458_0008	Boundary	True	True			
LA_T_6562458_0008	Interior_A	True	False	-160.00000000000193	-159.99999999999957	incomplete_strict_phone_support_for_nine_point_cpps_trajectory
LA_T_6562458_0008	Interior_B	True	False	-160.00000000000014	-159.99999999999957	incomplete_strict_phone_support_for_nine_point_cpps_trajectory
LA_T_6562458_0009	Boundary	True	True			
LA_T_6562458_0009	Interior_A	True	False	-160.00000000000014	-159.99999999999957	incomplete_strict_phone_support_for_nine_point_cpps_trajectory
LA_T_6562458_0009	Interior_B	True	True	480.00000000000045	479.99999999999744	
LA_T_6562458_0010	Boundary	True	False			official_v6_boundary_cpps_invalid_or_incomplete_support
LA_T_6562458_0010	Interior_A	True	True	480.00000000000045	479.99999999999744	
LA_T_6562458_0010	Interior_B	True	True	160.00000000000014	160.0000000000007	
LA_T_6562458_0011	Boundary	True	False			official_v6_boundary_cpps_invalid_or_incomplete_support
LA_T_6562458_0011	Interior_A	True	True	160.00000000000014	160.0000000000007	
LA_T_6562458_0011	Interior_B	True	False	-160.00000000000014	-159.99999999999957	incomplete_strict_phone_support_for_nine_point_cpps_trajectory
LA_T_6562458_0012	Boundary	True	True			
LA_T_6562458_0012	Interior_A	True	False	-160.00000000000014	-159.99999999999957	incomplete_strict_phone_support_for_nine_point_cpps_trajectory
LA_T_6562458_0012	Interior_B	True	True	239.99999999999844	239.999999999999	
LA_T_6562458_0013	Boundary	True	False			official_v6_boundary_cpps_invalid_or_incomplete_support
LA_T_6562458_0013	Interior_A	True	True	239.99999999999844	239.999999999999	
LA_T_6562458_0013	Interior_B	True	True	79.9999999999983	80.0000000000024	
LA_T_6562458_0014	Boundary	True	False			official_v6_boundary_cpps_invalid_or_incomplete_support
LA_T_6562458_0014	Interior_A	True	True	79.9999999999983	80.0000000000024	
LA_T_6562458_0014	Interior_B	True	True	1119.9999999999975	1120.0000000000014	
LA_T_6564983_0003	Boundary	True	True			
LA_T_6564983_0003	Interior_A	True	True	239.99999999999844	239.999999999999	
LA_T_6564983_0003	Interior_B	True	False	0.0	5.551115123125783e-13	incomplete_strict_phone_support_for_nine_point_cpps_trajectory
LA_T_6564983_0004	Boundary	True	True			
LA_T_6564983_0004	Interior_A	True	False	0.0	5.551115123125783e-13	incomplete_strict_phone_support_for_nine_point_cpps_trajectory
LA_T_6564983_0004	Interior_B	True	False	-160.00000000000014	-159.99999999999957	incomplete_strict_phone_support_for_nine_point_cpps_trajectory
LA_T_6564983_0005	Boundary	True	True			
LA_T_6564983_0005	Interior_A	True	False	-160.00000000000014	-159.99999999999957	incomplete_strict_phone_support_for_nine_point_cpps_trajectory
LA_T_6564983_0005	Interior_B	True	True	159.9999999999966	160.0000000000007	
LA_T_6564983_0006	Boundary	True	False			official_v6_boundary_cpps_invalid_or_incomplete_support
LA_T_6564983_0006	Interior_A	True	True	159.9999999999966	160.0000000000007	
LA_T_6564983_0006	Interior_B	True	True	399.9999999999986	400.0000000000027	
LA_T_6564983_0007	Boundary	True	False			official_v6_boundary_cpps_invalid_or_incomplete_support
LA_T_6564983_0007	Interior_A	True	True	399.9999999999986	400.0000000000027	
LA_T_6564983_0007	Interior_B	True	True	399.9999999999986	399.99999999999915	
LA_T_6564983_0009	Boundary	True	True			
LA_T_6564983_0009	Interior_A	True	False	-160.0000000000037	-159.99999999999602	incomplete_strict_phone_support_for_nine_point_cpps_trajectory
LA_T_6564983_0009	Interior_B	True	False	0.0	5.551115123125783e-13	incomplete_strict_phone_support_for_nine_point_cpps_trajectory
LA_T_6564983_0010	Boundary	True	True			
LA_T_6564983_0010	Interior_A	True	False	0.0	5.551115123125783e-13	incomplete_strict_phone_support_for_nine_point_cpps_trajectory
LA_T_6564983_0010	Interior_B	True	False	-159.9999999999966	-160.00000000000313	incomplete_strict_phone_support_for_nine_point_cpps_trajectory
LA_T_6564983_0011	Boundary	True	True			
LA_T_6564983_0011	Interior_A	True	False	-159.9999999999966	-160.00000000000313	incomplete_strict_phone_support_for_nine_point_cpps_trajectory
LA_T_6564983_0011	Interior_B	True	False	-160.0000000000037	-159.99999999999602	incomplete_strict_phone_support_for_nine_point_cpps_trajectory
LA_T_6564983_0012	Boundary	True	False			official_v6_boundary_cpps_invalid_or_incomplete_support
LA_T_6564983_0012	Interior_A	True	False	-160.0000000000037	-159.99999999999602	incomplete_strict_phone_support_for_nine_point_cpps_trajectory
LA_T_6564983_0012	Interior_B	True	False	-79.9999999999983	-80.00000000000485	incomplete_strict_phone_support_for_nine_point_cpps_trajectory
LA_T_6564983_0017	Boundary	True	False			official_v6_boundary_cpps_invalid_or_incomplete_support
LA_T_6564983_0017	Interior_A	True	True	240.000000000002	239.99999999999545	
LA_T_6564983_0017	Interior_B	True	False	-159.9999999999966	-160.00000000000313	incomplete_strict_phone_support_for_nine_point_cpps_trajectory
LA_T_6564983_0018	Boundary	True	False			official_v6_boundary_cpps_invalid_or_incomplete_support
LA_T_6564983_0018	Interior_A	True	False	-159.9999999999966	-160.00000000000313	incomplete_strict_phone_support_for_nine_point_cpps_trajectory
LA_T_6564983_0018	Interior_B	True	False	-159.9999999999966	-160.00000000000313	incomplete_strict_phone_support_for_nine_point_cpps_trajectory
LA_T_6564983_0022	Boundary	True	False			official_v6_boundary_cpps_invalid_or_incomplete_support
LA_T_6564983_0022	Interior_A	True	True	159.9999999999966	160.00000000000426	
LA_T_6564983_0022	Interior_B	True	False	-160.0000000000037	-159.99999999999602	incomplete_strict_phone_support_for_nine_point_cpps_trajectory
LA_T_6564983_0023	Boundary	True	True			
LA_T_6564983_0023	Interior_A	True	False	-160.0000000000037	-159.99999999999602	incomplete_strict_phone_support_for_nine_point_cpps_trajectory
LA_T_6564983_0023	Interior_B	True	False	0.0	-6.5503158452884236e-12	incomplete_strict_phone_support_for_nine_point_cpps_trajectory
LA_T_6564983_0027	Boundary	True	True			
LA_T_6564983_0027	Interior_A	True	True	79.9999999999983	79.99999999999885	
LA_T_6564983_0027	Interior_B	True	True	159.9999999999966	160.00000000000426	
LA_T_6564983_0028	Boundary	True	False			official_v6_boundary_cpps_invalid_or_incomplete_support
LA_T_6564983_0028	Interior_A	True	True	159.9999999999966	160.00000000000426	
LA_T_6564983_0028	Interior_B	True	False	0.0	5.551115123125783e-13	incomplete_strict_phone_support_for_nine_point_cpps_trajectory
LA_T_6564983_0029	Boundary	True	False			official_v6_boundary_cpps_invalid_or_incomplete_support
LA_T_6564983_0029	Interior_A	True	False	0.0	5.551115123125783e-13	incomplete_strict_phone_support_for_nine_point_cpps_trajectory
LA_T_6564983_0029	Interior_B	True	False	0.0	5.551115123125783e-13	incomplete_strict_phone_support_for_nine_point_cpps_trajectory
LA_T_6564983_0030	Boundary	True	False			official_v6_boundary_cpps_invalid_or_incomplete_support
LA_T_6564983_0030	Interior_A	True	False	0.0	5.551115123125783e-13	incomplete_strict_phone_support_for_nine_point_cpps_trajectory
LA_T_6564983_0030	Interior_B	True	True	399.9999999999986	399.99999999999915	
LA_T_6564983_0031	Boundary	True	False			official_v6_boundary_cpps_invalid_or_incomplete_support
LA_T_6564983_0031	Interior_A	True	True	399.9999999999986	399.99999999999915	
LA_T_6564983_0031	Interior_B	True	True	239.99999999999488	240.00000000000256	
LA_T_6564983_0032	Boundary	True	False			official_v6_boundary_cpps_invalid_or_incomplete_support
LA_T_6564983_0032	Interior_A	True	True	239.99999999999488	240.00000000000256	
LA_T_6564983_0032	Interior_B	True	True	640.0000000000006	640.0000000000011	
LA_T_6565018_0000	Boundary	True	True			
LA_T_6565018_0000	Interior_A	True	True	319.9999999999967	320.00000000000085	
LA_T_6565018_0000	Interior_B	True	False	-160.00000000000014	-159.99999999999957	incomplete_strict_phone_support_for_nine_point_cpps_trajectory
LA_T_6565018_0001	Boundary	True	True			
LA_T_6565018_0001	Interior_A	True	False	-160.00000000000014	-159.99999999999957	incomplete_strict_phone_support_for_nine_point_cpps_trajectory
LA_T_6565018_0001	Interior_B	True	True	399.9999999999986	399.99999999999915	
LA_T_6565018_0005	Boundary	True	True			
LA_T_6565018_0005	Interior_A	True	False	-160.00000000000014	-159.99999999999957	incomplete_strict_phone_support_for_nine_point_cpps_trajectory
LA_T_6565018_0005	Interior_B	True	True	79.9999999999983	79.99999999999885	
LA_T_6565018_0006	Boundary	True	False			official_v6_boundary_cpps_invalid_or_incomplete_support
LA_T_6565018_0006	Interior_A	True	True	79.9999999999983	79.99999999999885	
LA_T_6565018_0006	Interior_B	True	False	0.0	5.551115123125783e-13	incomplete_strict_phone_support_for_nine_point_cpps_trajectory
LA_T_6565018_0009	Boundary	True	False			official_v6_boundary_cpps_invalid_or_incomplete_support
LA_T_6565018_0009	Interior_A	True	True	320.0000000000003	319.99999999999727	
LA_T_6565018_0009	Interior_B	True	True	240.000000000002	239.999999999999	
LA_T_6565018_0010	Boundary	True	False			official_v6_boundary_cpps_invalid_or_incomplete_support
LA_T_6565018_0010	Interior_A	True	True	240.000000000002	239.999999999999	
LA_T_6565018_0010	Interior_B	True	True	320.0000000000003	320.00000000000085	
LA_T_6565018_0011	Boundary	True	True			
LA_T_6565018_0011	Interior_A	True	True	320.0000000000003	320.00000000000085	
LA_T_6565018_0011	Interior_B	True	False	-80.0000000000054	-79.99999999999774	incomplete_strict_phone_support_for_nine_point_cpps_trajectory
LA_T_6565018_0012	Boundary	True	False			official_v6_boundary_cpps_invalid_or_incomplete_support
LA_T_6565018_0012	Interior_A	True	False	-80.0000000000054	-79.99999999999774	incomplete_strict_phone_support_for_nine_point_cpps_trajectory
LA_T_6565018_0012	Interior_B	True	True	159.9999999999966	160.00000000000426	
LA_T_6565018_0013	Boundary	True	False			official_v6_boundary_cpps_invalid_or_incomplete_support
LA_T_6565018_0013	Interior_A	True	True	159.9999999999966	160.00000000000426	
LA_T_6565018_0013	Interior_B	True	False	-79.9999999999983	-80.00000000000485	incomplete_strict_phone_support_for_nine_point_cpps_trajectory
LA_T_6565018_0014	Boundary	True	True			
LA_T_6565018_0014	Interior_A	True	False	-79.9999999999983	-80.00000000000485	incomplete_strict_phone_support_for_nine_point_cpps_trajectory
LA_T_6565018_0014	Interior_B	True	False	0.0	5.551115123125783e-13	incomplete_strict_phone_support_for_nine_point_cpps_trajectory
LA_T_6565018_0017	Boundary	True	False			official_v6_boundary_cpps_invalid_or_incomplete_support
LA_T_6565018_0017	Interior_A	True	False	-159.9999999999966	-160.00000000000313	incomplete_strict_phone_support_for_nine_point_cpps_trajectory
LA_T_6565018_0017	Interior_B	True	False	0.0	5.551115123125783e-13	incomplete_strict_phone_support_for_nine_point_cpps_trajectory
LA_T_6565018_0023	Boundary	True	False			official_v6_boundary_cpps_invalid_or_incomplete_support
LA_T_6565018_0023	Interior_A	True	False	-159.9999999999966	-160.00000000000313	incomplete_strict_phone_support_for_nine_point_cpps_trajectory
LA_T_6565018_0023	Interior_B	True	True	399.9999999999986	399.99999999999915	
LA_T_6565018_0024	Boundary	True	False			official_v6_boundary_cpps_invalid_or_incomplete_support
LA_T_6565018_0024	Interior_A	True	True	399.9999999999986	399.99999999999915	
LA_T_6565018_0024	Interior_B	True	True	160.0000000000037	159.99999999999716	
LA_T_6565018_0025	Boundary	True	False			official_v6_boundary_cpps_invalid_or_incomplete_support
LA_T_6565018_0025	Interior_A	True	True	160.0000000000037	159.99999999999716	
LA_T_6565018_0025	Interior_B	True	False	0.0	5.551115123125783e-13	incomplete_strict_phone_support_for_nine_point_cpps_trajectory
LA_T_6565018_0028	Boundary	True	True			
LA_T_6565018_0028	Interior_A	True	True	400.0000000000057	399.99999999999915	
LA_T_6565018_0028	Interior_B	True	True	399.9999999999986	399.99999999999915	
LA_T_6565039_0004	Boundary	True	False			official_v6_boundary_cpps_invalid_or_incomplete_support
LA_T_6565039_0004	Interior_A	True	False	-79.99999999999918	-79.99999999999952	incomplete_strict_phone_support_for_nine_point_cpps_trajectory
LA_T_6565039_0004	Interior_B	True	True	320.0000000000003	319.9999999999991	
LA_T_6565039_0008	Boundary	True	True			
LA_T_6565039_0008	Interior_A	True	False	0.0	5.551115123125783e-13	incomplete_strict_phone_support_for_nine_point_cpps_trajectory
LA_T_6565039_0008	Interior_B	True	False	-160.00000000000014	-160.00000000000136	incomplete_strict_phone_support_for_nine_point_cpps_trajectory
LA_T_6565039_0013	Boundary	True	False			official_v6_boundary_cpps_invalid_or_incomplete_support
LA_T_6565039_0013	Interior_A	True	True	160.00000000000014	160.0000000000007	
LA_T_6565039_0013	Interior_B	True	True	159.9999999999966	160.0000000000007	
LA_T_6565039_0017	Boundary	True	True			
LA_T_6565039_0017	Interior_A	True	False	-79.9999999999983	-80.0000000000013	incomplete_strict_phone_support_for_nine_point_cpps_trajectory
LA_T_6565039_0017	Interior_B	True	False	-3.552713678800501e-12	5.551115123125783e-13	incomplete_strict_phone_support_for_nine_point_cpps_trajectory
LA_T_6565039_0018	Boundary	True	True			
LA_T_6565039_0018	Interior_A	True	False	-3.552713678800501e-12	5.551115123125783e-13	incomplete_strict_phone_support_for_nine_point_cpps_trajectory
LA_T_6565039_0018	Interior_B	True	False	-79.9999999999983	-80.0000000000013	incomplete_strict_phone_support_for_nine_point_cpps_trajectory
LA_T_6565039_0019	Boundary	True	True			
LA_T_6565039_0019	Interior_A	True	False	-79.9999999999983	-80.0000000000013	incomplete_strict_phone_support_for_nine_point_cpps_trajectory
LA_T_6565039_0019	Interior_B	True	False	-160.00000000000014	-159.99999999999957	incomplete_strict_phone_support_for_nine_point_cpps_trajectory
LA_T_6567988_0000	Boundary	True	False			official_v6_boundary_cpps_invalid_or_incomplete_support
LA_T_6567988_0000	Interior_A	True	True	400.00000000000034	400.0	
LA_T_6567988_0000	Interior_B	True	False	-159.99999999999926	-159.99999999999957	incomplete_strict_phone_support_for_nine_point_cpps_trajectory
LA_T_6567988_0001	Boundary	True	True			
LA_T_6567988_0001	Interior_A	True	False	-159.99999999999926	-159.99999999999957	incomplete_strict_phone_support_for_nine_point_cpps_trajectory
LA_T_6567988_0001	Interior_B	True	False	0.0	-1.2212453270876722e-12	incomplete_strict_phone_support_for_nine_point_cpps_trajectory
LA_T_6567988_0002	Boundary	True	False			official_v6_boundary_cpps_invalid_or_incomplete_support
LA_T_6567988_0002	Interior_A	True	False	0.0	-1.2212453270876722e-12	incomplete_strict_phone_support_for_nine_point_cpps_trajectory
LA_T_6567988_0002	Interior_B	True	False	-80.00000000000007	-80.0000000000013	incomplete_strict_phone_support_for_nine_point_cpps_trajectory
LA_T_6567988_0003	Boundary	True	False			official_v6_boundary_cpps_invalid_or_incomplete_support
LA_T_6567988_0003	Interior_A	True	False	-80.00000000000007	-80.0000000000013	incomplete_strict_phone_support_for_nine_point_cpps_trajectory
LA_T_6567988_0003	Interior_B	True	True	80.00000000000007	80.00000000000063	
LA_T_6567988_0004	Boundary	True	False			official_v6_boundary_cpps_invalid_or_incomplete_support
LA_T_6567988_0004	Interior_A	True	True	80.00000000000007	80.00000000000063	
LA_T_6567988_0004	Interior_B	True	True	160.00000000000014	159.99999999999892	
LA_T_6567988_0012	Boundary	True	True			
LA_T_6567988_0012	Interior_A	True	False	-160.00000000000014	-159.99999999999957	incomplete_strict_phone_support_for_nine_point_cpps_trajectory
LA_T_6567988_0012	Interior_B	True	True	559.9999999999987	559.9999999999993	
LA_T_6567988_0013	Boundary	True	False			official_v6_boundary_cpps_invalid_or_incomplete_support
LA_T_6567988_0013	Interior_A	True	True	559.9999999999987	559.9999999999993	
LA_T_6567988_0013	Interior_B	True	False	0.0	5.551115123125783e-13	incomplete_strict_phone_support_for_nine_point_cpps_trajectory
LA_T_6567988_0025	Boundary	True	False			official_v6_boundary_cpps_invalid_or_incomplete_support
LA_T_6567988_0025	Interior_A	True	False	0.0	5.551115123125783e-13	incomplete_strict_phone_support_for_nine_point_cpps_trajectory
LA_T_6567988_0025	Interior_B	True	False	0.0	-6.5503158452884236e-12	incomplete_strict_phone_support_for_nine_point_cpps_trajectory
LA_T_6567988_0029	Boundary	True	True			
LA_T_6567988_0029	Interior_A	True	True	79.9999999999983	80.00000000000595	
LA_T_6567988_0029	Interior_B	True	False	-79.9999999999983	-80.00000000000485	incomplete_strict_phone_support_for_nine_point_cpps_trajectory
LA_T_6567988_0030	Boundary	True	False			official_v6_boundary_cpps_invalid_or_incomplete_support
LA_T_6567988_0030	Interior_A	True	False	-79.9999999999983	-80.00000000000485	incomplete_strict_phone_support_for_nine_point_cpps_trajectory
LA_T_6567988_0030	Interior_B	True	True	160.0000000000037	159.99999999999716	
LA_T_6567988_0039	Boundary	True	False			official_v6_boundary_cpps_invalid_or_incomplete_support
LA_T_6567988_0039	Interior_A	True	False	-79.9999999999983	-80.00000000000485	incomplete_strict_phone_support_for_nine_point_cpps_trajectory
LA_T_6567988_0039	Interior_B	True	False	-159.9999999999966	-160.00000000000313	incomplete_strict_phone_support_for_nine_point_cpps_trajectory
LA_T_6567988_0042	Boundary	True	True			
LA_T_6567988_0042	Interior_A	True	False	-80.0000000000054	-79.99999999999774	incomplete_strict_phone_support_for_nine_point_cpps_trajectory
LA_T_6567988_0042	Interior_B	True	True	719.9999999999989	719.9999999999994	
LA_T_6567988_0043	Boundary	True	True			
LA_T_6567988_0043	Interior_A	True	True	719.9999999999989	719.9999999999994	
LA_T_6567988_0043	Interior_B	True	True	79.9999999999983	79.99999999999885	
LA_T_6567988_0050	Boundary	True	False			official_v6_boundary_cpps_invalid_or_incomplete_support
LA_T_6567988_0050	Interior_A	True	True	240.000000000002	239.99999999999545	
LA_T_6567988_0050	Interior_B	True	False	-160.0000000000108	-159.99999999999602	incomplete_strict_phone_support_for_nine_point_cpps_trajectory
LA_T_6567988_0051	Boundary	True	False			official_v6_boundary_cpps_invalid_or_incomplete_support
LA_T_6567988_0051	Interior_A	True	False	-160.0000000000108	-159.99999999999602	incomplete_strict_phone_support_for_nine_point_cpps_trajectory
LA_T_6567988_0051	Interior_B	True	False	-159.9999999999966	-159.99999999999602	incomplete_strict_phone_support_for_nine_point_cpps_trajectory
LA_T_6567988_0059	Boundary	True	False			official_v6_boundary_cpps_invalid_or_incomplete_support
LA_T_6567988_0059	Interior_A	True	True	79.9999999999983	79.99999999999885	
LA_T_6567988_0059	Interior_B	True	False	-159.9999999999966	-160.00000000001023	incomplete_strict_phone_support_for_nine_point_cpps_trajectory
LA_T_6567988_0065	Boundary	True	True			
LA_T_6567988_0065	Interior_A	True	False	-159.9999999999966	-159.99999999999602	incomplete_strict_phone_support_for_nine_point_cpps_trajectory
LA_T_6567988_0065	Interior_B	True	False	0.0	5.551115123125783e-13	incomplete_strict_phone_support_for_nine_point_cpps_trajectory
LA_T_6567988_0066	Boundary	True	False			official_v6_boundary_cpps_invalid_or_incomplete_support
LA_T_6567988_0066	Interior_A	True	False	0.0	5.551115123125783e-13	incomplete_strict_phone_support_for_nine_point_cpps_trajectory
LA_T_6567988_0066	Interior_B	True	True	159.9999999999966	159.99999999999716	
LA_T_6567988_0072	Boundary	True	False			official_v6_boundary_cpps_invalid_or_incomplete_support
LA_T_6567988_0072	Interior_A	True	False	-79.9999999999983	-80.00000000001195	incomplete_strict_phone_support_for_nine_point_cpps_trajectory
LA_T_6567988_0072	Interior_B	True	True	239.99999999999488	240.00000000000966	
LA_T_6567988_0073	Boundary	True	False			official_v6_boundary_cpps_invalid_or_incomplete_support
LA_T_6567988_0073	Interior_A	True	True	239.99999999999488	240.00000000000966	
LA_T_6567988_0073	Interior_B	True	False	-79.9999999999983	-79.99999999999774	incomplete_strict_phone_support_for_nine_point_cpps_trajectory
LA_T_6567988_0074	Boundary	True	False			official_v6_boundary_cpps_invalid_or_incomplete_support
LA_T_6567988_0074	Interior_A	True	False	-79.9999999999983	-79.99999999999774	incomplete_strict_phone_support_for_nine_point_cpps_trajectory
LA_T_6567988_0074	Interior_B	True	True	319.9999999999932	320.00000000000796	
LA_T_6567988_0075	Boundary	True	False			official_v6_boundary_cpps_invalid_or_incomplete_support
LA_T_6567988_0075	Interior_A	True	True	319.9999999999932	320.00000000000796	
LA_T_6567988_0075	Interior_B	True	True	879.9999999999955	879.999999999996	
LA_T_6567988_0076	Boundary	True	True			
LA_T_6567988_0076	Interior_A	True	True	879.9999999999955	879.999999999996	
LA_T_6567988_0076	Interior_B	True	False	-159.9999999999966	-159.99999999999602	incomplete_strict_phone_support_for_nine_point_cpps_trajectory
LA_T_6567988_0077	Boundary	True	True			
LA_T_6567988_0077	Interior_A	True	False	-159.9999999999966	-159.99999999999602	incomplete_strict_phone_support_for_nine_point_cpps_trajectory
LA_T_6567988_0077	Interior_B	True	True	480.000000000004	479.99999999999034	
LA_T_6569539_0000	Boundary	True	False			official_v6_boundary_cpps_invalid_or_incomplete_support
LA_T_6569539_0000	Interior_A	True	False	0.0	1.1102230246251565e-13	incomplete_strict_phone_support_for_nine_point_cpps_trajectory
LA_T_6569539_0000	Interior_B	True	True	79.99999999999963	80.00000000000018	
LA_T_6569539_0001	Boundary	True	True			
LA_T_6569539_0001	Interior_A	True	True	79.99999999999963	80.00000000000018	
LA_T_6569539_0001	Interior_B	True	True	240.00000000000023	239.9999999999999	
LA_T_6569539_0002	Boundary	True	True			
LA_T_6569539_0002	Interior_A	True	True	240.00000000000023	239.9999999999999	
LA_T_6569539_0002	Interior_B	True	False	-79.99999999999918	-80.0000000000004	incomplete_strict_phone_support_for_nine_point_cpps_trajectory
LA_T_6569539_0003	Boundary	True	True			
LA_T_6569539_0003	Interior_A	True	False	-79.99999999999918	-80.0000000000004	incomplete_strict_phone_support_for_nine_point_cpps_trajectory
LA_T_6569539_0003	Interior_B	True	True	80.00000000000007	80.00000000000063	
LA_T_6569539_0008	Boundary	True	True			
LA_T_6569539_0008	Interior_A	True	False	-80.00000000000007	-79.99999999999952	incomplete_strict_phone_support_for_nine_point_cpps_trajectory
LA_T_6569539_0008	Interior_B	True	False	-1.7763568394002505e-12	5.551115123125783e-13	incomplete_strict_phone_support_for_nine_point_cpps_trajectory
LA_T_6569539_0009	Boundary	True	True			
LA_T_6569539_0009	Interior_A	True	False	-1.7763568394002505e-12	5.551115123125783e-13	incomplete_strict_phone_support_for_nine_point_cpps_trajectory
LA_T_6569539_0009	Interior_B	True	False	-80.00000000000185	-79.99999999999774	incomplete_strict_phone_support_for_nine_point_cpps_trajectory
LA_T_6569539_0010	Boundary	True	True			
LA_T_6569539_0010	Interior_A	True	False	-80.00000000000185	-79.99999999999774	incomplete_strict_phone_support_for_nine_point_cpps_trajectory
LA_T_6569539_0010	Interior_B	True	False	-80.00000000000185	-80.0000000000013	incomplete_strict_phone_support_for_nine_point_cpps_trajectory
LA_T_6569539_0014	Boundary	True	False			official_v6_boundary_cpps_invalid_or_incomplete_support
LA_T_6569539_0014	Interior_A	True	False	-160.00000000000014	-159.99999999999957	incomplete_strict_phone_support_for_nine_point_cpps_trajectory
LA_T_6569539_0014	Interior_B	True	True	80.00000000000185	79.99999999999885	
LA_T_6569539_0018	Boundary	True	False			official_v6_boundary_cpps_invalid_or_incomplete_support
LA_T_6569539_0018	Interior_A	True	True	79.9999999999983	80.0000000000024	
LA_T_6569539_0018	Interior_B	True	True	160.00000000000014	159.99999999999716	
LA_T_6569539_0019	Boundary	True	False			official_v6_boundary_cpps_invalid_or_incomplete_support
LA_T_6569539_0019	Interior_A	True	True	160.00000000000014	159.99999999999716	
LA_T_6569539_0019	Interior_B	True	False	0.0	5.551115123125783e-13	incomplete_strict_phone_support_for_nine_point_cpps_trajectory
LA_T_6569539_0020	Boundary	True	False			official_v6_boundary_cpps_invalid_or_incomplete_support
LA_T_6569539_0020	Interior_A	True	False	0.0	5.551115123125783e-13	incomplete_strict_phone_support_for_nine_point_cpps_trajectory
LA_T_6569539_0020	Interior_B	True	True	79.9999999999983	80.0000000000024	
LA_T_6569539_0024	Boundary	True	True			
LA_T_6569539_0024	Interior_A	True	False	-79.9999999999983	-80.0000000000013	incomplete_strict_phone_support_for_nine_point_cpps_trajectory
LA_T_6569539_0024	Interior_B	True	False	-160.00000000000014	-160.00000000000313	incomplete_strict_phone_support_for_nine_point_cpps_trajectory
LA_T_6569539_0027	Boundary	True	True			
LA_T_6569539_0027	Interior_A	True	False	-79.9999999999983	-79.99999999999774	incomplete_strict_phone_support_for_nine_point_cpps_trajectory
LA_T_6569539_0027	Interior_B	True	False	-159.9999999999966	-160.00000000000313	incomplete_strict_phone_support_for_nine_point_cpps_trajectory
LA_T_6569539_0028	Boundary	True	False			official_v6_boundary_cpps_invalid_or_incomplete_support
LA_T_6569539_0028	Interior_A	True	False	-159.9999999999966	-160.00000000000313	incomplete_strict_phone_support_for_nine_point_cpps_trajectory
LA_T_6569539_0028	Interior_B	True	False	-80.0000000000054	-79.99999999999774	incomplete_strict_phone_support_for_nine_point_cpps_trajectory
LA_T_6569539_0032	Boundary	True	True			
LA_T_6569539_0032	Interior_A	True	False	0.0	5.551115123125783e-13	incomplete_strict_phone_support_for_nine_point_cpps_trajectory
LA_T_6569539_0032	Interior_B	True	False	-159.9999999999966	-160.00000000000313	incomplete_strict_phone_support_for_nine_point_cpps_trajectory
LA_T_6569539_0035	Boundary	True	True			
LA_T_6569539_0035	Interior_A	True	False	-159.9999999999966	-160.00000000000313	incomplete_strict_phone_support_for_nine_point_cpps_trajectory
LA_T_6569539_0035	Interior_B	True	False	-159.9999999999966	-160.00000000000313	incomplete_strict_phone_support_for_nine_point_cpps_trajectory
LA_T_6569539_0036	Boundary	True	True			
LA_T_6569539_0036	Interior_A	True	False	-159.9999999999966	-160.00000000000313	incomplete_strict_phone_support_for_nine_point_cpps_trajectory
LA_T_6569539_0036	Interior_B	True	False	-159.9999999999966	-160.00000000000313	incomplete_strict_phone_support_for_nine_point_cpps_trajectory
LA_T_6569539_0037	Boundary	True	True			
LA_T_6569539_0037	Interior_A	True	False	-159.9999999999966	-160.00000000000313	incomplete_strict_phone_support_for_nine_point_cpps_trajectory
LA_T_6569539_0037	Interior_B	True	True	640.0000000000006	640.0000000000011	
LA_T_6569539_0043	Boundary	True	False			official_v6_boundary_cpps_invalid_or_incomplete_support
LA_T_6569539_0043	Interior_A	True	False	-160.0000000000037	-159.99999999999602	incomplete_strict_phone_support_for_nine_point_cpps_trajectory
LA_T_6569539_0043	Interior_B	True	False	0.0	5.551115123125783e-13	incomplete_strict_phone_support_for_nine_point_cpps_trajectory
LA_T_6569539_0046	Boundary	True	False			official_v6_boundary_cpps_invalid_or_incomplete_support
LA_T_6569539_0046	Interior_A	True	True	79.9999999999983	79.99999999999885	
LA_T_6569539_0046	Interior_B	True	False	-79.9999999999983	-79.99999999999774	incomplete_strict_phone_support_for_nine_point_cpps_trajectory
LA_T_6569539_0047	Boundary	True	False			official_v6_boundary_cpps_invalid_or_incomplete_support
LA_T_6569539_0047	Interior_A	True	False	-79.9999999999983	-79.99999999999774	incomplete_strict_phone_support_for_nine_point_cpps_trajectory
LA_T_6569539_0047	Interior_B	True	False	-80.0000000000054	-79.99999999999774	incomplete_strict_phone_support_for_nine_point_cpps_trajectory
LA_T_6569539_0048	Boundary	True	False			official_v6_boundary_cpps_invalid_or_incomplete_support
LA_T_6569539_0048	Interior_A	True	False	-80.0000000000054	-79.99999999999774	incomplete_strict_phone_support_for_nine_point_cpps_trajectory
LA_T_6569539_0048	Interior_B	True	False	-79.9999999999983	-80.00000000000485	incomplete_strict_phone_support_for_nine_point_cpps_trajectory
LA_T_6569539_0049	Boundary	True	True			
LA_T_6569539_0049	Interior_A	True	False	-79.9999999999983	-80.00000000000485	incomplete_strict_phone_support_for_nine_point_cpps_trajectory
LA_T_6569539_0049	Interior_B	True	False	-79.9999999999983	-79.99999999999774	incomplete_strict_phone_support_for_nine_point_cpps_trajectory
LA_T_6569539_0050	Boundary	True	False			official_v6_boundary_cpps_invalid_or_incomplete_support
LA_T_6569539_0050	Interior_A	True	False	-79.9999999999983	-79.99999999999774	incomplete_strict_phone_support_for_nine_point_cpps_trajectory
LA_T_6569539_0050	Interior_B	True	False	0.0	5.551115123125783e-13	incomplete_strict_phone_support_for_nine_point_cpps_trajectory
LA_T_6569539_0053	Boundary	True	False			official_v6_boundary_cpps_invalid_or_incomplete_support
LA_T_6569539_0053	Interior_A	True	False	-159.9999999999966	-160.00000000001023	incomplete_strict_phone_support_for_nine_point_cpps_trajectory
LA_T_6569539_0053	Interior_B	True	True	239.99999999999488	240.00000000000966	
LA_T_6569539_0054	Boundary	True	False			official_v6_boundary_cpps_invalid_or_incomplete_support
LA_T_6569539_0054	Interior_A	True	True	239.99999999999488	240.00000000000966	
LA_T_6569539_0054	Interior_B	True	True	560.0000000000023	560.0000000000028	
LA_T_6569539_0055	Boundary	True	False			official_v6_boundary_cpps_invalid_or_incomplete_support
LA_T_6569539_0055	Interior_A	True	True	560.0000000000023	560.0000000000028	
LA_T_6569539_0055	Interior_B	True	True	400.0000000000057	399.99999999999204	
LA_T_6569539_0064	Boundary	True	True			
LA_T_6569539_0064	Interior_A	True	False	-79.9999999999983	-79.99999999999774	incomplete_strict_phone_support_for_nine_point_cpps_trajectory
LA_T_6569539_0064	Interior_B	True	False	0.0	5.551115123125783e-13	incomplete_strict_phone_support_for_nine_point_cpps_trajectory
LA_T_6569539_0067	Boundary	True	True			
LA_T_6569539_0067	Interior_A	True	False	-159.9999999999966	-160.00000000001023	incomplete_strict_phone_support_for_nine_point_cpps_trajectory
LA_T_6569539_0067	Interior_B	True	False	-159.9999999999966	-159.99999999999602	incomplete_strict_phone_support_for_nine_point_cpps_trajectory
LA_T_6569539_0068	Boundary	True	True			
LA_T_6569539_0068	Interior_A	True	False	-159.9999999999966	-159.99999999999602	incomplete_strict_phone_support_for_nine_point_cpps_trajectory
LA_T_6569539_0068	Interior_B	True	True	480.000000000004	479.99999999999034	
LA_T_6573078_0002	Boundary	True	True			
LA_T_6573078_0002	Interior_A	True	False	-159.99999999999926	-159.99999999999957	incomplete_strict_phone_support_for_nine_point_cpps_trajectory
LA_T_6573078_0002	Interior_B	True	True	79.9999999999983	80.00000000000063	
LA_T_6573078_0003	Boundary	True	False			official_v6_boundary_cpps_invalid_or_incomplete_support
LA_T_6573078_0003	Interior_A	True	True	79.9999999999983	80.00000000000063	
LA_T_6573078_0003	Interior_B	True	False	-80.00000000000007	-80.0000000000013	incomplete_strict_phone_support_for_nine_point_cpps_trajectory
LA_T_6573078_0015	Boundary	True	True			
LA_T_6573078_0015	Interior_A	True	True	79.9999999999983	80.0000000000024	
LA_T_6573078_0015	Interior_B	True	True	159.9999999999966	160.0000000000007	
LA_T_6573078_0016	Boundary	True	True			
LA_T_6573078_0016	Interior_A	True	True	159.9999999999966	160.0000000000007	
LA_T_6573078_0016	Interior_B	True	True	160.00000000000014	160.0000000000007	
LA_T_6573078_0017	Boundary	True	True			
LA_T_6573078_0017	Interior_A	True	True	160.00000000000014	160.0000000000007	
LA_T_6573078_0017	Interior_B	True	False	-80.00000000000185	-80.0000000000013	incomplete_strict_phone_support_for_nine_point_cpps_trajectory
LA_T_6573078_0018	Boundary	True	True			
LA_T_6573078_0018	Interior_A	True	False	-80.00000000000185	-80.0000000000013	incomplete_strict_phone_support_for_nine_point_cpps_trajectory
LA_T_6573078_0018	Interior_B	True	True	79.9999999999983	80.0000000000024	
LA_T_6573078_0019	Boundary	True	True			
LA_T_6573078_0019	Interior_A	True	True	79.9999999999983	80.0000000000024	
LA_T_6573078_0019	Interior_B	True	False	-80.00000000000185	-79.99999999999774	incomplete_strict_phone_support_for_nine_point_cpps_trajectory
LA_T_6573078_0020	Boundary	True	True			
LA_T_6573078_0020	Interior_A	True	False	-80.00000000000185	-79.99999999999774	incomplete_strict_phone_support_for_nine_point_cpps_trajectory
LA_T_6573078_0020	Interior_B	True	True	399.9999999999986	399.99999999999915	
LA_T_6573078_0025	Boundary	True	True			
LA_T_6573078_0025	Interior_A	True	True	240.000000000002	239.99999999999545	
LA_T_6573078_0025	Interior_B	True	False	0.0	5.551115123125783e-13	incomplete_strict_phone_support_for_nine_point_cpps_trajectory
LA_T_6573078_0026	Boundary	True	True			
LA_T_6573078_0026	Interior_A	True	False	0.0	5.551115123125783e-13	incomplete_strict_phone_support_for_nine_point_cpps_trajectory
LA_T_6573078_0026	Interior_B	True	False	-160.0000000000037	-159.99999999999602	incomplete_strict_phone_support_for_nine_point_cpps_trajectory
LA_T_6573078_0027	Boundary	True	True			
LA_T_6573078_0027	Interior_A	True	False	-160.0000000000037	-159.99999999999602	incomplete_strict_phone_support_for_nine_point_cpps_trajectory
LA_T_6573078_0027	Interior_B	True	False	0.0	5.551115123125783e-13	incomplete_strict_phone_support_for_nine_point_cpps_trajectory
LA_T_6573078_0039	Boundary	True	True			
LA_T_6573078_0039	Interior_A	True	False	-80.0000000000054	-79.99999999999774	incomplete_strict_phone_support_for_nine_point_cpps_trajectory
LA_T_6573078_0039	Interior_B	True	False	-79.9999999999983	-80.00000000000485	incomplete_strict_phone_support_for_nine_point_cpps_trajectory
LA_T_6573078_0040	Boundary	True	True			
LA_T_6573078_0040	Interior_A	True	False	-79.9999999999983	-80.00000000000485	incomplete_strict_phone_support_for_nine_point_cpps_trajectory
LA_T_6573078_0040	Interior_B	True	True	960.0000000000009	960.0000000000014	
LA_T_6573078_0041	Boundary	True	True			
LA_T_6573078_0041	Interior_A	True	True	960.0000000000009	960.0000000000014	
LA_T_6573078_0041	Interior_B	True	True	320.0000000000003	320.00000000000085	
LA_T_6573413_0000	Boundary	True	False			official_v6_boundary_cpps_invalid_or_incomplete_support
LA_T_6573413_0000	Interior_A	True	True	559.9999999999987	560.0000000000028	
LA_T_6573413_0000	Interior_B	True	False	-80.00000000000185	-80.0000000000013	incomplete_strict_phone_support_for_nine_point_cpps_trajectory
LA_T_6573413_0001	Boundary	True	False			official_v6_boundary_cpps_invalid_or_incomplete_support
LA_T_6573413_0001	Interior_A	True	False	-80.00000000000185	-80.0000000000013	incomplete_strict_phone_support_for_nine_point_cpps_trajectory
LA_T_6573413_0001	Interior_B	True	False	-160.00000000000014	-159.99999999999957	incomplete_strict_phone_support_for_nine_point_cpps_trajectory
LA_T_6573413_0002	Boundary	True	False			official_v6_boundary_cpps_invalid_or_incomplete_support
LA_T_6573413_0002	Interior_A	True	False	-160.00000000000014	-159.99999999999957	incomplete_strict_phone_support_for_nine_point_cpps_trajectory
LA_T_6573413_0002	Interior_B	True	False	0.0	5.551115123125783e-13	incomplete_strict_phone_support_for_nine_point_cpps_trajectory
LA_T_6573413_0003	Boundary	True	False			official_v6_boundary_cpps_invalid_or_incomplete_support
LA_T_6573413_0003	Interior_A	True	False	0.0	5.551115123125783e-13	incomplete_strict_phone_support_for_nine_point_cpps_trajectory
LA_T_6573413_0003	Interior_B	True	False	-160.00000000000014	-159.99999999999957	incomplete_strict_phone_support_for_nine_point_cpps_trajectory
LA_T_6573413_0005	Boundary	True	True			
LA_T_6573413_0005	Interior_A	True	False	-160.0000000000037	-159.99999999999957	incomplete_strict_phone_support_for_nine_point_cpps_trajectory
LA_T_6573413_0005	Interior_B	True	False	-160.00000000000014	-159.99999999999957	incomplete_strict_phone_support_for_nine_point_cpps_trajectory
LA_T_6573413_0006	Boundary	True	False			official_v6_boundary_cpps_invalid_or_incomplete_support
LA_T_6573413_0006	Interior_A	True	False	-160.00000000000014	-159.99999999999957	incomplete_strict_phone_support_for_nine_point_cpps_trajectory
LA_T_6573413_0006	Interior_B	True	False	0.0	5.551115123125783e-13	incomplete_strict_phone_support_for_nine_point_cpps_trajectory
LA_T_6573413_0007	Boundary	True	False			official_v6_boundary_cpps_invalid_or_incomplete_support
LA_T_6573413_0007	Interior_A	True	False	0.0	5.551115123125783e-13	incomplete_strict_phone_support_for_nine_point_cpps_trajectory
LA_T_6573413_0007	Interior_B	True	True	239.99999999999844	239.999999999999	
LA_T_6573413_0010	Boundary	True	False			official_v6_boundary_cpps_invalid_or_incomplete_support
LA_T_6573413_0010	Interior_A	True	True	160.00000000000014	159.99999999999716	
LA_T_6573413_0010	Interior_B	True	True	80.0000000000054	79.99999999999885	
LA_T_6573413_0011	Boundary	True	False			official_v6_boundary_cpps_invalid_or_incomplete_support
LA_T_6573413_0011	Interior_A	True	True	80.0000000000054	79.99999999999885	
LA_T_6573413_0011	Interior_B	True	True	560.0000000000023	559.9999999999957	
LA_T_6573413_0013	Boundary	True	True			
LA_T_6573413_0013	Interior_A	True	False	-159.9999999999966	-160.00000000000313	incomplete_strict_phone_support_for_nine_point_cpps_trajectory
LA_T_6573413_0013	Interior_B	True	False	-80.0000000000054	-79.99999999999774	incomplete_strict_phone_support_for_nine_point_cpps_trajectory
LA_T_6573413_0014	Boundary	True	True			
LA_T_6573413_0014	Interior_A	True	False	-80.0000000000054	-79.99999999999774	incomplete_strict_phone_support_for_nine_point_cpps_trajectory
LA_T_6573413_0014	Interior_B	True	False	0.0	5.551115123125783e-13	incomplete_strict_phone_support_for_nine_point_cpps_trajectory
LA_T_6573413_0017	Boundary	True	False			official_v6_boundary_cpps_invalid_or_incomplete_support
LA_T_6573413_0017	Interior_A	True	True	79.9999999999983	79.99999999999885	
LA_T_6573413_0017	Interior_B	True	True	400.0000000000057	399.99999999999915	
LA_T_6573413_0018	Boundary	True	True			
LA_T_6573413_0018	Interior_A	True	True	400.0000000000057	399.99999999999915	
LA_T_6573413_0018	Interior_B	True	False	-160.0000000000037	-159.99999999999602	incomplete_strict_phone_support_for_nine_point_cpps_trajectory
LA_T_6573413_0019	Boundary	True	True			
LA_T_6573413_0019	Interior_A	True	False	-160.0000000000037	-159.99999999999602	incomplete_strict_phone_support_for_nine_point_cpps_trajectory
LA_T_6573413_0019	Interior_B	True	False	-79.9999999999983	-80.00000000000485	incomplete_strict_phone_support_for_nine_point_cpps_trajectory
LA_T_6573413_0020	Boundary	True	False			official_v6_boundary_cpps_invalid_or_incomplete_support
LA_T_6573413_0020	Interior_A	True	False	-79.9999999999983	-80.00000000000485	incomplete_strict_phone_support_for_nine_point_cpps_trajectory
LA_T_6573413_0020	Interior_B	True	False	-160.0000000000037	-159.99999999999602	incomplete_strict_phone_support_for_nine_point_cpps_trajectory
LA_T_6573413_0023	Boundary	True	False			official_v6_boundary_cpps_invalid_or_incomplete_support
LA_T_6573413_0023	Interior_A	True	True	79.9999999999983	79.99999999999885	
LA_T_6573413_0023	Interior_B	True	False	-159.9999999999966	-160.00000000000313	incomplete_strict_phone_support_for_nine_point_cpps_trajectory
LA_T_6573413_0024	Boundary	True	False			official_v6_boundary_cpps_invalid_or_incomplete_support
LA_T_6573413_0024	Interior_A	True	False	-159.9999999999966	-160.00000000000313	incomplete_strict_phone_support_for_nine_point_cpps_trajectory
LA_T_6573413_0024	Interior_B	True	False	-79.9999999999983	-80.00000000000485	incomplete_strict_phone_support_for_nine_point_cpps_trajectory
LA_T_6573413_0025	Boundary	True	False			official_v6_boundary_cpps_invalid_or_incomplete_support
LA_T_6573413_0025	Interior_A	True	False	-79.9999999999983	-80.00000000000485	incomplete_strict_phone_support_for_nine_point_cpps_trajectory
LA_T_6573413_0025	Interior_B	True	False	0.0	5.551115123125783e-13	incomplete_strict_phone_support_for_nine_point_cpps_trajectory
LA_T_6573413_0028	Boundary	True	True			
LA_T_6573413_0028	Interior_A	True	True	79.9999999999983	79.99999999999885	
LA_T_6573413_0028	Interior_B	True	False	-79.9999999999983	-80.00000000000485	incomplete_strict_phone_support_for_nine_point_cpps_trajectory
LA_T_6577656_0005	Boundary	True	True			
LA_T_6577656_0005	Interior_A	True	False	0.0	5.551115123125783e-13	incomplete_strict_phone_support_for_nine_point_cpps_trajectory
LA_T_6577656_0005	Interior_B	True	True	79.9999999999983	79.99999999999885	
LA_T_6577656_0008	Boundary	True	False			official_v6_boundary_cpps_invalid_or_incomplete_support
LA_T_6577656_0008	Interior_A	True	True	80.00000000000185	79.99999999999885	
LA_T_6577656_0008	Interior_B	True	False	-160.00000000000014	-159.99999999999957	incomplete_strict_phone_support_for_nine_point_cpps_trajectory
LA_T_6577656_0009	Boundary	True	False			official_v6_boundary_cpps_invalid_or_incomplete_support
LA_T_6577656_0009	Interior_A	True	False	-160.00000000000014	-159.99999999999957	incomplete_strict_phone_support_for_nine_point_cpps_trajectory
LA_T_6577656_0009	Interior_B	True	False	0.0	-2.9976021664879227e-12	incomplete_strict_phone_support_for_nine_point_cpps_trajectory
LA_T_6577656_0012	Boundary	True	False			official_v6_boundary_cpps_invalid_or_incomplete_support
LA_T_6577656_0012	Interior_A	True	False	0.0	5.551115123125783e-13	incomplete_strict_phone_support_for_nine_point_cpps_trajectory
LA_T_6577656_0012	Interior_B	True	False	-159.9999999999966	-160.00000000000313	incomplete_strict_phone_support_for_nine_point_cpps_trajectory
LA_T_6577656_0013	Boundary	True	True			
LA_T_6577656_0013	Interior_A	True	False	-159.9999999999966	-160.00000000000313	incomplete_strict_phone_support_for_nine_point_cpps_trajectory
LA_T_6577656_0013	Interior_B	True	False	-160.0000000000037	-159.99999999999602	incomplete_strict_phone_support_for_nine_point_cpps_trajectory
LA_T_6577656_0019	Boundary	True	True			
LA_T_6577656_0019	Interior_A	True	False	-79.9999999999983	-79.99999999999774	incomplete_strict_phone_support_for_nine_point_cpps_trajectory
LA_T_6577656_0019	Interior_B	True	False	-79.9999999999983	-80.00000000000485	incomplete_strict_phone_support_for_nine_point_cpps_trajectory
LA_T_6577656_0020	Boundary	True	True			
LA_T_6577656_0020	Interior_A	True	False	-79.9999999999983	-80.00000000000485	incomplete_strict_phone_support_for_nine_point_cpps_trajectory
LA_T_6577656_0020	Interior_B	True	False	-160.0000000000037	-159.99999999999602	incomplete_strict_phone_support_for_nine_point_cpps_trajectory
LA_T_6577656_0023	Boundary	True	False			official_v6_boundary_cpps_invalid_or_incomplete_support
LA_T_6577656_0023	Interior_A	True	True	560.0000000000023	559.9999999999957	
LA_T_6577656_0023	Interior_B	True	False	0.0	5.551115123125783e-13	incomplete_strict_phone_support_for_nine_point_cpps_trajectory
LA_T_6577656_0024	Boundary	True	False			official_v6_boundary_cpps_invalid_or_incomplete_support
LA_T_6577656_0024	Interior_A	True	False	0.0	5.551115123125783e-13	incomplete_strict_phone_support_for_nine_point_cpps_trajectory
LA_T_6577656_0024	Interior_B	True	True	240.000000000002	240.00000000000256	
LA_T_6579305_0000	Boundary	True	True			
LA_T_6579305_0000	Interior_A	True	False	-160.00000000000014	-159.99999999999957	incomplete_strict_phone_support_for_nine_point_cpps_trajectory
LA_T_6579305_0000	Interior_B	True	False	-160.00000000000014	-160.00000000000136	incomplete_strict_phone_support_for_nine_point_cpps_trajectory
LA_T_6579305_0004	Boundary	True	False			official_v6_boundary_cpps_invalid_or_incomplete_support
LA_T_6579305_0004	Interior_A	True	True	80.00000000000007	79.99999999999885	
LA_T_6579305_0004	Interior_B	True	False	-160.00000000000014	-160.00000000000136	incomplete_strict_phone_support_for_nine_point_cpps_trajectory
LA_T_6579305_0008	Boundary	True	False			official_v6_boundary_cpps_invalid_or_incomplete_support
LA_T_6579305_0008	Interior_A	True	True	160.00000000000014	160.0000000000007	
LA_T_6579305_0008	Interior_B	True	True	239.99999999999844	239.999999999999	
LA_T_6579305_0011	Boundary	True	True			
LA_T_6579305_0011	Interior_A	True	True	160.00000000000014	160.0000000000007	
LA_T_6579305_0011	Interior_B	True	False	-79.9999999999983	-80.0000000000013	incomplete_strict_phone_support_for_nine_point_cpps_trajectory
LA_T_6579305_0012	Boundary	True	True			
LA_T_6579305_0012	Interior_A	True	False	-79.9999999999983	-80.0000000000013	incomplete_strict_phone_support_for_nine_point_cpps_trajectory
LA_T_6579305_0012	Interior_B	True	False	-3.552713678800501e-12	5.551115123125783e-13	incomplete_strict_phone_support_for_nine_point_cpps_trajectory
LA_T_6579305_0013	Boundary	True	False			official_v6_boundary_cpps_invalid_or_incomplete_support
LA_T_6579305_0013	Interior_A	True	False	-3.552713678800501e-12	5.551115123125783e-13	incomplete_strict_phone_support_for_nine_point_cpps_trajectory
LA_T_6579305_0013	Interior_B	True	False	0.0	5.551115123125783e-13	incomplete_strict_phone_support_for_nine_point_cpps_trajectory
LA_T_6579305_0017	Boundary	True	False			official_v6_boundary_cpps_invalid_or_incomplete_support
LA_T_6579305_0017	Interior_A	True	False	-3.552713678800501e-12	5.551115123125783e-13	incomplete_strict_phone_support_for_nine_point_cpps_trajectory
LA_T_6579305_0017	Interior_B	True	True	160.00000000000014	160.0000000000007	
LA_T_6579305_0018	Boundary	True	False			official_v6_boundary_cpps_invalid_or_incomplete_support
LA_T_6579305_0018	Interior_A	True	True	160.00000000000014	160.0000000000007	
LA_T_6579305_0018	Interior_B	True	True	320.0000000000003	319.99999999999727	
LA_T_6579305_0019	Boundary	True	True			
LA_T_6579305_0019	Interior_A	True	True	320.0000000000003	319.99999999999727	
LA_T_6579305_0019	Interior_B	True	False	-79.9999999999983	-80.0000000000013	incomplete_strict_phone_support_for_nine_point_cpps_trajectory
LA_T_6579305_0020	Boundary	True	False			official_v6_boundary_cpps_invalid_or_incomplete_support
LA_T_6579305_0020	Interior_A	True	False	-79.9999999999983	-80.0000000000013	incomplete_strict_phone_support_for_nine_point_cpps_trajectory
LA_T_6579305_0020	Interior_B	True	False	-80.00000000000185	-79.99999999999774	incomplete_strict_phone_support_for_nine_point_cpps_trajectory
LA_T_6579305_0025	Boundary	True	False			official_v6_boundary_cpps_invalid_or_incomplete_support
LA_T_6579305_0025	Interior_A	True	True	320.0000000000003	320.00000000000085	
LA_T_6579305_0025	Interior_B	True	True	159.9999999999966	160.00000000000426	
LA_T_6579305_0026	Boundary	True	False			official_v6_boundary_cpps_invalid_or_incomplete_support
LA_T_6579305_0026	Interior_A	True	True	159.9999999999966	160.00000000000426	
LA_T_6579305_0026	Interior_B	True	True	79.9999999999983	79.99999999999885	
LA_T_6579305_0027	Boundary	True	False			official_v6_boundary_cpps_invalid_or_incomplete_support
LA_T_6579305_0027	Interior_A	True	True	79.9999999999983	79.99999999999885	
LA_T_6579305_0027	Interior_B	True	False	-79.9999999999983	-80.00000000000485	incomplete_strict_phone_support_for_nine_point_cpps_trajectory
LA_T_6579305_0028	Boundary	True	False			official_v6_boundary_cpps_invalid_or_incomplete_support
LA_T_6579305_0028	Interior_A	True	False	-79.9999999999983	-80.00000000000485	incomplete_strict_phone_support_for_nine_point_cpps_trajectory
LA_T_6579305_0028	Interior_B	True	False	-79.9999999999983	-79.99999999999774	incomplete_strict_phone_support_for_nine_point_cpps_trajectory
LA_T_6579305_0031	Boundary	True	True			
LA_T_6579305_0031	Interior_A	True	False	-79.9999999999983	-80.00000000000485	incomplete_strict_phone_support_for_nine_point_cpps_trajectory
LA_T_6579305_0031	Interior_B	True	False	0.0	5.551115123125783e-13	incomplete_strict_phone_support_for_nine_point_cpps_trajectory
LA_T_6579305_0032	Boundary	True	True			
LA_T_6579305_0032	Interior_A	True	False	0.0	5.551115123125783e-13	incomplete_strict_phone_support_for_nine_point_cpps_trajectory
LA_T_6579305_0032	Interior_B	True	True	160.0000000000037	159.99999999999716	
LA_T_6579305_0033	Boundary	True	True			
LA_T_6579305_0033	Interior_A	True	True	160.0000000000037	159.99999999999716	
LA_T_6579305_0033	Interior_B	True	False	0.0	5.551115123125783e-13	incomplete_strict_phone_support_for_nine_point_cpps_trajectory
LA_T_6579305_0034	Boundary	True	True			
LA_T_6579305_0034	Interior_A	True	False	0.0	5.551115123125783e-13	incomplete_strict_phone_support_for_nine_point_cpps_trajectory
LA_T_6579305_0034	Interior_B	True	False	-160.0000000000037	-160.00000000000313	incomplete_strict_phone_support_for_nine_point_cpps_trajectory
LA_T_6579305_0035	Boundary	True	True			
LA_T_6579305_0035	Interior_A	True	False	-160.0000000000037	-160.00000000000313	incomplete_strict_phone_support_for_nine_point_cpps_trajectory
LA_T_6579305_0035	Interior_B	True	False	-79.9999999999983	-79.99999999999774	incomplete_strict_phone_support_for_nine_point_cpps_trajectory
LA_T_6579305_0036	Boundary	True	True			
LA_T_6579305_0036	Interior_A	True	False	-79.9999999999983	-79.99999999999774	incomplete_strict_phone_support_for_nine_point_cpps_trajectory
LA_T_6579305_0036	Interior_B	True	False	-159.9999999999966	-160.00000000000313	incomplete_strict_phone_support_for_nine_point_cpps_trajectory
LA_T_6579305_0037	Boundary	True	True			
LA_T_6579305_0037	Interior_A	True	False	-159.9999999999966	-160.00000000000313	incomplete_strict_phone_support_for_nine_point_cpps_trajectory
LA_T_6579305_0037	Interior_B	True	False	-80.0000000000054	-79.99999999999774	incomplete_strict_phone_support_for_nine_point_cpps_trajectory
LA_T_6579305_0038	Boundary	True	True			
LA_T_6579305_0038	Interior_A	True	False	-80.0000000000054	-79.99999999999774	incomplete_strict_phone_support_for_nine_point_cpps_trajectory
LA_T_6579305_0038	Interior_B	True	False	-160.0000000000037	-159.99999999999602	incomplete_strict_phone_support_for_nine_point_cpps_trajectory
LA_T_6579305_0039	Boundary	True	False			official_v6_boundary_cpps_invalid_or_incomplete_support
LA_T_6579305_0039	Interior_A	True	False	-160.0000000000037	-159.99999999999602	incomplete_strict_phone_support_for_nine_point_cpps_trajectory
LA_T_6579305_0039	Interior_B	True	True	240.000000000002	239.99999999999545	
LA_T_6579305_0040	Boundary	True	False			official_v6_boundary_cpps_invalid_or_incomplete_support
LA_T_6579305_0040	Interior_A	True	True	240.000000000002	239.99999999999545	
LA_T_6579305_0040	Interior_B	True	False	-79.9999999999983	-79.99999999999774	incomplete_strict_phone_support_for_nine_point_cpps_trajectory
LA_T_6579305_0041	Boundary	True	False			official_v6_boundary_cpps_invalid_or_incomplete_support
LA_T_6579305_0041	Interior_A	True	False	-79.9999999999983	-79.99999999999774	incomplete_strict_phone_support_for_nine_point_cpps_trajectory
LA_T_6579305_0041	Interior_B	True	True	159.9999999999966	159.99999999999716	
LA_T_6579305_0042	Boundary	True	False			official_v6_boundary_cpps_invalid_or_incomplete_support
LA_T_6579305_0042	Interior_A	True	True	159.9999999999966	159.99999999999716	
LA_T_6579305_0042	Interior_B	True	False	-159.9999999999966	-160.00000000000313	incomplete_strict_phone_support_for_nine_point_cpps_trajectory
LA_T_6579305_0043	Boundary	True	True			
LA_T_6579305_0043	Interior_A	True	False	-159.9999999999966	-160.00000000000313	incomplete_strict_phone_support_for_nine_point_cpps_trajectory
LA_T_6579305_0043	Interior_B	True	True	79.9999999999983	80.00000000000595	
LA_T_6579305_0046	Boundary	True	False			official_v6_boundary_cpps_invalid_or_incomplete_support
LA_T_6579305_0046	Interior_A	True	False	-160.0000000000037	-159.99999999999602	incomplete_strict_phone_support_for_nine_point_cpps_trajectory
LA_T_6579305_0046	Interior_B	True	True	79.9999999999983	79.99999999999885	
LA_T_6579305_0047	Boundary	True	False			official_v6_boundary_cpps_invalid_or_incomplete_support
LA_T_6579305_0047	Interior_A	True	True	79.9999999999983	79.99999999999885	
LA_T_6579305_0047	Interior_B	True	False	-79.9999999999983	-80.00000000000485	incomplete_strict_phone_support_for_nine_point_cpps_trajectory
LA_T_6579305_0048	Boundary	True	False			official_v6_boundary_cpps_invalid_or_incomplete_support
LA_T_6579305_0048	Interior_A	True	False	-79.9999999999983	-80.00000000000485	incomplete_strict_phone_support_for_nine_point_cpps_trajectory
LA_T_6579305_0048	Interior_B	True	True	560.0000000000023	560.0000000000028	
LA_T_6579305_0049	Boundary	True	True			
LA_T_6579305_0049	Interior_A	True	True	560.0000000000023	560.0000000000028	
LA_T_6579305_0049	Interior_B	True	True	480.000000000004	479.99999999999034	
LA_T_6581934_0004	Boundary	True	True			
LA_T_6581934_0004	Interior_A	True	False	-160.00000000000102	-159.9999999999987	incomplete_strict_phone_support_for_nine_point_cpps_trajectory
LA_T_6581934_0004	Interior_B	True	False	8.881784197001252e-13	-1.2212453270876722e-12	incomplete_strict_phone_support_for_nine_point_cpps_trajectory
LA_T_6581934_0005	Boundary	True	True			
LA_T_6581934_0005	Interior_A	True	False	8.881784197001252e-13	-1.2212453270876722e-12	incomplete_strict_phone_support_for_nine_point_cpps_trajectory
LA_T_6581934_0005	Interior_B	True	False	-80.00000000000007	-79.99999999999952	incomplete_strict_phone_support_for_nine_point_cpps_trajectory
LA_T_6581934_0009	Boundary	True	False			official_v6_boundary_cpps_invalid_or_incomplete_support
LA_T_6581934_0009	Interior_A	True	False	-80.00000000000007	-79.99999999999952	incomplete_strict_phone_support_for_nine_point_cpps_trajectory
LA_T_6581934_0009	Interior_B	True	True	79.9999999999983	80.00000000000063	
LA_T_6581934_0019	Boundary	True	True			
LA_T_6581934_0019	Interior_A	True	False	-160.00000000000014	-159.99999999999957	incomplete_strict_phone_support_for_nine_point_cpps_trajectory
LA_T_6581934_0019	Interior_B	True	False	-80.00000000000185	-80.0000000000013	incomplete_strict_phone_support_for_nine_point_cpps_trajectory
LA_T_6581934_0020	Boundary	True	True			
LA_T_6581934_0020	Interior_A	True	False	-80.00000000000185	-80.0000000000013	incomplete_strict_phone_support_for_nine_point_cpps_trajectory
LA_T_6581934_0020	Interior_B	True	True	320.0000000000003	320.00000000000085	
LA_T_6581934_0021	Boundary	True	False			official_v6_boundary_cpps_invalid_or_incomplete_support
LA_T_6581934_0021	Interior_A	True	True	320.0000000000003	320.00000000000085	
LA_T_6581934_0021	Interior_B	True	True	239.99999999999844	239.999999999999	
LA_T_6581934_0022	Boundary	True	False			official_v6_boundary_cpps_invalid_or_incomplete_support
LA_T_6581934_0022	Interior_A	True	True	239.99999999999844	239.999999999999	
LA_T_6581934_0022	Interior_B	True	False	-79.9999999999983	-80.0000000000013	incomplete_strict_phone_support_for_nine_point_cpps_trajectory
LA_T_6581934_0027	Boundary	True	True			
LA_T_6581934_0027	Interior_A	True	True	80.00000000000185	79.99999999999885	
LA_T_6581934_0027	Interior_B	True	False	-160.00000000000014	-160.00000000000313	incomplete_strict_phone_support_for_nine_point_cpps_trajectory
LA_T_6581934_0030	Boundary	True	True			
LA_T_6581934_0030	Interior_A	True	False	-159.9999999999966	-160.00000000000313	incomplete_strict_phone_support_for_nine_point_cpps_trajectory
LA_T_6581934_0030	Interior_B	True	False	-160.0000000000037	-159.99999999999602	incomplete_strict_phone_support_for_nine_point_cpps_trajectory
LA_T_6581934_0031	Boundary	True	True			
LA_T_6581934_0031	Interior_A	True	False	-160.0000000000037	-159.99999999999602	incomplete_strict_phone_support_for_nine_point_cpps_trajectory
LA_T_6581934_0031	Interior_B	True	False	-79.9999999999983	-80.00000000000485	incomplete_strict_phone_support_for_nine_point_cpps_trajectory
LA_T_6581934_0032	Boundary	True	False			official_v6_boundary_cpps_invalid_or_incomplete_support
LA_T_6581934_0032	Interior_A	True	False	-79.9999999999983	-80.00000000000485	incomplete_strict_phone_support_for_nine_point_cpps_trajectory
LA_T_6581934_0032	Interior_B	True	True	160.0000000000037	159.99999999999716	
LA_T_6581934_0035	Boundary	True	True			
LA_T_6581934_0035	Interior_A	True	False	-159.9999999999966	-160.00000000000313	incomplete_strict_phone_support_for_nine_point_cpps_trajectory
LA_T_6581934_0035	Interior_B	True	False	-160.0000000000037	-160.00000000000313	incomplete_strict_phone_support_for_nine_point_cpps_trajectory
LA_T_6581934_0036	Boundary	True	True			
LA_T_6581934_0036	Interior_A	True	False	-160.0000000000037	-160.00000000000313	incomplete_strict_phone_support_for_nine_point_cpps_trajectory
LA_T_6581934_0036	Interior_B	True	True	400.0000000000057	399.99999999999915	
LA_T_6581934_0037	Boundary	True	False			official_v6_boundary_cpps_invalid_or_incomplete_support
LA_T_6581934_0037	Interior_A	True	True	400.0000000000057	399.99999999999915	
LA_T_6581934_0037	Interior_B	True	True	1200.0000000000027	1199.9999999999961	
LA_T_6582099_0000	Boundary	True	True			
LA_T_6582099_0000	Interior_A	True	True	320.0000000000003	319.9999999999991	
LA_T_6582099_0000	Interior_B	True	False	-80.00000000000007	-79.99999999999952	incomplete_strict_phone_support_for_nine_point_cpps_trajectory
LA_T_6582099_0002	Boundary	True	True			
LA_T_6582099_0002	Interior_A	True	False	-160.00000000000193	-159.99999999999957	incomplete_strict_phone_support_for_nine_point_cpps_trajectory
LA_T_6582099_0002	Interior_B	True	False	-160.00000000000014	-159.99999999999957	incomplete_strict_phone_support_for_nine_point_cpps_trajectory
LA_T_6582099_0003	Boundary	True	False			official_v6_boundary_cpps_invalid_or_incomplete_support
LA_T_6582099_0003	Interior_A	True	False	-160.00000000000014	-159.99999999999957	incomplete_strict_phone_support_for_nine_point_cpps_trajectory
LA_T_6582099_0003	Interior_B	True	True	399.9999999999986	400.0000000000009	
LA_T_6582099_0005	Boundary	True	True			
LA_T_6582099_0005	Interior_A	True	False	-160.00000000000193	-159.99999999999957	incomplete_strict_phone_support_for_nine_point_cpps_trajectory
LA_T_6582099_0005	Interior_B	True	True	160.00000000000014	160.0000000000007	
LA_T_6582099_0006	Boundary	True	True			
LA_T_6582099_0006	Interior_A	True	True	160.00000000000014	160.0000000000007	
LA_T_6582099_0006	Interior_B	True	True	79.9999999999983	79.99999999999885	
LA_T_6582099_0007	Boundary	True	False			official_v6_boundary_cpps_invalid_or_incomplete_support
LA_T_6582099_0007	Interior_A	True	True	79.9999999999983	79.99999999999885	
LA_T_6582099_0007	Interior_B	True	True	240.000000000002	239.999999999999	
LA_T_6582099_0008	Boundary	True	False			official_v6_boundary_cpps_invalid_or_incomplete_support
LA_T_6582099_0008	Interior_A	True	True	240.000000000002	239.999999999999	
LA_T_6582099_0008	Interior_B	True	False	-80.00000000000185	-79.99999999999774	incomplete_strict_phone_support_for_nine_point_cpps_trajectory
LA_T_6582099_0009	Boundary	True	False			official_v6_boundary_cpps_invalid_or_incomplete_support
LA_T_6582099_0009	Interior_A	True	False	-80.00000000000185	-79.99999999999774	incomplete_strict_phone_support_for_nine_point_cpps_trajectory
LA_T_6582099_0009	Interior_B	True	True	239.99999999999844	239.999999999999	
LA_T_6582099_0010	Boundary	True	False			official_v6_boundary_cpps_invalid_or_incomplete_support
LA_T_6582099_0010	Interior_A	True	True	239.99999999999844	239.999999999999	
LA_T_6582099_0010	Interior_B	True	False	0.0	5.551115123125783e-13	incomplete_strict_phone_support_for_nine_point_cpps_trajectory
LA_T_6582099_0011	Boundary	True	True			
LA_T_6582099_0011	Interior_A	True	False	0.0	5.551115123125783e-13	incomplete_strict_phone_support_for_nine_point_cpps_trajectory
LA_T_6582099_0011	Interior_B	True	True	640.0000000000006	639.9999999999976	
LA_T_6582099_0012	Boundary	True	True			
LA_T_6582099_0012	Interior_A	True	True	640.0000000000006	639.9999999999976	
LA_T_6582099_0012	Interior_B	True	False	-79.9999999999983	-80.0000000000013	incomplete_strict_phone_support_for_nine_point_cpps_trajectory
LA_T_6582099_0013	Boundary	True	True			
LA_T_6582099_0013	Interior_A	True	False	-79.9999999999983	-80.0000000000013	incomplete_strict_phone_support_for_nine_point_cpps_trajectory
LA_T_6582099_0013	Interior_B	True	False	-80.00000000000185	-79.99999999999774	incomplete_strict_phone_support_for_nine_point_cpps_trajectory
LA_T_6582099_0014	Boundary	True	True			
LA_T_6582099_0014	Interior_A	True	False	-80.00000000000185	-79.99999999999774	incomplete_strict_phone_support_for_nine_point_cpps_trajectory
LA_T_6582099_0014	Interior_B	True	True	559.9999999999987	559.9999999999993	
LA_T_6582099_0015	Boundary	True	False			official_v6_boundary_cpps_invalid_or_incomplete_support
LA_T_6582099_0015	Interior_A	True	True	559.9999999999987	559.9999999999993	
LA_T_6582099_0015	Interior_B	True	False	-80.00000000000185	-79.99999999999774	incomplete_strict_phone_support_for_nine_point_cpps_trajectory
LA_T_6582099_0018	Boundary	True	True			
LA_T_6582099_0018	Interior_A	True	True	79.9999999999983	80.00000000000595	
LA_T_6582099_0018	Interior_B	True	True	639.9999999999934	640.0000000000011	
LA_T_6582099_0019	Boundary	True	False			official_v6_boundary_cpps_invalid_or_incomplete_support
LA_T_6582099_0019	Interior_A	True	True	639.9999999999934	640.0000000000011	
LA_T_6582099_0019	Interior_B	True	True	79.9999999999983	80.00000000000595	
LA_T_6582099_0020	Boundary	True	False			official_v6_boundary_cpps_invalid_or_incomplete_support
LA_T_6582099_0020	Interior_A	True	True	79.9999999999983	80.00000000000595	
LA_T_6582099_0020	Interior_B	True	True	159.9999999999966	159.99999999999716	
LA_T_6582099_0024	Boundary	True	True			
LA_T_6582099_0024	Interior_A	True	True	79.9999999999983	79.99999999999885	
LA_T_6582099_0024	Interior_B	True	True	159.9999999999966	160.00000000000426	
LA_T_6582099_0025	Boundary	True	False			official_v6_boundary_cpps_invalid_or_incomplete_support
LA_T_6582099_0025	Interior_A	True	True	159.9999999999966	160.00000000000426	
LA_T_6582099_0025	Interior_B	True	True	480.000000000004	479.99999999999744	
LA_T_6582327_0004	Boundary	True	True			
LA_T_6582327_0004	Interior_A	True	False	-80.00000000000007	-79.99999999999952	incomplete_strict_phone_support_for_nine_point_cpps_trajectory
LA_T_6582327_0004	Interior_B	True	False	0.0	-1.2212453270876722e-12	incomplete_strict_phone_support_for_nine_point_cpps_trajectory
LA_T_6582327_0005	Boundary	True	True			
LA_T_6582327_0005	Interior_A	True	False	0.0	-1.2212453270876722e-12	incomplete_strict_phone_support_for_nine_point_cpps_trajectory
LA_T_6582327_0005	Interior_B	True	False	-80.00000000000007	-79.99999999999952	incomplete_strict_phone_support_for_nine_point_cpps_trajectory
LA_T_6582327_0006	Boundary	True	True			
LA_T_6582327_0006	Interior_A	True	False	-80.00000000000007	-79.99999999999952	incomplete_strict_phone_support_for_nine_point_cpps_trajectory
LA_T_6582327_0006	Interior_B	True	False	-80.00000000000185	-79.99999999999952	incomplete_strict_phone_support_for_nine_point_cpps_trajectory
LA_T_6583032_0006	Boundary	True	True			
LA_T_6583032_0006	Interior_A	True	False	-160.00000000000014	-159.99999999999957	incomplete_strict_phone_support_for_nine_point_cpps_trajectory
LA_T_6583032_0006	Interior_B	True	True	239.99999999999844	240.00000000000077	
LA_T_6583032_0007	Boundary	True	True			
LA_T_6583032_0007	Interior_A	True	True	239.99999999999844	240.00000000000077	
LA_T_6583032_0007	Interior_B	True	True	160.00000000000014	159.99999999999892	
LA_T_6583032_0008	Boundary	True	True			
LA_T_6583032_0008	Interior_A	True	True	160.00000000000014	159.99999999999892	
LA_T_6583032_0008	Interior_B	True	False	0.0	5.551115123125783e-13	incomplete_strict_phone_support_for_nine_point_cpps_trajectory
LA_T_6583032_0009	Boundary	True	False			official_v6_boundary_cpps_invalid_or_incomplete_support
LA_T_6583032_0009	Interior_A	True	False	0.0	5.551115123125783e-13	incomplete_strict_phone_support_for_nine_point_cpps_trajectory
LA_T_6583032_0009	Interior_B	True	True	239.99999999999844	239.999999999999	
LA_T_6583032_0012	Boundary	True	True			
LA_T_6583032_0012	Interior_A	True	False	0.0	5.551115123125783e-13	incomplete_strict_phone_support_for_nine_point_cpps_trajectory
LA_T_6583032_0012	Interior_B	True	True	399.9999999999986	399.99999999999915	
LA_T_6583032_0013	Boundary	True	True			
LA_T_6583032_0013	Interior_A	True	True	399.9999999999986	399.99999999999915	
LA_T_6583032_0013	Interior_B	True	False	-160.00000000000014	-159.99999999999957	incomplete_strict_phone_support_for_nine_point_cpps_trajectory
LA_T_6583032_0019	Boundary	True	False			official_v6_boundary_cpps_invalid_or_incomplete_support
LA_T_6583032_0019	Interior_A	True	True	80.00000000000185	79.99999999999885	
LA_T_6583032_0019	Interior_B	True	True	79.9999999999983	80.0000000000024	
LA_T_6583032_0023	Boundary	True	True			
LA_T_6583032_0023	Interior_A	True	False	0.0	5.551115123125783e-13	incomplete_strict_phone_support_for_nine_point_cpps_trajectory
LA_T_6583032_0023	Interior_B	True	True	160.0000000000037	159.99999999999716	
LA_T_6583032_0033	Boundary	True	False			official_v6_boundary_cpps_invalid_or_incomplete_support
LA_T_6583032_0033	Interior_A	True	False	0.0	5.551115123125783e-13	incomplete_strict_phone_support_for_nine_point_cpps_trajectory
LA_T_6583032_0033	Interior_B	True	True	240.000000000002	239.99999999999545	
LA_T_6583032_0040	Boundary	True	False			official_v6_boundary_cpps_invalid_or_incomplete_support
LA_T_6583032_0040	Interior_A	True	True	160.0000000000037	159.99999999999716	
LA_T_6583032_0040	Interior_B	True	False	-159.9999999999966	-160.00000000000313	incomplete_strict_phone_support_for_nine_point_cpps_trajectory
LA_T_6583032_0041	Boundary	True	False			official_v6_boundary_cpps_invalid_or_incomplete_support
LA_T_6583032_0041	Interior_A	True	False	-159.9999999999966	-160.00000000000313	incomplete_strict_phone_support_for_nine_point_cpps_trajectory
LA_T_6583032_0041	Interior_B	True	True	79.9999999999983	79.99999999999885	
LA_T_6583032_0042	Boundary	True	True			
LA_T_6583032_0042	Interior_A	True	True	79.9999999999983	79.99999999999885	
LA_T_6583032_0042	Interior_B	True	True	79.9999999999983	80.00000000000595	
LA_T_6583032_0051	Boundary	True	True			
LA_T_6583032_0051	Interior_A	True	False	-159.9999999999966	-160.00000000000313	incomplete_strict_phone_support_for_nine_point_cpps_trajectory
LA_T_6583032_0051	Interior_B	True	False	-80.0000000000054	-79.99999999999774	incomplete_strict_phone_support_for_nine_point_cpps_trajectory
LA_T_6583032_0052	Boundary	True	True			
LA_T_6583032_0052	Interior_A	True	False	-80.0000000000054	-79.99999999999774	incomplete_strict_phone_support_for_nine_point_cpps_trajectory
LA_T_6583032_0052	Interior_B	True	True	240.0000000000091	239.99999999999545	
LA_T_6583032_0053	Boundary	True	True			
LA_T_6583032_0053	Interior_A	True	True	240.0000000000091	239.99999999999545	
LA_T_6583032_0053	Interior_B	True	False	-79.9999999999983	-79.99999999999774	incomplete_strict_phone_support_for_nine_point_cpps_trajectory
LA_T_6583032_0054	Boundary	True	True			
LA_T_6583032_0054	Interior_A	True	False	-79.9999999999983	-79.99999999999774	incomplete_strict_phone_support_for_nine_point_cpps_trajectory
LA_T_6583032_0054	Interior_B	True	True	79.9999999999983	79.99999999999885	
LA_T_6583032_0055	Boundary	True	True			
LA_T_6583032_0055	Interior_A	True	True	79.9999999999983	79.99999999999885	
LA_T_6583032_0055	Interior_B	True	True	239.99999999999488	239.99999999999545	
LA_T_6583032_0056	Boundary	True	True			
LA_T_6583032_0056	Interior_A	True	True	239.99999999999488	239.99999999999545	
LA_T_6583032_0056	Interior_B	True	True	239.99999999999488	240.00000000000966	
LA_T_6583032_0058	Boundary	True	True			
LA_T_6583032_0058	Interior_A	True	False	-79.9999999999983	-80.00000000001195	incomplete_strict_phone_support_for_nine_point_cpps_trajectory
LA_T_6583032_0058	Interior_B	True	True	240.0000000000091	239.99999999999545	
LA_T_6583032_0059	Boundary	True	True			
LA_T_6583032_0059	Interior_A	True	True	240.0000000000091	239.99999999999545	
LA_T_6583032_0059	Interior_B	True	False	-79.9999999999983	-79.99999999999774	incomplete_strict_phone_support_for_nine_point_cpps_trajectory
LA_T_6583032_0060	Boundary	True	True			
LA_T_6583032_0060	Interior_A	True	False	-79.9999999999983	-79.99999999999774	incomplete_strict_phone_support_for_nine_point_cpps_trajectory
LA_T_6583032_0060	Interior_B	True	True	159.9999999999966	159.99999999999716	
LA_T_6583032_0063	Boundary	True	True			
LA_T_6583032_0063	Interior_A	True	False	-159.9999999999966	-159.99999999999602	incomplete_strict_phone_support_for_nine_point_cpps_trajectory
LA_T_6583032_0063	Interior_B	True	False	-79.9999999999983	-80.00000000001195	incomplete_strict_phone_support_for_nine_point_cpps_trajectory
LA_T_6583032_0066	Boundary	True	True			
LA_T_6583032_0066	Interior_A	True	False	0.0	5.551115123125783e-13	incomplete_strict_phone_support_for_nine_point_cpps_trajectory
LA_T_6583032_0066	Interior_B	True	False	0.0	5.551115123125783e-13	incomplete_strict_phone_support_for_nine_point_cpps_trajectory
LA_T_6583032_0067	Boundary	True	False			official_v6_boundary_cpps_invalid_or_incomplete_support
LA_T_6583032_0067	Interior_A	True	False	0.0	5.551115123125783e-13	incomplete_strict_phone_support_for_nine_point_cpps_trajectory
LA_T_6583032_0067	Interior_B	True	True	400.0000000000057	399.99999999999204	
LA_T_6584688_0000	Boundary	True	False			official_v6_boundary_cpps_invalid_or_incomplete_support
LA_T_6584688_0000	Interior_A	True	False	0.0	-3.3306690738754696e-13	incomplete_strict_phone_support_for_nine_point_cpps_trajectory
LA_T_6584688_0000	Interior_B	True	True	239.99999999999977	239.9999999999999	
LA_T_6584688_0001	Boundary	True	False			official_v6_boundary_cpps_invalid_or_incomplete_support
LA_T_6584688_0001	Interior_A	True	True	239.99999999999977	239.9999999999999	
LA_T_6584688_0001	Interior_B	True	False	-80.00000000000097	-79.99999999999862	incomplete_strict_phone_support_for_nine_point_cpps_trajectory
LA_T_6584688_0002	Boundary	True	True			
LA_T_6584688_0002	Interior_A	True	False	-80.00000000000097	-79.99999999999862	incomplete_strict_phone_support_for_nine_point_cpps_trajectory
LA_T_6584688_0002	Interior_B	True	False	-79.99999999999918	-80.0000000000004	incomplete_strict_phone_support_for_nine_point_cpps_trajectory
LA_T_6584688_0003	Boundary	True	True			
LA_T_6584688_0003	Interior_A	True	False	-79.99999999999918	-80.0000000000004	incomplete_strict_phone_support_for_nine_point_cpps_trajectory
LA_T_6584688_0003	Interior_B	True	False	-80.00000000000097	-79.99999999999862	incomplete_strict_phone_support_for_nine_point_cpps_trajectory
LA_T_6584688_0004	Boundary	True	False			official_v6_boundary_cpps_invalid_or_incomplete_support
LA_T_6584688_0004	Interior_A	True	False	-80.00000000000097	-79.99999999999862	incomplete_strict_phone_support_for_nine_point_cpps_trajectory
LA_T_6584688_0004	Interior_B	True	True	79.9999999999983	80.00000000000063	
LA_T_6584688_0005	Boundary	True	False			official_v6_boundary_cpps_invalid_or_incomplete_support
LA_T_6584688_0005	Interior_A	True	True	79.9999999999983	80.00000000000063	
LA_T_6584688_0005	Interior_B	True	False	-160.00000000000014	-159.99999999999957	incomplete_strict_phone_support_for_nine_point_cpps_trajectory
LA_T_6584688_0009	Boundary	True	False			official_v6_boundary_cpps_invalid_or_incomplete_support
LA_T_6584688_0009	Interior_A	True	True	399.9999999999986	400.0000000000009	
LA_T_6584688_0009	Interior_B	True	True	160.00000000000014	159.99999999999892	
LA_T_6584688_0010	Boundary	True	True			
LA_T_6584688_0010	Interior_A	True	True	160.00000000000014	159.99999999999892	
LA_T_6584688_0010	Interior_B	True	True	79.9999999999983	80.0000000000024	
LA_T_6584688_0014	Boundary	True	True			
LA_T_6584688_0014	Interior_A	True	False	-80.00000000000185	-79.99999999999774	incomplete_strict_phone_support_for_nine_point_cpps_trajectory
LA_T_6584688_0014	Interior_B	True	True	399.9999999999986	400.0000000000027	
LA_T_6584688_0015	Boundary	True	True			
LA_T_6584688_0015	Interior_A	True	True	399.9999999999986	400.0000000000027	
LA_T_6584688_0015	Interior_B	True	False	-80.00000000000185	-80.0000000000013	incomplete_strict_phone_support_for_nine_point_cpps_trajectory
LA_T_6584688_0018	Boundary	True	True			
LA_T_6584688_0018	Interior_A	True	False	-160.00000000000014	-159.99999999999957	incomplete_strict_phone_support_for_nine_point_cpps_trajectory
LA_T_6584688_0018	Interior_B	True	False	0.0	5.551115123125783e-13	incomplete_strict_phone_support_for_nine_point_cpps_trajectory
LA_T_6584688_0020	Boundary	True	True			
LA_T_6584688_0020	Interior_A	True	False	-160.0000000000037	-159.99999999999957	incomplete_strict_phone_support_for_nine_point_cpps_trajectory
LA_T_6584688_0020	Interior_B	True	False	-80.00000000000185	-79.99999999999774	incomplete_strict_phone_support_for_nine_point_cpps_trajectory
LA_T_6584688_0021	Boundary	True	True			
LA_T_6584688_0021	Interior_A	True	False	-80.00000000000185	-79.99999999999774	incomplete_strict_phone_support_for_nine_point_cpps_trajectory
LA_T_6584688_0021	Interior_B	True	False	0.0	5.551115123125783e-13	incomplete_strict_phone_support_for_nine_point_cpps_trajectory
LA_T_6584688_0024	Boundary	True	True			
LA_T_6584688_0024	Interior_A	True	True	399.9999999999986	399.99999999999915	
LA_T_6584688_0024	Interior_B	True	False	0.0	5.551115123125783e-13	incomplete_strict_phone_support_for_nine_point_cpps_trajectory
LA_T_6584688_0025	Boundary	True	True			
LA_T_6584688_0025	Interior_A	True	False	0.0	5.551115123125783e-13	incomplete_strict_phone_support_for_nine_point_cpps_trajectory
LA_T_6584688_0025	Interior_B	True	True	240.000000000002	239.99999999999545	
LA_T_6584966_0001	Boundary	True	True			
LA_T_6584966_0001	Interior_A	True	False	-80.00000000000097	-79.99999999999862	incomplete_strict_phone_support_for_nine_point_cpps_trajectory
LA_T_6584966_0001	Interior_B	True	False	0.0	-1.2212453270876722e-12	incomplete_strict_phone_support_for_nine_point_cpps_trajectory
LA_T_6584966_0004	Boundary	True	True			
LA_T_6584966_0004	Interior_A	True	True	80.00000000000007	79.99999999999885	
LA_T_6584966_0004	Interior_B	True	True	239.99999999999844	240.00000000000077	
LA_T_6584966_0005	Boundary	True	True			
LA_T_6584966_0005	Interior_A	True	True	239.99999999999844	240.00000000000077	
LA_T_6584966_0005	Interior_B	True	False	-160.00000000000014	-159.99999999999957	incomplete_strict_phone_support_for_nine_point_cpps_trajectory
LA_T_6584966_0006	Boundary	True	True			
LA_T_6584966_0006	Interior_A	True	False	-160.00000000000014	-159.99999999999957	incomplete_strict_phone_support_for_nine_point_cpps_trajectory
LA_T_6584966_0006	Interior_B	True	True	80.00000000000007	79.99999999999885	
LA_T_6584966_0009	Boundary	True	True			
LA_T_6584966_0009	Interior_A	True	False	0.0	5.551115123125783e-13	incomplete_strict_phone_support_for_nine_point_cpps_trajectory
LA_T_6584966_0009	Interior_B	True	False	-80.00000000000185	-80.0000000000013	incomplete_strict_phone_support_for_nine_point_cpps_trajectory
LA_T_6584966_0010	Boundary	True	True			
LA_T_6584966_0010	Interior_A	True	False	-80.00000000000185	-80.0000000000013	incomplete_strict_phone_support_for_nine_point_cpps_trajectory
LA_T_6584966_0010	Interior_B	True	True	80.00000000000185	79.99999999999885	
LA_T_6584966_0011	Boundary	True	True			
LA_T_6584966_0011	Interior_A	True	True	80.00000000000185	79.99999999999885	
LA_T_6584966_0011	Interior_B	True	False	-80.00000000000185	-79.99999999999774	incomplete_strict_phone_support_for_nine_point_cpps_trajectory
LA_T_6584966_0012	Boundary	True	False			official_v6_boundary_cpps_invalid_or_incomplete_support
LA_T_6584966_0012	Interior_A	True	False	-80.00000000000185	-79.99999999999774	incomplete_strict_phone_support_for_nine_point_cpps_trajectory
LA_T_6584966_0012	Interior_B	True	True	79.9999999999983	79.99999999999885	
LA_T_6584966_0015	Boundary	True	True			
LA_T_6584966_0015	Interior_A	True	False	-160.00000000000014	-159.99999999999957	incomplete_strict_phone_support_for_nine_point_cpps_trajectory
LA_T_6584966_0015	Interior_B	True	False	-160.00000000000014	-159.99999999999957	incomplete_strict_phone_support_for_nine_point_cpps_trajectory
LA_T_6584966_0018	Boundary	True	True			
LA_T_6584966_0018	Interior_A	True	True	400.00000000000216	399.99999999999915	
LA_T_6584966_0018	Interior_B	True	True	160.00000000000014	160.0000000000007	
LA_T_6584966_0020	Boundary	True	True			
LA_T_6584966_0020	Interior_A	True	False	-160.0000000000037	-159.99999999999957	incomplete_strict_phone_support_for_nine_point_cpps_trajectory
LA_T_6584966_0020	Interior_B	True	True	160.00000000000014	159.99999999999716	
LA_T_6584966_0026	Boundary	True	True			
LA_T_6584966_0026	Interior_A	True	True	79.9999999999983	79.99999999999885	
LA_T_6584966_0026	Interior_B	True	False	0.0	5.551115123125783e-13	incomplete_strict_phone_support_for_nine_point_cpps_trajectory
LA_T_6584966_0027	Boundary	True	True			
LA_T_6584966_0027	Interior_A	True	False	0.0	5.551115123125783e-13	incomplete_strict_phone_support_for_nine_point_cpps_trajectory
LA_T_6584966_0027	Interior_B	True	True	79.9999999999983	79.99999999999885	
LA_T_6584966_0028	Boundary	True	True			
LA_T_6584966_0028	Interior_A	True	True	79.9999999999983	79.99999999999885	
LA_T_6584966_0028	Interior_B	True	True	160.0000000000037	159.99999999999716	
LA_T_6584966_0031	Boundary	True	False			official_v6_boundary_cpps_invalid_or_incomplete_support
LA_T_6584966_0031	Interior_A	True	True	479.9999999999969	480.00000000000455	
LA_T_6584966_0031	Interior_B	True	True	320.0000000000003	320.00000000000085	
LA_T_6584966_0032	Boundary	True	False			official_v6_boundary_cpps_invalid_or_incomplete_support
LA_T_6584966_0032	Interior_A	True	True	320.0000000000003	320.00000000000085	
LA_T_6584966_0032	Interior_B	True	True	1039.999999999999	1039.9999999999995	
LA_T_6585230_0000	Boundary	True	False			official_v6_boundary_cpps_invalid_or_incomplete_support
LA_T_6585230_0000	Interior_A	True	True	319.9999999999985	320.00000000000085	
LA_T_6585230_0000	Interior_B	True	False	-80.00000000000185	-79.99999999999774	incomplete_strict_phone_support_for_nine_point_cpps_trajectory
LA_T_6585230_0003	Boundary	True	True			
LA_T_6585230_0003	Interior_A	True	False	-160.00000000000014	-159.99999999999957	incomplete_strict_phone_support_for_nine_point_cpps_trajectory
LA_T_6585230_0003	Interior_B	True	False	-80.00000000000185	-79.99999999999774	incomplete_strict_phone_support_for_nine_point_cpps_trajectory
LA_T_6585230_0006	Boundary	True	True			
LA_T_6585230_0006	Interior_A	True	False	-3.552713678800501e-12	5.551115123125783e-13	incomplete_strict_phone_support_for_nine_point_cpps_trajectory
LA_T_6585230_0006	Interior_B	True	False	-79.9999999999983	-80.0000000000013	incomplete_strict_phone_support_for_nine_point_cpps_trajectory
LA_T_6585230_0007	Boundary	True	True			
LA_T_6585230_0007	Interior_A	True	False	-79.9999999999983	-80.0000000000013	incomplete_strict_phone_support_for_nine_point_cpps_trajectory
LA_T_6585230_0007	Interior_B	True	False	-160.00000000000014	-159.99999999999957	incomplete_strict_phone_support_for_nine_point_cpps_trajectory
LA_T_6585230_0012	Boundary	True	False			official_v6_boundary_cpps_invalid_or_incomplete_support
LA_T_6585230_0012	Interior_A	True	True	79.9999999999983	80.0000000000024	
LA_T_6585230_0012	Interior_B	True	True	160.00000000000014	159.99999999999716	
LA_T_6585230_0018	Boundary	True	False			official_v6_boundary_cpps_invalid_or_incomplete_support
LA_T_6585230_0018	Interior_A	True	True	560.0000000000023	559.9999999999957	
LA_T_6585230_0018	Interior_B	True	True	1600.0000000000014	1600.0000000000018	
LA_T_6587123_0000	Boundary	True	False			official_v6_boundary_cpps_invalid_or_incomplete_support
LA_T_6587123_0000	Interior_A	True	True	80.00000000000007	79.99999999999974	
LA_T_6587123_0000	Interior_B	True	False	-80.00000000000097	-79.99999999999862	incomplete_strict_phone_support_for_nine_point_cpps_trajectory
LA_T_6587123_0001	Boundary	True	False			official_v6_boundary_cpps_invalid_or_incomplete_support
LA_T_6587123_0001	Interior_A	True	False	-80.00000000000097	-79.99999999999862	incomplete_strict_phone_support_for_nine_point_cpps_trajectory
LA_T_6587123_0001	Interior_B	True	False	-159.99999999999926	-159.99999999999957	incomplete_strict_phone_support_for_nine_point_cpps_trajectory
LA_T_6587123_0002	Boundary	True	True			
LA_T_6587123_0002	Interior_A	True	False	-159.99999999999926	-159.99999999999957	incomplete_strict_phone_support_for_nine_point_cpps_trajectory
LA_T_6587123_0002	Interior_B	True	True	879.999999999999	879.9999999999995	
LA_T_6587123_0005	Boundary	True	False			official_v6_boundary_cpps_invalid_or_incomplete_support
LA_T_6587123_0005	Interior_A	True	False	-80.00000000000185	-79.99999999999952	incomplete_strict_phone_support_for_nine_point_cpps_trajectory
LA_T_6587123_0005	Interior_B	True	False	0.0	5.551115123125783e-13	incomplete_strict_phone_support_for_nine_point_cpps_trajectory
LA_T_6587123_0019	Boundary	True	False			official_v6_boundary_cpps_invalid_or_incomplete_support
LA_T_6587123_0019	Interior_A	True	True	240.000000000002	239.999999999999	
LA_T_6587123_0019	Interior_B	True	True	320.0000000000003	319.99999999999727	
LA_T_6587123_0020	Boundary	True	True			
LA_T_6587123_0020	Interior_A	True	True	320.0000000000003	319.99999999999727	
LA_T_6587123_0020	Interior_B	True	False	0.0	5.551115123125783e-13	incomplete_strict_phone_support_for_nine_point_cpps_trajectory
LA_T_6587123_0021	Boundary	True	False			official_v6_boundary_cpps_invalid_or_incomplete_support
LA_T_6587123_0021	Interior_A	True	False	0.0	5.551115123125783e-13	incomplete_strict_phone_support_for_nine_point_cpps_trajectory
LA_T_6587123_0021	Interior_B	True	False	0.0	5.551115123125783e-13	incomplete_strict_phone_support_for_nine_point_cpps_trajectory
LA_T_6587123_0026	Boundary	True	True			
LA_T_6587123_0026	Interior_A	True	False	-79.9999999999983	-79.99999999999774	incomplete_strict_phone_support_for_nine_point_cpps_trajectory
LA_T_6587123_0026	Interior_B	True	True	719.9999999999989	719.9999999999994	
LA_T_6587123_0027	Boundary	True	False			official_v6_boundary_cpps_invalid_or_incomplete_support
LA_T_6587123_0027	Interior_A	True	True	719.9999999999989	719.9999999999994	
LA_T_6587123_0027	Interior_B	True	True	719.9999999999989	719.9999999999994	
LA_T_6587123_0034	Boundary	True	False			official_v6_boundary_cpps_invalid_or_incomplete_support
LA_T_6587123_0034	Interior_A	True	False	0.0	5.551115123125783e-13	incomplete_strict_phone_support_for_nine_point_cpps_trajectory
LA_T_6587123_0034	Interior_B	True	True	159.9999999999966	159.99999999999716	
LA_T_6587123_0039	Boundary	True	False			official_v6_boundary_cpps_invalid_or_incomplete_support
LA_T_6587123_0039	Interior_A	True	False	-79.9999999999983	-80.00000000000485	incomplete_strict_phone_support_for_nine_point_cpps_trajectory
LA_T_6587123_0039	Interior_B	True	False	-159.9999999999966	-160.00000000000313	incomplete_strict_phone_support_for_nine_point_cpps_trajectory
LA_T_6587123_0044	Boundary	True	True			
LA_T_6587123_0044	Interior_A	True	False	0.0	5.551115123125783e-13	incomplete_strict_phone_support_for_nine_point_cpps_trajectory
LA_T_6587123_0044	Interior_B	True	False	-159.9999999999966	-160.00000000000313	incomplete_strict_phone_support_for_nine_point_cpps_trajectory
LA_T_6587123_0047	Boundary	True	False			official_v6_boundary_cpps_invalid_or_incomplete_support
LA_T_6587123_0047	Interior_A	True	True	159.9999999999966	159.99999999999716	
LA_T_6587123_0047	Interior_B	True	True	160.0000000000037	159.99999999999716	
LA_T_6587123_0051	Boundary	True	False			official_v6_boundary_cpps_invalid_or_incomplete_support
LA_T_6587123_0051	Interior_A	True	False	-79.9999999999983	-80.00000000001195	incomplete_strict_phone_support_for_nine_point_cpps_trajectory
LA_T_6587123_0051	Interior_B	True	True	159.9999999999966	160.00000000001137	
LA_T_6587123_0054	Boundary	True	False			official_v6_boundary_cpps_invalid_or_incomplete_support
LA_T_6587123_0054	Interior_A	True	True	79.9999999999983	79.99999999999885	
LA_T_6587123_0054	Interior_B	True	False	-159.9999999999966	-159.99999999999602	incomplete_strict_phone_support_for_nine_point_cpps_trajectory
LA_T_6587123_0055	Boundary	True	True			
LA_T_6587123_0055	Interior_A	True	False	-159.9999999999966	-159.99999999999602	incomplete_strict_phone_support_for_nine_point_cpps_trajectory
LA_T_6587123_0055	Interior_B	True	True	959.9999999999937	959.9999999999943	
LA_T_6587123_0056	Boundary	True	True			
LA_T_6587123_0056	Interior_A	True	True	959.9999999999937	959.9999999999943	
LA_T_6587123_0056	Interior_B	True	True	1039.999999999992	1040.0000000000066	
LA_T_6588202_0001	Boundary	True	True			
LA_T_6588202_0001	Interior_A	True	True	240.00000000000023	240.00000000000077	
LA_T_6588202_0001	Interior_B	True	True	399.9999999999986	399.99999999999915	
LA_T_6588202_0004	Boundary	True	True			
LA_T_6588202_0004	Interior_A	True	False	0.0	-1.2212453270876722e-12	incomplete_strict_phone_support_for_nine_point_cpps_trajectory
LA_T_6588202_0004	Interior_B	True	False	0.0	5.551115123125783e-13	incomplete_strict_phone_support_for_nine_point_cpps_trajectory
LA_T_6588202_0005	Boundary	True	True			
LA_T_6588202_0005	Interior_A	True	False	0.0	5.551115123125783e-13	incomplete_strict_phone_support_for_nine_point_cpps_trajectory
LA_T_6588202_0005	Interior_B	True	False	-1.7763568394002505e-12	5.551115123125783e-13	incomplete_strict_phone_support_for_nine_point_cpps_trajectory
LA_T_6588202_0011	Boundary	True	True			
LA_T_6588202_0011	Interior_A	True	False	-79.9999999999983	-80.0000000000013	incomplete_strict_phone_support_for_nine_point_cpps_trajectory
LA_T_6588202_0011	Interior_B	True	True	480.00000000000045	479.99999999999744	
LA_T_6588202_0012	Boundary	True	True			
LA_T_6588202_0012	Interior_A	True	True	480.00000000000045	479.99999999999744	
LA_T_6588202_0012	Interior_B	True	False	-79.9999999999983	-80.0000000000013	incomplete_strict_phone_support_for_nine_point_cpps_trajectory
LA_T_6588202_0013	Boundary	True	True			
LA_T_6588202_0013	Interior_A	True	False	-79.9999999999983	-80.0000000000013	incomplete_strict_phone_support_for_nine_point_cpps_trajectory
LA_T_6588202_0013	Interior_B	True	True	399.9999999999986	400.0000000000027	
LA_T_6588202_0014	Boundary	True	False			official_v6_boundary_cpps_invalid_or_incomplete_support
LA_T_6588202_0014	Interior_A	True	True	399.9999999999986	400.0000000000027	
LA_T_6588202_0014	Interior_B	True	False	-80.00000000000185	-80.0000000000013	incomplete_strict_phone_support_for_nine_point_cpps_trajectory
LA_T_6588202_0015	Boundary	True	False			official_v6_boundary_cpps_invalid_or_incomplete_support
LA_T_6588202_0015	Interior_A	True	False	-80.00000000000185	-80.0000000000013	incomplete_strict_phone_support_for_nine_point_cpps_trajectory
LA_T_6588202_0015	Interior_B	True	False	-79.9999999999983	-80.0000000000013	incomplete_strict_phone_support_for_nine_point_cpps_trajectory
LA_T_6588202_0020	Boundary	True	True			
LA_T_6588202_0020	Interior_A	True	False	-160.0000000000037	-159.99999999999602	incomplete_strict_phone_support_for_nine_point_cpps_trajectory
LA_T_6588202_0020	Interior_B	True	True	560.0000000000023	559.9999999999957	
LA_T_6588202_0021	Boundary	True	False			official_v6_boundary_cpps_invalid_or_incomplete_support
LA_T_6588202_0021	Interior_A	True	True	560.0000000000023	559.9999999999957	
LA_T_6588202_0021	Interior_B	True	True	240.000000000002	239.99999999999545	
LA_T_6589694_0003	Boundary	True	True			
LA_T_6589694_0003	Interior_A	True	False	-160.00000000000014	-159.99999999999957	incomplete_strict_phone_support_for_nine_point_cpps_trajectory
LA_T_6589694_0003	Interior_B	True	True	160.00000000000014	159.99999999999892	
LA_T_6589694_0004	Boundary	True	True			
LA_T_6589694_0004	Interior_A	True	True	160.00000000000014	159.99999999999892	
LA_T_6589694_0004	Interior_B	True	False	-160.00000000000014	-159.99999999999957	incomplete_strict_phone_support_for_nine_point_cpps_trajectory
LA_T_6589694_0006	Boundary	True	True			
LA_T_6589694_0006	Interior_A	True	False	-160.00000000000193	-159.99999999999957	incomplete_strict_phone_support_for_nine_point_cpps_trajectory
LA_T_6589694_0006	Interior_B	True	True	79.9999999999983	80.00000000000063	
LA_T_6589694_0007	Boundary	True	True			
LA_T_6589694_0007	Interior_A	True	True	79.9999999999983	80.00000000000063	
LA_T_6589694_0007	Interior_B	True	True	80.00000000000007	80.00000000000063	
LA_T_6589694_0010	Boundary	True	False			official_v6_boundary_cpps_invalid_or_incomplete_support
LA_T_6589694_0010	Interior_A	True	True	79.9999999999983	80.0000000000024	
LA_T_6589694_0010	Interior_B	True	True	399.9999999999986	399.99999999999915	
LA_T_6589694_0011	Boundary	True	False			official_v6_boundary_cpps_invalid_or_incomplete_support
LA_T_6589694_0011	Interior_A	True	True	399.9999999999986	399.99999999999915	
LA_T_6589694_0011	Interior_B	True	False	-160.00000000000014	-159.99999999999957	incomplete_strict_phone_support_for_nine_point_cpps_trajectory
LA_T_6589694_0012	Boundary	True	False			official_v6_boundary_cpps_invalid_or_incomplete_support
LA_T_6589694_0012	Interior_A	True	False	-160.00000000000014	-159.99999999999957	incomplete_strict_phone_support_for_nine_point_cpps_trajectory
LA_T_6589694_0012	Interior_B	True	False	-160.00000000000014	-159.99999999999957	incomplete_strict_phone_support_for_nine_point_cpps_trajectory
LA_T_6589694_0013	Boundary	True	True			
LA_T_6589694_0013	Interior_A	True	False	-160.00000000000014	-159.99999999999957	incomplete_strict_phone_support_for_nine_point_cpps_trajectory
LA_T_6589694_0013	Interior_B	True	False	-160.00000000000014	-159.99999999999957	incomplete_strict_phone_support_for_nine_point_cpps_trajectory
LA_T_6589694_0014	Boundary	True	True			
LA_T_6589694_0014	Interior_A	True	False	-160.00000000000014	-159.99999999999957	incomplete_strict_phone_support_for_nine_point_cpps_trajectory
LA_T_6589694_0014	Interior_B	True	False	-80.00000000000185	-80.0000000000013	incomplete_strict_phone_support_for_nine_point_cpps_trajectory
LA_T_6589694_0015	Boundary	True	True			
LA_T_6589694_0015	Interior_A	True	False	-80.00000000000185	-80.0000000000013	incomplete_strict_phone_support_for_nine_point_cpps_trajectory
LA_T_6589694_0015	Interior_B	True	True	240.000000000002	239.999999999999	
LA_T_6589694_0016	Boundary	True	False			official_v6_boundary_cpps_invalid_or_incomplete_support
LA_T_6589694_0016	Interior_A	True	True	240.000000000002	239.999999999999	
LA_T_6589694_0016	Interior_B	True	True	1199.9999999999993	1199.9999999999998	
LA_T_6591843_0005	Boundary	True	True			
LA_T_6591843_0005	Interior_A	True	False	0.0	5.551115123125783e-13	incomplete_strict_phone_support_for_nine_point_cpps_trajectory
LA_T_6591843_0005	Interior_B	True	False	-80.00000000000185	-79.99999999999952	incomplete_strict_phone_support_for_nine_point_cpps_trajectory
LA_T_6591843_0006	Boundary	True	True			
LA_T_6591843_0006	Interior_A	True	False	-80.00000000000185	-79.99999999999952	incomplete_strict_phone_support_for_nine_point_cpps_trajectory
LA_T_6591843_0006	Interior_B	True	True	240.00000000000023	239.999999999999	
LA_T_6591843_0007	Boundary	True	True			
LA_T_6591843_0007	Interior_A	True	True	240.00000000000023	239.999999999999	
LA_T_6591843_0007	Interior_B	True	False	0.0	5.551115123125783e-13	incomplete_strict_phone_support_for_nine_point_cpps_trajectory
LA_T_6591843_0014	Boundary	True	False			official_v6_boundary_cpps_invalid_or_incomplete_support
LA_T_6591843_0014	Interior_A	True	True	160.00000000000014	159.99999999999716	
LA_T_6591843_0014	Interior_B	True	True	320.0000000000003	320.00000000000085	
LA_T_6591843_0015	Boundary	True	False			official_v6_boundary_cpps_invalid_or_incomplete_support
LA_T_6591843_0015	Interior_A	True	True	320.0000000000003	320.00000000000085	
LA_T_6591843_0015	Interior_B	True	True	1760.0000000000016	1759.9999999999984	
LA_T_6592577_0001	Boundary	True	False			official_v6_boundary_cpps_invalid_or_incomplete_support
LA_T_6592577_0001	Interior_A	True	False	-160.00000000000102	-159.9999999999987	incomplete_strict_phone_support_for_nine_point_cpps_trajectory
LA_T_6592577_0001	Interior_B	True	False	8.881784197001252e-13	-1.2212453270876722e-12	incomplete_strict_phone_support_for_nine_point_cpps_trajectory
LA_T_6592577_0004	Boundary	True	True			
LA_T_6592577_0004	Interior_A	True	False	-1.7763568394002505e-12	5.551115123125783e-13	incomplete_strict_phone_support_for_nine_point_cpps_trajectory
LA_T_6592577_0004	Interior_B	True	True	80.00000000000007	80.00000000000063	
LA_T_6592577_0005	Boundary	True	False			official_v6_boundary_cpps_invalid_or_incomplete_support
LA_T_6592577_0005	Interior_A	True	True	80.00000000000007	80.00000000000063	
LA_T_6592577_0005	Interior_B	True	True	79.9999999999983	80.00000000000063	
LA_T_6592577_0006	Boundary	True	False			official_v6_boundary_cpps_invalid_or_incomplete_support
LA_T_6592577_0006	Interior_A	True	True	79.9999999999983	80.00000000000063	
LA_T_6592577_0006	Interior_B	True	False	-160.00000000000014	-159.99999999999957	incomplete_strict_phone_support_for_nine_point_cpps_trajectory
LA_T_6592577_0008	Boundary	True	True			
LA_T_6592577_0008	Interior_A	True	False	-160.00000000000193	-159.99999999999957	incomplete_strict_phone_support_for_nine_point_cpps_trajectory
LA_T_6592577_0008	Interior_B	True	False	0.0	5.551115123125783e-13	incomplete_strict_phone_support_for_nine_point_cpps_trajectory
LA_T_6592577_0009	Boundary	True	False			official_v6_boundary_cpps_invalid_or_incomplete_support
LA_T_6592577_0009	Interior_A	True	False	0.0	5.551115123125783e-13	incomplete_strict_phone_support_for_nine_point_cpps_trajectory
LA_T_6592577_0009	Interior_B	True	False	0.0	-2.9976021664879227e-12	incomplete_strict_phone_support_for_nine_point_cpps_trajectory
LA_T_6592577_0012	Boundary	True	False			official_v6_boundary_cpps_invalid_or_incomplete_support
LA_T_6592577_0012	Interior_A	True	True	320.0000000000003	320.00000000000085	
LA_T_6592577_0012	Interior_B	True	False	-80.00000000000185	-80.0000000000013	incomplete_strict_phone_support_for_nine_point_cpps_trajectory
LA_T_6592577_0013	Boundary	True	False			official_v6_boundary_cpps_invalid_or_incomplete_support
LA_T_6592577_0013	Interior_A	True	False	-80.00000000000185	-80.0000000000013	incomplete_strict_phone_support_for_nine_point_cpps_trajectory
LA_T_6592577_0013	Interior_B	True	True	80.00000000000185	79.99999999999885	
LA_T_6592577_0018	Boundary	True	True			
LA_T_6592577_0018	Interior_A	True	False	-79.9999999999983	-80.0000000000013	incomplete_strict_phone_support_for_nine_point_cpps_trajectory
LA_T_6592577_0018	Interior_B	True	False	0.0	5.551115123125783e-13	incomplete_strict_phone_support_for_nine_point_cpps_trajectory
LA_T_6592577_0019	Boundary	True	False			official_v6_boundary_cpps_invalid_or_incomplete_support
LA_T_6592577_0019	Interior_A	True	False	0.0	5.551115123125783e-13	incomplete_strict_phone_support_for_nine_point_cpps_trajectory
LA_T_6592577_0019	Interior_B	True	False	-80.00000000000185	-79.99999999999774	incomplete_strict_phone_support_for_nine_point_cpps_trajectory
LA_T_6592577_0022	Boundary	True	True			
LA_T_6592577_0022	Interior_A	True	True	80.00000000000185	79.99999999999885	
LA_T_6592577_0022	Interior_B	True	True	400.00000000000216	399.99999999999915	
LA_T_6593113_0002	Boundary	True	False			official_v6_boundary_cpps_invalid_or_incomplete_support
LA_T_6593113_0002	Interior_A	True	True	79.9999999999983	79.99999999999885	
LA_T_6593113_0002	Interior_B	True	True	80.00000000000185	79.99999999999885	
LA_T_6593113_0003	Boundary	True	False			official_v6_boundary_cpps_invalid_or_incomplete_support
LA_T_6593113_0003	Interior_A	True	True	80.00000000000185	79.99999999999885	
LA_T_6593113_0003	Interior_B	True	True	480.00000000000045	479.99999999999744	
LA_T_6593113_0004	Boundary	True	True			
LA_T_6593113_0004	Interior_A	True	True	480.00000000000045	479.99999999999744	
LA_T_6593113_0004	Interior_B	True	False	-79.9999999999983	-80.0000000000013	incomplete_strict_phone_support_for_nine_point_cpps_trajectory
LA_T_6593113_0007	Boundary	True	True			
LA_T_6593113_0007	Interior_A	True	False	-79.9999999999983	-80.0000000000013	incomplete_strict_phone_support_for_nine_point_cpps_trajectory
LA_T_6593113_0007	Interior_B	True	False	-160.0000000000037	-159.99999999999957	incomplete_strict_phone_support_for_nine_point_cpps_trajectory
LA_T_6593113_0009	Boundary	True	False			official_v6_boundary_cpps_invalid_or_incomplete_support
LA_T_6593113_0009	Interior_A	True	False	-160.00000000000014	-159.99999999999957	incomplete_strict_phone_support_for_nine_point_cpps_trajectory
LA_T_6593113_0009	Interior_B	True	True	320.0000000000003	320.00000000000085	
LA_T_6593113_0010	Boundary	True	False			official_v6_boundary_cpps_invalid_or_incomplete_support
LA_T_6593113_0010	Interior_A	True	True	320.0000000000003	320.00000000000085	
LA_T_6593113_0010	Interior_B	True	False	-3.552713678800501e-12	5.551115123125783e-13	incomplete_strict_phone_support_for_nine_point_cpps_trajectory
LA_T_6593113_0011	Boundary	True	False			official_v6_boundary_cpps_invalid_or_incomplete_support
LA_T_6593113_0011	Interior_A	True	False	-3.552713678800501e-12	5.551115123125783e-13	incomplete_strict_phone_support_for_nine_point_cpps_trajectory
LA_T_6593113_0011	Interior_B	True	True	80.00000000000185	79.99999999999885	
LA_T_6593113_0017	Boundary	True	False			official_v6_boundary_cpps_invalid_or_incomplete_support
LA_T_6593113_0017	Interior_A	True	False	-7.105427357601002e-12	5.551115123125783e-13	incomplete_strict_phone_support_for_nine_point_cpps_trajectory
LA_T_6593113_0017	Interior_B	True	True	80.0000000000054	79.99999999999885	
LA_T_6593113_0026	Boundary	True	True			
LA_T_6593113_0026	Interior_A	True	False	0.0	5.551115123125783e-13	incomplete_strict_phone_support_for_nine_point_cpps_trajectory
LA_T_6593113_0026	Interior_B	True	False	-79.9999999999983	-79.99999999999774	incomplete_strict_phone_support_for_nine_point_cpps_trajectory
LA_T_6593113_0027	Boundary	True	True			
LA_T_6593113_0027	Interior_A	True	False	-79.9999999999983	-79.99999999999774	incomplete_strict_phone_support_for_nine_point_cpps_trajectory
LA_T_6593113_0027	Interior_B	True	True	399.9999999999986	399.99999999999915	
LA_T_6593113_0028	Boundary	True	True			
LA_T_6593113_0028	Interior_A	True	True	399.9999999999986	399.99999999999915	
LA_T_6593113_0028	Interior_B	True	True	79.9999999999983	79.99999999999885	
LA_T_6593113_0029	Boundary	True	True			
LA_T_6593113_0029	Interior_A	True	True	79.9999999999983	79.99999999999885	
LA_T_6593113_0029	Interior_B	True	False	0.0	5.551115123125783e-13	incomplete_strict_phone_support_for_nine_point_cpps_trajectory
LA_T_6593113_0030	Boundary	True	True			
LA_T_6593113_0030	Interior_A	True	False	0.0	5.551115123125783e-13	incomplete_strict_phone_support_for_nine_point_cpps_trajectory
LA_T_6593113_0030	Interior_B	True	False	-160.0000000000037	-159.99999999999602	incomplete_strict_phone_support_for_nine_point_cpps_trajectory
LA_T_6593113_0031	Boundary	True	True			
LA_T_6593113_0031	Interior_A	True	False	-160.0000000000037	-159.99999999999602	incomplete_strict_phone_support_for_nine_point_cpps_trajectory
LA_T_6593113_0031	Interior_B	True	False	-159.9999999999966	-160.00000000000313	incomplete_strict_phone_support_for_nine_point_cpps_trajectory
LA_T_6593113_0032	Boundary	True	False			official_v6_boundary_cpps_invalid_or_incomplete_support
LA_T_6593113_0032	Interior_A	True	False	-159.9999999999966	-160.00000000000313	incomplete_strict_phone_support_for_nine_point_cpps_trajectory
LA_T_6593113_0032	Interior_B	True	False	0.0	5.551115123125783e-13	incomplete_strict_phone_support_for_nine_point_cpps_trajectory
LA_T_6593113_0033	Boundary	True	False			official_v6_boundary_cpps_invalid_or_incomplete_support
LA_T_6593113_0033	Interior_A	True	False	0.0	5.551115123125783e-13	incomplete_strict_phone_support_for_nine_point_cpps_trajectory
LA_T_6593113_0033	Interior_B	True	False	-160.0000000000037	-159.99999999999602	incomplete_strict_phone_support_for_nine_point_cpps_trajectory
LA_T_6593113_0037	Boundary	True	False			official_v6_boundary_cpps_invalid_or_incomplete_support
LA_T_6593113_0037	Interior_A	True	True	160.0000000000037	159.99999999999716	
LA_T_6593113_0037	Interior_B	True	False	-79.9999999999983	-79.99999999999774	incomplete_strict_phone_support_for_nine_point_cpps_trajectory
LA_T_6593113_0038	Boundary	True	True			
LA_T_6593113_0038	Interior_A	True	False	-79.9999999999983	-79.99999999999774	incomplete_strict_phone_support_for_nine_point_cpps_trajectory
LA_T_6593113_0038	Interior_B	True	True	879.9999999999955	880.0000000000031	
LA_T_6593205_0005	Boundary	True	False			official_v6_boundary_cpps_invalid_or_incomplete_support
LA_T_6593205_0005	Interior_A	True	True	79.99999999999918	80.00000000000152	
LA_T_6593205_0005	Interior_B	True	False	0.0	-1.2212453270876722e-12	incomplete_strict_phone_support_for_nine_point_cpps_trajectory
LA_T_6593205_0006	Boundary	True	False			official_v6_boundary_cpps_invalid_or_incomplete_support
LA_T_6593205_0006	Interior_A	True	False	0.0	-1.2212453270876722e-12	incomplete_strict_phone_support_for_nine_point_cpps_trajectory
LA_T_6593205_0006	Interior_B	True	True	400.00000000000034	399.99999999999915	
LA_T_6593205_0007	Boundary	True	True			
LA_T_6593205_0007	Interior_A	True	True	400.00000000000034	399.99999999999915	
LA_T_6593205_0007	Interior_B	True	False	-160.00000000000014	-159.99999999999957	incomplete_strict_phone_support_for_nine_point_cpps_trajectory
LA_T_6593205_0008	Boundary	True	True			
LA_T_6593205_0008	Interior_A	True	False	-160.00000000000014	-159.99999999999957	incomplete_strict_phone_support_for_nine_point_cpps_trajectory
LA_T_6593205_0008	Interior_B	True	False	-160.00000000000014	-160.00000000000136	incomplete_strict_phone_support_for_nine_point_cpps_trajectory
LA_T_6593205_0010	Boundary	True	True			
LA_T_6593205_0010	Interior_A	True	False	-80.00000000000007	-79.99999999999952	incomplete_strict_phone_support_for_nine_point_cpps_trajectory
LA_T_6593205_0010	Interior_B	True	True	79.9999999999983	80.00000000000063	
LA_T_6593205_0011	Boundary	True	True			
LA_T_6593205_0011	Interior_A	True	True	79.9999999999983	80.00000000000063	
LA_T_6593205_0011	Interior_B	True	False	0.0	5.551115123125783e-13	incomplete_strict_phone_support_for_nine_point_cpps_trajectory
LA_T_6593205_0012	Boundary	True	True			
LA_T_6593205_0012	Interior_A	True	False	0.0	5.551115123125783e-13	incomplete_strict_phone_support_for_nine_point_cpps_trajectory
LA_T_6593205_0012	Interior_B	True	True	159.9999999999966	160.0000000000007	
LA_T_6593205_0013	Boundary	True	False			official_v6_boundary_cpps_invalid_or_incomplete_support
LA_T_6593205_0013	Interior_A	True	True	159.9999999999966	160.0000000000007	
LA_T_6593205_0013	Interior_B	True	True	480.00000000000045	480.00000000000097	
LA_T_6593205_0014	Boundary	True	False			official_v6_boundary_cpps_invalid_or_incomplete_support
LA_T_6593205_0014	Interior_A	True	True	480.00000000000045	480.00000000000097	
LA_T_6593205_0014	Interior_B	True	True	559.9999999999987	559.9999999999993	
LA_T_6594624_0002	Boundary	True	False			official_v6_boundary_cpps_invalid_or_incomplete_support
LA_T_6594624_0002	Interior_A	True	True	160.00000000000014	159.9999999999998	
LA_T_6594624_0002	Interior_B	True	True	160.00000000000014	160.0000000000007	
LA_T_6594624_0005	Boundary	True	False			official_v6_boundary_cpps_invalid_or_incomplete_support
LA_T_6594624_0005	Interior_A	True	False	-80.00000000000007	-79.99999999999952	incomplete_strict_phone_support_for_nine_point_cpps_trajectory
LA_T_6594624_0005	Interior_B	True	True	80.00000000000007	79.99999999999885	
LA_T_6594624_0006	Boundary	True	True			
LA_T_6594624_0006	Interior_A	True	True	80.00000000000007	79.99999999999885	
LA_T_6594624_0006	Interior_B	True	True	79.9999999999983	80.00000000000063	
LA_T_6594624_0009	Boundary	True	False			official_v6_boundary_cpps_invalid_or_incomplete_support
LA_T_6594624_0009	Interior_A	True	False	-160.00000000000014	-159.99999999999957	incomplete_strict_phone_support_for_nine_point_cpps_trajectory
LA_T_6594624_0009	Interior_B	True	True	239.99999999999844	240.00000000000077	
LA_T_6594624_0016	Boundary	True	False			official_v6_boundary_cpps_invalid_or_incomplete_support
LA_T_6594624_0016	Interior_A	True	True	79.9999999999983	80.0000000000024	
LA_T_6594624_0016	Interior_B	True	False	-80.00000000000185	-80.0000000000013	incomplete_strict_phone_support_for_nine_point_cpps_trajectory
LA_T_6594624_0017	Boundary	True	False			official_v6_boundary_cpps_invalid_or_incomplete_support
LA_T_6594624_0017	Interior_A	True	False	-80.00000000000185	-80.0000000000013	incomplete_strict_phone_support_for_nine_point_cpps_trajectory
LA_T_6594624_0017	Interior_B	True	False	-79.9999999999983	-80.0000000000013	incomplete_strict_phone_support_for_nine_point_cpps_trajectory
LA_T_6594624_0018	Boundary	True	False			official_v6_boundary_cpps_invalid_or_incomplete_support
LA_T_6594624_0018	Interior_A	True	False	-79.9999999999983	-80.0000000000013	incomplete_strict_phone_support_for_nine_point_cpps_trajectory
LA_T_6594624_0018	Interior_B	True	False	0.0	5.551115123125783e-13	incomplete_strict_phone_support_for_nine_point_cpps_trajectory
LA_T_6594624_0023	Boundary	True	True			
LA_T_6594624_0023	Interior_A	True	False	-80.00000000000185	-79.99999999999774	incomplete_strict_phone_support_for_nine_point_cpps_trajectory
LA_T_6594624_0023	Interior_B	True	False	-3.552713678800501e-12	5.551115123125783e-13	incomplete_strict_phone_support_for_nine_point_cpps_trajectory
LA_T_6594624_0024	Boundary	True	True			
LA_T_6594624_0024	Interior_A	True	False	-3.552713678800501e-12	5.551115123125783e-13	incomplete_strict_phone_support_for_nine_point_cpps_trajectory
LA_T_6594624_0024	Interior_B	True	False	-79.9999999999983	-80.0000000000013	incomplete_strict_phone_support_for_nine_point_cpps_trajectory
LA_T_6594624_0025	Boundary	True	False			official_v6_boundary_cpps_invalid_or_incomplete_support
LA_T_6594624_0025	Interior_A	True	False	-79.9999999999983	-80.0000000000013	incomplete_strict_phone_support_for_nine_point_cpps_trajectory
LA_T_6594624_0025	Interior_B	True	True	639.999999999997	640.0000000000011	
LA_T_6594624_0029	Boundary	True	False			official_v6_boundary_cpps_invalid_or_incomplete_support
LA_T_6594624_0029	Interior_A	True	True	79.9999999999983	79.99999999999885	
LA_T_6594624_0029	Interior_B	True	True	80.0000000000054	79.99999999999885	
LA_T_6594624_0030	Boundary	True	True			
LA_T_6594624_0030	Interior_A	True	True	80.0000000000054	79.99999999999885	
LA_T_6594624_0030	Interior_B	True	True	879.9999999999955	880.0000000000031	
LA_T_6595277_0000	Boundary	True	True			
LA_T_6595277_0000	Interior_A	True	True	79.9999999999983	79.99999999999885	
LA_T_6595277_0000	Interior_B	True	False	-160.00000000000014	-159.99999999999957	incomplete_strict_phone_support_for_nine_point_cpps_trajectory
LA_T_6595277_0001	Boundary	True	True			
LA_T_6595277_0001	Interior_A	True	False	-160.00000000000014	-159.99999999999957	incomplete_strict_phone_support_for_nine_point_cpps_trajectory
LA_T_6595277_0001	Interior_B	True	True	240.000000000002	239.999999999999	
LA_T_6595277_0004	Boundary	True	False			official_v6_boundary_cpps_invalid_or_incomplete_support
LA_T_6595277_0004	Interior_A	True	False	-79.9999999999983	-80.0000000000013	incomplete_strict_phone_support_for_nine_point_cpps_trajectory
LA_T_6595277_0004	Interior_B	True	False	-80.00000000000185	-79.99999999999774	incomplete_strict_phone_support_for_nine_point_cpps_trajectory
LA_T_6595277_0005	Boundary	True	False			official_v6_boundary_cpps_invalid_or_incomplete_support
LA_T_6595277_0005	Interior_A	True	False	-80.00000000000185	-79.99999999999774	incomplete_strict_phone_support_for_nine_point_cpps_trajectory
LA_T_6595277_0005	Interior_B	True	False	-160.00000000000014	-159.99999999999957	incomplete_strict_phone_support_for_nine_point_cpps_trajectory
LA_T_6595277_0006	Boundary	True	True			
LA_T_6595277_0006	Interior_A	True	False	-160.00000000000014	-159.99999999999957	incomplete_strict_phone_support_for_nine_point_cpps_trajectory
LA_T_6595277_0006	Interior_B	True	False	-3.552713678800501e-12	5.551115123125783e-13	incomplete_strict_phone_support_for_nine_point_cpps_trajectory
LA_T_6595277_0007	Boundary	True	True			
LA_T_6595277_0007	Interior_A	True	False	-3.552713678800501e-12	5.551115123125783e-13	incomplete_strict_phone_support_for_nine_point_cpps_trajectory
LA_T_6595277_0007	Interior_B	True	True	320.0000000000003	320.00000000000085	
LA_T_6595277_0008	Boundary	True	True			
LA_T_6595277_0008	Interior_A	True	True	320.0000000000003	320.00000000000085	
LA_T_6595277_0008	Interior_B	True	False	-80.00000000000185	-79.99999999999774	incomplete_strict_phone_support_for_nine_point_cpps_trajectory
LA_T_6595277_0010	Boundary	True	True			
LA_T_6595277_0010	Interior_A	True	False	-160.0000000000037	-159.99999999999957	incomplete_strict_phone_support_for_nine_point_cpps_trajectory
LA_T_6595277_0010	Interior_B	True	True	240.000000000002	239.999999999999	
LA_T_6595277_0011	Boundary	True	False			official_v6_boundary_cpps_invalid_or_incomplete_support
LA_T_6595277_0011	Interior_A	True	True	240.000000000002	239.999999999999	
LA_T_6595277_0011	Interior_B	True	True	320.0000000000003	320.00000000000085	
LA_T_6595277_0012	Boundary	True	False			official_v6_boundary_cpps_invalid_or_incomplete_support
LA_T_6595277_0012	Interior_A	True	True	320.0000000000003	320.00000000000085	
LA_T_6595277_0012	Interior_B	True	False	-159.9999999999966	-160.00000000000313	incomplete_strict_phone_support_for_nine_point_cpps_trajectory
LA_T_6595277_0013	Boundary	True	True			
LA_T_6595277_0013	Interior_A	True	False	-159.9999999999966	-160.00000000000313	incomplete_strict_phone_support_for_nine_point_cpps_trajectory
LA_T_6595277_0013	Interior_B	True	True	159.9999999999966	159.99999999999716	
LA_T_6595277_0020	Boundary	True	False			official_v6_boundary_cpps_invalid_or_incomplete_support
LA_T_6595277_0020	Interior_A	True	False	-160.0000000000037	-159.99999999999602	incomplete_strict_phone_support_for_nine_point_cpps_trajectory
LA_T_6595277_0020	Interior_B	True	True	79.9999999999983	79.99999999999885	
LA_T_6595277_0021	Boundary	True	False			official_v6_boundary_cpps_invalid_or_incomplete_support
LA_T_6595277_0021	Interior_A	True	True	79.9999999999983	79.99999999999885	
LA_T_6595277_0021	Interior_B	True	False	-159.9999999999966	-160.00000000000313	incomplete_strict_phone_support_for_nine_point_cpps_trajectory
LA_T_6595277_0022	Boundary	True	True			
LA_T_6595277_0022	Interior_A	True	False	-159.9999999999966	-160.00000000000313	incomplete_strict_phone_support_for_nine_point_cpps_trajectory
LA_T_6595277_0022	Interior_B	True	False	-160.0000000000037	-159.99999999999602	incomplete_strict_phone_support_for_nine_point_cpps_trajectory
LA_T_6595277_0025	Boundary	True	True			
LA_T_6595277_0025	Interior_A	True	False	-159.9999999999966	-160.00000000000313	incomplete_strict_phone_support_for_nine_point_cpps_trajectory
LA_T_6595277_0025	Interior_B	True	False	-160.0000000000037	-159.99999999999602	incomplete_strict_phone_support_for_nine_point_cpps_trajectory
LA_T_6595277_0026	Boundary	True	True			
LA_T_6595277_0026	Interior_A	True	False	-160.0000000000037	-159.99999999999602	incomplete_strict_phone_support_for_nine_point_cpps_trajectory
LA_T_6595277_0026	Interior_B	True	False	-160.0000000000037	-160.00000000000313	incomplete_strict_phone_support_for_nine_point_cpps_trajectory
LA_T_6595277_0027	Boundary	True	True			
LA_T_6595277_0027	Interior_A	True	False	-160.0000000000037	-160.00000000000313	incomplete_strict_phone_support_for_nine_point_cpps_trajectory
LA_T_6595277_0027	Interior_B	True	True	560.0000000000023	560.0000000000028	
LA_T_6596110_0004	Boundary	True	True			
LA_T_6596110_0004	Interior_A	True	True	80.00000000000185	79.99999999999885	
LA_T_6596110_0004	Interior_B	True	False	-160.00000000000014	-159.99999999999957	incomplete_strict_phone_support_for_nine_point_cpps_trajectory
LA_T_6596110_0007	Boundary	True	False			official_v6_boundary_cpps_invalid_or_incomplete_support
LA_T_6596110_0007	Interior_A	True	False	-79.9999999999983	-80.0000000000013	incomplete_strict_phone_support_for_nine_point_cpps_trajectory
LA_T_6596110_0007	Interior_B	True	False	-79.9999999999983	-80.0000000000013	incomplete_strict_phone_support_for_nine_point_cpps_trajectory
LA_T_6596110_0008	Boundary	True	True			
LA_T_6596110_0008	Interior_A	True	False	-79.9999999999983	-80.0000000000013	incomplete_strict_phone_support_for_nine_point_cpps_trajectory
LA_T_6596110_0008	Interior_B	True	False	-80.00000000000185	-79.99999999999774	incomplete_strict_phone_support_for_nine_point_cpps_trajectory
LA_T_6596110_0015	Boundary	True	True			
LA_T_6596110_0015	Interior_A	True	True	399.9999999999986	399.99999999999915	
LA_T_6596110_0015	Interior_B	True	False	-159.9999999999966	-160.00000000000313	incomplete_strict_phone_support_for_nine_point_cpps_trajectory
LA_T_6596110_0016	Boundary	True	True			
LA_T_6596110_0016	Interior_A	True	False	-159.9999999999966	-160.00000000000313	incomplete_strict_phone_support_for_nine_point_cpps_trajectory
LA_T_6596110_0016	Interior_B	True	False	-79.9999999999983	-79.99999999999774	incomplete_strict_phone_support_for_nine_point_cpps_trajectory
LA_T_6596110_0019	Boundary	True	False			official_v6_boundary_cpps_invalid_or_incomplete_support
LA_T_6596110_0019	Interior_A	True	False	-159.9999999999966	-160.00000000000313	incomplete_strict_phone_support_for_nine_point_cpps_trajectory
LA_T_6596110_0019	Interior_B	True	False	-160.0000000000037	-159.99999999999602	incomplete_strict_phone_support_for_nine_point_cpps_trajectory
LA_T_6596110_0020	Boundary	True	False			official_v6_boundary_cpps_invalid_or_incomplete_support
LA_T_6596110_0020	Interior_A	True	False	-160.0000000000037	-159.99999999999602	incomplete_strict_phone_support_for_nine_point_cpps_trajectory
LA_T_6596110_0020	Interior_B	True	True	79.9999999999983	79.99999999999885	
LA_T_6596110_0023	Boundary	True	True			
LA_T_6596110_0023	Interior_A	True	True	399.9999999999986	399.99999999999915	
LA_T_6596110_0023	Interior_B	True	False	-160.0000000000037	-159.99999999999602	incomplete_strict_phone_support_for_nine_point_cpps_trajectory
LA_T_6596110_0024	Boundary	True	True			
LA_T_6596110_0024	Interior_A	True	False	-160.0000000000037	-159.99999999999602	incomplete_strict_phone_support_for_nine_point_cpps_trajectory
LA_T_6596110_0024	Interior_B	True	True	79.9999999999983	79.99999999999885	
LA_T_6596110_0025	Boundary	True	False			official_v6_boundary_cpps_invalid_or_incomplete_support
LA_T_6596110_0025	Interior_A	True	True	79.9999999999983	79.99999999999885	
LA_T_6596110_0025	Interior_B	True	True	79.9999999999983	79.99999999999885	
LA_T_6596110_0028	Boundary	True	False			official_v6_boundary_cpps_invalid_or_incomplete_support
LA_T_6596110_0028	Interior_A	True	True	640.0000000000006	639.999999999994	
LA_T_6596110_0028	Interior_B	True	True	800.0000000000043	799.9999999999977	
LA_T_6598395_0010	Boundary	True	True			
LA_T_6598395_0010	Interior_A	True	False	-80.00000000000185	-79.99999999999774	incomplete_strict_phone_support_for_nine_point_cpps_trajectory
LA_T_6598395_0010	Interior_B	True	False	-80.00000000000185	-79.99999999999774	incomplete_strict_phone_support_for_nine_point_cpps_trajectory
LA_T_6598395_0011	Boundary	True	False			official_v6_boundary_cpps_invalid_or_incomplete_support
LA_T_6598395_0011	Interior_A	True	False	-80.00000000000185	-79.99999999999774	incomplete_strict_phone_support_for_nine_point_cpps_trajectory
LA_T_6598395_0011	Interior_B	True	False	-3.552713678800501e-12	5.551115123125783e-13	incomplete_strict_phone_support_for_nine_point_cpps_trajectory
LA_T_6598395_0014	Boundary	True	False			official_v6_boundary_cpps_invalid_or_incomplete_support
LA_T_6598395_0014	Interior_A	True	False	-160.00000000000014	-159.99999999999957	incomplete_strict_phone_support_for_nine_point_cpps_trajectory
LA_T_6598395_0014	Interior_B	True	False	-80.00000000000185	-79.99999999999774	incomplete_strict_phone_support_for_nine_point_cpps_trajectory
LA_T_6598395_0019	Boundary	True	False			official_v6_boundary_cpps_invalid_or_incomplete_support
LA_T_6598395_0019	Interior_A	True	True	399.9999999999986	399.99999999999915	
LA_T_6598395_0019	Interior_B	True	True	80.00000000000185	79.99999999999885	
LA_T_6598395_0020	Boundary	True	True			
LA_T_6598395_0020	Interior_A	True	True	80.00000000000185	79.99999999999885	
LA_T_6598395_0020	Interior_B	True	False	-160.00000000000014	-159.99999999999957	incomplete_strict_phone_support_for_nine_point_cpps_trajectory
LA_T_6598395_0021	Boundary	True	True			
LA_T_6598395_0021	Interior_A	True	False	-160.00000000000014	-159.99999999999957	incomplete_strict_phone_support_for_nine_point_cpps_trajectory
LA_T_6598395_0021	Interior_B	True	True	239.99999999999844	239.999999999999	
LA_T_6598395_0024	Boundary	True	False			official_v6_boundary_cpps_invalid_or_incomplete_support
LA_T_6598395_0024	Interior_A	True	False	-160.00000000000014	-159.99999999999957	incomplete_strict_phone_support_for_nine_point_cpps_trajectory
LA_T_6598395_0024	Interior_B	True	False	0.0	5.551115123125783e-13	incomplete_strict_phone_support_for_nine_point_cpps_trajectory
LA_T_6598395_0025	Boundary	True	False			official_v6_boundary_cpps_invalid_or_incomplete_support
LA_T_6598395_0025	Interior_A	True	False	0.0	5.551115123125783e-13	incomplete_strict_phone_support_for_nine_point_cpps_trajectory
LA_T_6598395_0025	Interior_B	True	False	-159.9999999999966	-160.00000000000313	incomplete_strict_phone_support_for_nine_point_cpps_trajectory
LA_T_6598395_0028	Boundary	True	False			official_v6_boundary_cpps_invalid_or_incomplete_support
LA_T_6598395_0028	Interior_A	True	True	160.0000000000037	159.99999999999716	
LA_T_6598395_0028	Interior_B	True	False	-159.9999999999966	-160.00000000000313	incomplete_strict_phone_support_for_nine_point_cpps_trajectory
LA_T_6598395_0029	Boundary	True	True			
LA_T_6598395_0029	Interior_A	True	False	-159.9999999999966	-160.00000000000313	incomplete_strict_phone_support_for_nine_point_cpps_trajectory
LA_T_6598395_0029	Interior_B	True	False	-80.0000000000054	-79.99999999999774	incomplete_strict_phone_support_for_nine_point_cpps_trajectory
LA_T_6598395_0030	Boundary	True	True			
LA_T_6598395_0030	Interior_A	True	False	-80.0000000000054	-79.99999999999774	incomplete_strict_phone_support_for_nine_point_cpps_trajectory
LA_T_6598395_0030	Interior_B	True	False	-159.9999999999966	-160.00000000000313	incomplete_strict_phone_support_for_nine_point_cpps_trajectory
LA_T_6598395_0034	Boundary	True	True			
LA_T_6598395_0034	Interior_A	True	False	0.0	5.551115123125783e-13	incomplete_strict_phone_support_for_nine_point_cpps_trajectory
LA_T_6598395_0034	Interior_B	True	True	159.9999999999966	159.99999999999716	
LA_T_6598395_0035	Boundary	True	True			
LA_T_6598395_0035	Interior_A	True	True	159.9999999999966	159.99999999999716	
LA_T_6598395_0035	Interior_B	True	False	0.0	5.551115123125783e-13	incomplete_strict_phone_support_for_nine_point_cpps_trajectory
LA_T_6598395_0036	Boundary	True	True			
LA_T_6598395_0036	Interior_A	True	False	0.0	5.551115123125783e-13	incomplete_strict_phone_support_for_nine_point_cpps_trajectory
LA_T_6598395_0036	Interior_B	True	True	79.9999999999983	80.00000000000595	
LA_T_6598395_0037	Boundary	True	False			official_v6_boundary_cpps_invalid_or_incomplete_support
LA_T_6598395_0037	Interior_A	True	True	79.9999999999983	80.00000000000595	
LA_T_6598395_0037	Interior_B	True	False	-80.0000000000054	-79.99999999999774	incomplete_strict_phone_support_for_nine_point_cpps_trajectory
LA_T_6598395_0040	Boundary	True	True			
LA_T_6598395_0040	Interior_A	True	True	240.000000000002	240.00000000000256	
LA_T_6598395_0040	Interior_B	True	False	-159.9999999999966	-160.00000000000313	incomplete_strict_phone_support_for_nine_point_cpps_trajectory
LA_T_6598395_0041	Boundary	True	False			official_v6_boundary_cpps_invalid_or_incomplete_support
LA_T_6598395_0041	Interior_A	True	False	-159.9999999999966	-160.00000000000313	incomplete_strict_phone_support_for_nine_point_cpps_trajectory
LA_T_6598395_0041	Interior_B	True	True	79.9999999999983	79.99999999999885	
LA_T_6598395_0044	Boundary	True	True			
LA_T_6598395_0044	Interior_A	True	False	-159.9999999999966	-160.00000000000313	incomplete_strict_phone_support_for_nine_point_cpps_trajectory
LA_T_6598395_0044	Interior_B	True	False	-159.9999999999966	-160.00000000000313	incomplete_strict_phone_support_for_nine_point_cpps_trajectory
LA_T_6598395_0045	Boundary	True	False			official_v6_boundary_cpps_invalid_or_incomplete_support
LA_T_6598395_0045	Interior_A	True	False	-159.9999999999966	-160.00000000000313	incomplete_strict_phone_support_for_nine_point_cpps_trajectory
LA_T_6598395_0045	Interior_B	True	False	0.0	5.551115123125783e-13	incomplete_strict_phone_support_for_nine_point_cpps_trajectory
LA_T_6598395_0046	Boundary	True	False			official_v6_boundary_cpps_invalid_or_incomplete_support
LA_T_6598395_0046	Interior_A	True	False	0.0	5.551115123125783e-13	incomplete_strict_phone_support_for_nine_point_cpps_trajectory
LA_T_6598395_0046	Interior_B	True	False	-79.9999999999983	-80.00000000000485	incomplete_strict_phone_support_for_nine_point_cpps_trajectory
LA_T_6598395_0047	Boundary	True	True			
LA_T_6598395_0047	Interior_A	True	False	-79.9999999999983	-80.00000000000485	incomplete_strict_phone_support_for_nine_point_cpps_trajectory
LA_T_6598395_0047	Interior_B	True	True	79.9999999999983	80.00000000000595	
LA_T_6598395_0050	Boundary	True	False			official_v6_boundary_cpps_invalid_or_incomplete_support
LA_T_6598395_0050	Interior_A	True	True	159.9999999999966	160.00000000000426	
LA_T_6598395_0050	Interior_B	True	False	0.0	5.551115123125783e-13	incomplete_strict_phone_support_for_nine_point_cpps_trajectory
LA_T_6598395_0051	Boundary	True	False			official_v6_boundary_cpps_invalid_or_incomplete_support
LA_T_6598395_0051	Interior_A	True	False	0.0	5.551115123125783e-13	incomplete_strict_phone_support_for_nine_point_cpps_trajectory
LA_T_6598395_0051	Interior_B	True	False	0.0	5.551115123125783e-13	incomplete_strict_phone_support_for_nine_point_cpps_trajectory
LA_T_6598395_0052	Boundary	True	False			official_v6_boundary_cpps_invalid_or_incomplete_support
LA_T_6598395_0052	Interior_A	True	False	0.0	5.551115123125783e-13	incomplete_strict_phone_support_for_nine_point_cpps_trajectory
LA_T_6598395_0052	Interior_B	True	False	-79.9999999999983	-80.00000000001195	incomplete_strict_phone_support_for_nine_point_cpps_trajectory
LA_T_6598395_0053	Boundary	True	False			official_v6_boundary_cpps_invalid_or_incomplete_support
LA_T_6598395_0053	Interior_A	True	False	-79.9999999999983	-80.00000000001195	incomplete_strict_phone_support_for_nine_point_cpps_trajectory
LA_T_6598395_0053	Interior_B	True	False	0.0	5.551115123125783e-13	incomplete_strict_phone_support_for_nine_point_cpps_trajectory
LA_T_6598395_0054	Boundary	True	False			official_v6_boundary_cpps_invalid_or_incomplete_support
LA_T_6598395_0054	Interior_A	True	False	0.0	5.551115123125783e-13	incomplete_strict_phone_support_for_nine_point_cpps_trajectory
LA_T_6598395_0054	Interior_B	True	False	0.0	5.551115123125783e-13	incomplete_strict_phone_support_for_nine_point_cpps_trajectory
LA_T_6598395_0055	Boundary	True	True			
LA_T_6598395_0055	Interior_A	True	False	0.0	5.551115123125783e-13	incomplete_strict_phone_support_for_nine_point_cpps_trajectory
LA_T_6598395_0055	Interior_B	True	True	319.9999999999932	320.00000000000796	
LA_T_6598395_0056	Boundary	True	False			official_v6_boundary_cpps_invalid_or_incomplete_support
LA_T_6598395_0056	Interior_A	True	True	319.9999999999932	320.00000000000796	
LA_T_6598395_0056	Interior_B	True	True	239.99999999999488	240.00000000000966	
LA_T_6599088_0003	Boundary	True	False			official_v6_boundary_cpps_invalid_or_incomplete_support
LA_T_6599088_0003	Interior_A	True	False	-79.99999999999918	-80.0000000000004	incomplete_strict_phone_support_for_nine_point_cpps_trajectory
LA_T_6599088_0003	Interior_B	True	True	80.00000000000007	80.00000000000063	
LA_T_6599088_0004	Boundary	True	False			official_v6_boundary_cpps_invalid_or_incomplete_support
LA_T_6599088_0004	Interior_A	True	True	80.00000000000007	80.00000000000063	
LA_T_6599088_0004	Interior_B	True	True	79.9999999999983	80.00000000000063	
LA_T_6599088_0007	Boundary	True	False			official_v6_boundary_cpps_invalid_or_incomplete_support
LA_T_6599088_0007	Interior_A	True	False	-80.00000000000007	-80.0000000000013	incomplete_strict_phone_support_for_nine_point_cpps_trajectory
LA_T_6599088_0007	Interior_B	True	False	0.0	5.551115123125783e-13	incomplete_strict_phone_support_for_nine_point_cpps_trajectory
LA_T_6599088_0008	Boundary	True	False			official_v6_boundary_cpps_invalid_or_incomplete_support
LA_T_6599088_0008	Interior_A	True	False	0.0	5.551115123125783e-13	incomplete_strict_phone_support_for_nine_point_cpps_trajectory
LA_T_6599088_0008	Interior_B	True	True	320.0000000000003	319.9999999999991	
LA_T_6599088_0009	Boundary	True	True			
LA_T_6599088_0009	Interior_A	True	True	320.0000000000003	319.9999999999991	
LA_T_6599088_0009	Interior_B	True	False	-80.00000000000185	-79.99999999999952	incomplete_strict_phone_support_for_nine_point_cpps_trajectory
LA_T_6599088_0010	Boundary	True	False			official_v6_boundary_cpps_invalid_or_incomplete_support
LA_T_6599088_0010	Interior_A	True	False	-80.00000000000185	-79.99999999999952	incomplete_strict_phone_support_for_nine_point_cpps_trajectory
LA_T_6599088_0010	Interior_B	True	True	79.9999999999983	80.0000000000024	
LA_T_6599088_0012	Boundary	True	True			
LA_T_6599088_0012	Interior_A	True	False	-160.00000000000014	-160.00000000000313	incomplete_strict_phone_support_for_nine_point_cpps_trajectory
LA_T_6599088_0012	Interior_B	True	False	-160.00000000000014	-159.99999999999957	incomplete_strict_phone_support_for_nine_point_cpps_trajectory
LA_T_6599088_0013	Boundary	True	True			
LA_T_6599088_0013	Interior_A	True	False	-160.00000000000014	-159.99999999999957	incomplete_strict_phone_support_for_nine_point_cpps_trajectory
LA_T_6599088_0013	Interior_B	True	True	239.99999999999844	240.00000000000256	
LA_T_6599088_0014	Boundary	True	False			official_v6_boundary_cpps_invalid_or_incomplete_support
LA_T_6599088_0014	Interior_A	True	True	239.99999999999844	240.00000000000256	
LA_T_6599088_0014	Interior_B	True	False	-160.00000000000014	-159.99999999999957	incomplete_strict_phone_support_for_nine_point_cpps_trajectory
LA_T_6599088_0020	Boundary	True	True			
LA_T_6599088_0020	Interior_A	True	False	-80.00000000000185	-80.0000000000013	incomplete_strict_phone_support_for_nine_point_cpps_trajectory
LA_T_6599088_0020	Interior_B	True	False	-160.00000000000014	-159.99999999999957	incomplete_strict_phone_support_for_nine_point_cpps_trajectory
LA_T_6599088_0021	Boundary	True	True			
LA_T_6599088_0021	Interior_A	True	False	-160.00000000000014	-159.99999999999957	incomplete_strict_phone_support_for_nine_point_cpps_trajectory
LA_T_6599088_0021	Interior_B	True	False	-160.00000000000014	-159.99999999999957	incomplete_strict_phone_support_for_nine_point_cpps_trajectory
LA_T_6599088_0025	Boundary	True	False			official_v6_boundary_cpps_invalid_or_incomplete_support
LA_T_6599088_0025	Interior_A	True	False	0.0	5.551115123125783e-13	incomplete_strict_phone_support_for_nine_point_cpps_trajectory
LA_T_6599088_0025	Interior_B	True	False	-3.552713678800501e-12	5.551115123125783e-13	incomplete_strict_phone_support_for_nine_point_cpps_trajectory
LA_T_6599088_0026	Boundary	True	False			official_v6_boundary_cpps_invalid_or_incomplete_support
LA_T_6599088_0026	Interior_A	True	False	-3.552713678800501e-12	5.551115123125783e-13	incomplete_strict_phone_support_for_nine_point_cpps_trajectory
LA_T_6599088_0026	Interior_B	True	True	80.0000000000054	79.99999999999885	
LA_T_6599088_0027	Boundary	True	False			official_v6_boundary_cpps_invalid_or_incomplete_support
LA_T_6599088_0027	Interior_A	True	True	80.0000000000054	79.99999999999885	
LA_T_6599088_0027	Interior_B	True	False	-80.0000000000054	-79.99999999999774	incomplete_strict_phone_support_for_nine_point_cpps_trajectory
LA_T_6599088_0037	Boundary	True	False			official_v6_boundary_cpps_invalid_or_incomplete_support
LA_T_6599088_0037	Interior_A	True	True	239.99999999999488	240.00000000000256	
LA_T_6599088_0037	Interior_B	True	True	79.9999999999983	79.99999999999885	
LA_T_6599088_0042	Boundary	True	False			official_v6_boundary_cpps_invalid_or_incomplete_support
LA_T_6599088_0042	Interior_A	True	False	-79.9999999999983	-80.00000000000485	incomplete_strict_phone_support_for_nine_point_cpps_trajectory
LA_T_6599088_0042	Interior_B	True	False	0.0	5.551115123125783e-13	incomplete_strict_phone_support_for_nine_point_cpps_trajectory
LA_T_6599088_0043	Boundary	True	False			official_v6_boundary_cpps_invalid_or_incomplete_support
LA_T_6599088_0043	Interior_A	True	False	0.0	5.551115123125783e-13	incomplete_strict_phone_support_for_nine_point_cpps_trajectory
LA_T_6599088_0043	Interior_B	True	False	0.0	5.551115123125783e-13	incomplete_strict_phone_support_for_nine_point_cpps_trajectory
LA_T_6599088_0044	Boundary	True	False			official_v6_boundary_cpps_invalid_or_incomplete_support
LA_T_6599088_0044	Interior_A	True	False	0.0	5.551115123125783e-13	incomplete_strict_phone_support_for_nine_point_cpps_trajectory
LA_T_6599088_0044	Interior_B	True	True	159.9999999999966	160.00000000000426	
LA_T_6599088_0045	Boundary	True	False			official_v6_boundary_cpps_invalid_or_incomplete_support
LA_T_6599088_0045	Interior_A	True	True	159.9999999999966	160.00000000000426	
LA_T_6599088_0045	Interior_B	True	False	-79.9999999999983	-80.00000000000485	incomplete_strict_phone_support_for_nine_point_cpps_trajectory
LA_T_6599088_0046	Boundary	True	True			
LA_T_6599088_0046	Interior_A	True	False	-79.9999999999983	-80.00000000000485	incomplete_strict_phone_support_for_nine_point_cpps_trajectory
LA_T_6599088_0046	Interior_B	True	False	-159.9999999999966	-160.00000000000313	incomplete_strict_phone_support_for_nine_point_cpps_trajectory
LA_T_6599088_0049	Boundary	True	False			official_v6_boundary_cpps_invalid_or_incomplete_support
LA_T_6599088_0049	Interior_A	True	False	-79.9999999999983	-80.00000000000485	incomplete_strict_phone_support_for_nine_point_cpps_trajectory
LA_T_6599088_0049	Interior_B	True	False	-79.9999999999983	-80.00000000000485	incomplete_strict_phone_support_for_nine_point_cpps_trajectory
LA_T_6599088_0050	Boundary	True	False			official_v6_boundary_cpps_invalid_or_incomplete_support
LA_T_6599088_0050	Interior_A	True	False	-79.9999999999983	-80.00000000000485	incomplete_strict_phone_support_for_nine_point_cpps_trajectory
LA_T_6599088_0050	Interior_B	True	True	320.0000000000003	320.00000000000085	
LA_T_6599088_0051	Boundary	True	False			official_v6_boundary_cpps_invalid_or_incomplete_support
LA_T_6599088_0051	Interior_A	True	True	320.0000000000003	320.00000000000085	
LA_T_6599088_0051	Interior_B	True	True	479.9999999999969	480.00000000000455	
LA_T_6599088_0054	Boundary	True	False			official_v6_boundary_cpps_invalid_or_incomplete_support
LA_T_6599088_0054	Interior_A	True	False	-159.9999999999966	-160.00000000000313	incomplete_strict_phone_support_for_nine_point_cpps_trajectory
LA_T_6599088_0054	Interior_B	True	True	79.9999999999983	79.99999999999885	
LA_T_6599088_0055	Boundary	True	False			official_v6_boundary_cpps_invalid_or_incomplete_support
LA_T_6599088_0055	Interior_A	True	True	79.9999999999983	79.99999999999885	
LA_T_6599088_0055	Interior_B	True	False	-159.9999999999966	-159.99999999999602	incomplete_strict_phone_support_for_nine_point_cpps_trajectory
LA_T_6599088_0056	Boundary	True	True			
LA_T_6599088_0056	Interior_A	True	False	-159.9999999999966	-159.99999999999602	incomplete_strict_phone_support_for_nine_point_cpps_trajectory
LA_T_6599088_0056	Interior_B	True	False	-79.9999999999983	-80.00000000001195	incomplete_strict_phone_support_for_nine_point_cpps_trajectory
LA_T_6599088_0057	Boundary	True	True			
LA_T_6599088_0057	Interior_A	True	False	-79.9999999999983	-80.00000000001195	incomplete_strict_phone_support_for_nine_point_cpps_trajectory
LA_T_6599088_0057	Interior_B	True	False	-159.9999999999966	-159.99999999999602	incomplete_strict_phone_support_for_nine_point_cpps_trajectory
LA_T_6599088_0060	Boundary	True	False			official_v6_boundary_cpps_invalid_or_incomplete_support
LA_T_6599088_0060	Interior_A	True	True	159.9999999999966	159.99999999999716	
LA_T_6599088_0060	Interior_B	True	False	-159.9999999999966	-159.99999999999602	incomplete_strict_phone_support_for_nine_point_cpps_trajectory
LA_T_6599088_0061	Boundary	True	True			
LA_T_6599088_0061	Interior_A	True	False	-159.9999999999966	-159.99999999999602	incomplete_strict_phone_support_for_nine_point_cpps_trajectory
LA_T_6599088_0061	Interior_B	True	False	-160.0000000000108	-159.99999999999602	incomplete_strict_phone_support_for_nine_point_cpps_trajectory
LA_T_6599088_0062	Boundary	True	True			
LA_T_6599088_0062	Interior_A	True	False	-160.0000000000108	-159.99999999999602	incomplete_strict_phone_support_for_nine_point_cpps_trajectory
LA_T_6599088_0062	Interior_B	True	False	-159.9999999999966	-160.00000000001023	incomplete_strict_phone_support_for_nine_point_cpps_trajectory
LA_T_6599088_0063	Boundary	True	True			
LA_T_6599088_0063	Interior_A	True	False	-159.9999999999966	-160.00000000001023	incomplete_strict_phone_support_for_nine_point_cpps_trajectory
LA_T_6599088_0063	Interior_B	True	False	-159.9999999999966	-159.99999999999602	incomplete_strict_phone_support_for_nine_point_cpps_trajectory
LA_T_6599088_0064	Boundary	True	True			
LA_T_6599088_0064	Interior_A	True	False	-159.9999999999966	-159.99999999999602	incomplete_strict_phone_support_for_nine_point_cpps_trajectory
LA_T_6599088_0064	Interior_B	True	False	-79.9999999999983	-79.99999999999774	incomplete_strict_phone_support_for_nine_point_cpps_trajectory
LA_T_6599088_0065	Boundary	True	True			
LA_T_6599088_0065	Interior_A	True	False	-79.9999999999983	-79.99999999999774	incomplete_strict_phone_support_for_nine_point_cpps_trajectory
LA_T_6599088_0065	Interior_B	True	False	-160.0000000000108	-159.99999999999602	incomplete_strict_phone_support_for_nine_point_cpps_trajectory
LA_T_6599088_0066	Boundary	True	True			
LA_T_6599088_0066	Interior_A	True	False	-160.0000000000108	-159.99999999999602	incomplete_strict_phone_support_for_nine_point_cpps_trajectory
LA_T_6599088_0066	Interior_B	True	False	-159.9999999999966	-160.00000000001023	incomplete_strict_phone_support_for_nine_point_cpps_trajectory
LA_T_6599088_0070	Boundary	True	False			official_v6_boundary_cpps_invalid_or_incomplete_support
LA_T_6599088_0070	Interior_A	True	False	-159.9999999999966	-160.00000000001023	incomplete_strict_phone_support_for_nine_point_cpps_trajectory
LA_T_6599088_0070	Interior_B	True	True	239.99999999999488	240.00000000000966	
LA_T_6599088_0071	Boundary	True	False			official_v6_boundary_cpps_invalid_or_incomplete_support
LA_T_6599088_0071	Interior_A	True	True	239.99999999999488	240.00000000000966	
LA_T_6599088_0071	Interior_B	True	False	-80.0000000000125	-79.99999999999774	incomplete_strict_phone_support_for_nine_point_cpps_trajectory
LA_T_6599088_0072	Boundary	True	False			official_v6_boundary_cpps_invalid_or_incomplete_support
LA_T_6599088_0072	Interior_A	True	False	-80.0000000000125	-79.99999999999774	incomplete_strict_phone_support_for_nine_point_cpps_trajectory
LA_T_6599088_0072	Interior_B	True	True	79.9999999999983	79.99999999999885	
LA_T_6599088_0073	Boundary	True	False			official_v6_boundary_cpps_invalid_or_incomplete_support
LA_T_6599088_0073	Interior_A	True	True	79.9999999999983	79.99999999999885	
LA_T_6599088_0073	Interior_B	True	False	-159.9999999999966	-159.99999999999602	incomplete_strict_phone_support_for_nine_point_cpps_trajectory
LA_T_6599088_0074	Boundary	True	False			official_v6_boundary_cpps_invalid_or_incomplete_support
LA_T_6599088_0074	Interior_A	True	False	-159.9999999999966	-159.99999999999602	incomplete_strict_phone_support_for_nine_point_cpps_trajectory
LA_T_6599088_0074	Interior_B	True	False	-160.0000000000108	-159.99999999999602	incomplete_strict_phone_support_for_nine_point_cpps_trajectory
LA_T_6599088_0083	Boundary	True	False			official_v6_boundary_cpps_invalid_or_incomplete_support
LA_T_6599088_0083	Interior_A	True	False	-159.9999999999966	-159.99999999999602	incomplete_strict_phone_support_for_nine_point_cpps_trajectory
LA_T_6599088_0083	Interior_B	True	True	79.9999999999983	79.99999999999885	
LA_T_6599088_0086	Boundary	True	True			
LA_T_6599088_0086	Interior_A	True	False	-160.0000000000108	-159.99999999999602	incomplete_strict_phone_support_for_nine_point_cpps_trajectory
LA_T_6599088_0086	Interior_B	True	True	400.0000000000057	400.00000000000625	
LA_T_6599088_0087	Boundary	True	False			official_v6_boundary_cpps_invalid_or_incomplete_support
LA_T_6599088_0087	Interior_A	True	True	400.0000000000057	400.00000000000625	
LA_T_6599088_0087	Interior_B	True	True	319.9999999999932	319.99999999999375	
LA_T_6603877_0004	Boundary	True	False			official_v6_boundary_cpps_invalid_or_incomplete_support
LA_T_6603877_0004	Interior_A	True	True	320.0000000000003	320.00000000000085	
LA_T_6603877_0004	Interior_B	True	True	79.9999999999983	79.99999999999885	
LA_T_6603877_0005	Boundary	True	True			
LA_T_6603877_0005	Interior_A	True	True	79.9999999999983	79.99999999999885	
LA_T_6603877_0005	Interior_B	True	False	-160.00000000000014	-159.99999999999957	incomplete_strict_phone_support_for_nine_point_cpps_trajectory
LA_T_6603877_0006	Boundary	True	True			
LA_T_6603877_0006	Interior_A	True	False	-160.00000000000014	-159.99999999999957	incomplete_strict_phone_support_for_nine_point_cpps_trajectory
LA_T_6603877_0006	Interior_B	True	False	-80.00000000000185	-79.99999999999774	incomplete_strict_phone_support_for_nine_point_cpps_trajectory
LA_T_6603877_0007	Boundary	True	True			
LA_T_6603877_0007	Interior_A	True	False	-80.00000000000185	-79.99999999999774	incomplete_strict_phone_support_for_nine_point_cpps_trajectory
LA_T_6603877_0007	Interior_B	True	False	0.0	-2.9976021664879227e-12	incomplete_strict_phone_support_for_nine_point_cpps_trajectory
LA_T_6603877_0008	Boundary	True	True			
LA_T_6603877_0008	Interior_A	True	False	0.0	-2.9976021664879227e-12	incomplete_strict_phone_support_for_nine_point_cpps_trajectory
LA_T_6603877_0008	Interior_B	True	False	-160.00000000000014	-159.99999999999957	incomplete_strict_phone_support_for_nine_point_cpps_trajectory
LA_T_6603877_0011	Boundary	True	True			
LA_T_6603877_0011	Interior_A	True	True	79.9999999999983	80.0000000000024	
LA_T_6603877_0011	Interior_B	True	False	-80.00000000000185	-80.0000000000013	incomplete_strict_phone_support_for_nine_point_cpps_trajectory
LA_T_6603877_0012	Boundary	True	False			official_v6_boundary_cpps_invalid_or_incomplete_support
LA_T_6603877_0012	Interior_A	True	False	-80.00000000000185	-80.0000000000013	incomplete_strict_phone_support_for_nine_point_cpps_trajectory
LA_T_6603877_0012	Interior_B	True	True	160.00000000000014	160.0000000000007	
LA_T_6603877_0013	Boundary	True	False			official_v6_boundary_cpps_invalid_or_incomplete_support
LA_T_6603877_0013	Interior_A	True	True	160.00000000000014	160.0000000000007	
LA_T_6603877_0013	Interior_B	True	False	-80.00000000000185	-79.99999999999774	incomplete_strict_phone_support_for_nine_point_cpps_trajectory
LA_T_6603877_0014	Boundary	True	True			
LA_T_6603877_0014	Interior_A	True	False	-80.00000000000185	-79.99999999999774	incomplete_strict_phone_support_for_nine_point_cpps_trajectory
LA_T_6603877_0014	Interior_B	True	False	-160.0000000000037	-159.99999999999602	incomplete_strict_phone_support_for_nine_point_cpps_trajectory
LA_T_6603877_0015	Boundary	True	False			official_v6_boundary_cpps_invalid_or_incomplete_support
LA_T_6603877_0015	Interior_A	True	False	-160.0000000000037	-159.99999999999602	incomplete_strict_phone_support_for_nine_point_cpps_trajectory
LA_T_6603877_0015	Interior_B	True	False	0.0	5.551115123125783e-13	incomplete_strict_phone_support_for_nine_point_cpps_trajectory
LA_T_6603877_0016	Boundary	True	False			official_v6_boundary_cpps_invalid_or_incomplete_support
LA_T_6603877_0016	Interior_A	True	False	0.0	5.551115123125783e-13	incomplete_strict_phone_support_for_nine_point_cpps_trajectory
LA_T_6603877_0016	Interior_B	True	False	-160.0000000000037	-160.00000000000313	incomplete_strict_phone_support_for_nine_point_cpps_trajectory
LA_T_6603877_0019	Boundary	True	True			
LA_T_6603877_0019	Interior_A	True	True	80.0000000000054	79.99999999999885	
LA_T_6603877_0019	Interior_B	True	False	-80.0000000000054	-79.99999999999774	incomplete_strict_phone_support_for_nine_point_cpps_trajectory
LA_T_6603877_0020	Boundary	True	False			official_v6_boundary_cpps_invalid_or_incomplete_support
LA_T_6603877_0020	Interior_A	True	False	-80.0000000000054	-79.99999999999774	incomplete_strict_phone_support_for_nine_point_cpps_trajectory
LA_T_6603877_0020	Interior_B	True	True	240.000000000002	239.99999999999545	
LA_T_6603877_0021	Boundary	True	False			official_v6_boundary_cpps_invalid_or_incomplete_support
LA_T_6603877_0021	Interior_A	True	True	240.000000000002	239.99999999999545	
LA_T_6603877_0021	Interior_B	True	False	-79.9999999999983	-79.99999999999774	incomplete_strict_phone_support_for_nine_point_cpps_trajectory
LA_T_6603877_0022	Boundary	True	True			
LA_T_6603877_0022	Interior_A	True	False	-79.9999999999983	-79.99999999999774	incomplete_strict_phone_support_for_nine_point_cpps_trajectory
LA_T_6603877_0022	Interior_B	True	True	160.0000000000037	159.99999999999716	
LA_T_6604250_0004	Boundary	True	True			
LA_T_6604250_0004	Interior_A	True	False	0.0	5.551115123125783e-13	incomplete_strict_phone_support_for_nine_point_cpps_trajectory
LA_T_6604250_0004	Interior_B	True	False	-80.00000000000185	-79.99999999999774	incomplete_strict_phone_support_for_nine_point_cpps_trajectory
LA_T_6604250_0005	Boundary	True	False			official_v6_boundary_cpps_invalid_or_incomplete_support
LA_T_6604250_0005	Interior_A	True	False	-80.00000000000185	-79.99999999999774	incomplete_strict_phone_support_for_nine_point_cpps_trajectory
LA_T_6604250_0005	Interior_B	True	True	239.99999999999844	239.999999999999	
LA_T_6604250_0006	Boundary	True	False			official_v6_boundary_cpps_invalid_or_incomplete_support
LA_T_6604250_0006	Interior_A	True	True	239.99999999999844	239.999999999999	
LA_T_6604250_0006	Interior_B	True	False	-160.00000000000014	-159.99999999999957	incomplete_strict_phone_support_for_nine_point_cpps_trajectory
LA_T_6604250_0007	Boundary	True	True			
LA_T_6604250_0007	Interior_A	True	False	-160.00000000000014	-159.99999999999957	incomplete_strict_phone_support_for_nine_point_cpps_trajectory
LA_T_6604250_0007	Interior_B	True	True	160.00000000000014	160.0000000000007	
LA_T_6604250_0008	Boundary	True	True			
LA_T_6604250_0008	Interior_A	True	True	160.00000000000014	160.0000000000007	
LA_T_6604250_0008	Interior_B	True	False	-160.00000000000014	-160.00000000000313	incomplete_strict_phone_support_for_nine_point_cpps_trajectory
LA_T_6604250_0010	Boundary	True	False			official_v6_boundary_cpps_invalid_or_incomplete_support
LA_T_6604250_0010	Interior_A	True	False	-79.9999999999983	-80.0000000000013	incomplete_strict_phone_support_for_nine_point_cpps_trajectory
LA_T_6604250_0010	Interior_B	True	False	-79.9999999999983	-80.0000000000013	incomplete_strict_phone_support_for_nine_point_cpps_trajectory
LA_T_6604250_0013	Boundary	True	False			official_v6_boundary_cpps_invalid_or_incomplete_support
LA_T_6604250_0013	Interior_A	True	True	79.9999999999983	79.99999999999885	
LA_T_6604250_0013	Interior_B	True	False	0.0	5.551115123125783e-13	incomplete_strict_phone_support_for_nine_point_cpps_trajectory
LA_T_6604250_0014	Boundary	True	False			official_v6_boundary_cpps_invalid_or_incomplete_support
LA_T_6604250_0014	Interior_A	True	False	0.0	5.551115123125783e-13	incomplete_strict_phone_support_for_nine_point_cpps_trajectory
LA_T_6604250_0014	Interior_B	True	True	79.9999999999983	79.99999999999885	
LA_T_6604250_0015	Boundary	True	False			official_v6_boundary_cpps_invalid_or_incomplete_support
LA_T_6604250_0015	Interior_A	True	True	79.9999999999983	79.99999999999885	
LA_T_6604250_0015	Interior_B	True	True	160.0000000000037	159.99999999999716	
LA_T_6604250_0016	Boundary	True	False			official_v6_boundary_cpps_invalid_or_incomplete_support
LA_T_6604250_0016	Interior_A	True	True	160.0000000000037	159.99999999999716	
LA_T_6604250_0016	Interior_B	True	False	-79.9999999999983	-79.99999999999774	incomplete_strict_phone_support_for_nine_point_cpps_trajectory
LA_T_6604250_0017	Boundary	True	False			official_v6_boundary_cpps_invalid_or_incomplete_support
LA_T_6604250_0017	Interior_A	True	False	-79.9999999999983	-79.99999999999774	incomplete_strict_phone_support_for_nine_point_cpps_trajectory
LA_T_6604250_0017	Interior_B	True	False	-160.0000000000037	-160.00000000000313	incomplete_strict_phone_support_for_nine_point_cpps_trajectory
LA_T_6604250_0020	Boundary	True	False			official_v6_boundary_cpps_invalid_or_incomplete_support
LA_T_6604250_0020	Interior_A	True	True	160.0000000000037	159.99999999999716	
LA_T_6604250_0020	Interior_B	True	False	-160.0000000000037	-160.00000000000313	incomplete_strict_phone_support_for_nine_point_cpps_trajectory
LA_T_6604250_0021	Boundary	True	False			official_v6_boundary_cpps_invalid_or_incomplete_support
LA_T_6604250_0021	Interior_A	True	False	-160.0000000000037	-160.00000000000313	incomplete_strict_phone_support_for_nine_point_cpps_trajectory
LA_T_6604250_0021	Interior_B	True	True	560.0000000000023	560.0000000000028	
LA_T_6604250_0022	Boundary	True	False			official_v6_boundary_cpps_invalid_or_incomplete_support
LA_T_6604250_0022	Interior_A	True	True	560.0000000000023	560.0000000000028	
LA_T_6604250_0022	Interior_B	True	True	159.9999999999966	159.99999999999716	
LA_T_6604250_0023	Boundary	True	False			official_v6_boundary_cpps_invalid_or_incomplete_support
LA_T_6604250_0023	Interior_A	True	True	159.9999999999966	159.99999999999716	
LA_T_6604250_0023	Interior_B	True	True	960.0000000000009	960.0000000000014	
LA_T_6604283_0005	Boundary	True	True			
LA_T_6604283_0005	Interior_A	True	False	-80.00000000000007	-80.0000000000013	incomplete_strict_phone_support_for_nine_point_cpps_trajectory
LA_T_6604283_0005	Interior_B	True	True	80.00000000000007	80.00000000000063	
LA_T_6604283_0006	Boundary	True	True			
LA_T_6604283_0006	Interior_A	True	True	80.00000000000007	80.00000000000063	
LA_T_6604283_0006	Interior_B	True	True	239.99999999999844	240.00000000000077	
LA_T_6604283_0009	Boundary	True	True			
LA_T_6604283_0009	Interior_A	True	True	320.0000000000003	320.00000000000085	
LA_T_6604283_0009	Interior_B	True	False	-160.00000000000014	-160.00000000000313	incomplete_strict_phone_support_for_nine_point_cpps_trajectory
LA_T_6604283_0011	Boundary	True	False			official_v6_boundary_cpps_invalid_or_incomplete_support
LA_T_6604283_0011	Interior_A	True	True	79.9999999999983	80.0000000000024	
LA_T_6604283_0011	Interior_B	True	True	639.999999999997	640.0000000000011	
LA_T_6604283_0012	Boundary	True	False			official_v6_boundary_cpps_invalid_or_incomplete_support
LA_T_6604283_0012	Interior_A	True	True	639.999999999997	640.0000000000011	
LA_T_6604283_0012	Interior_B	True	False	0.0	5.551115123125783e-13	incomplete_strict_phone_support_for_nine_point_cpps_trajectory
LA_T_6604283_0013	Boundary	True	True			
LA_T_6604283_0013	Interior_A	True	False	0.0	5.551115123125783e-13	incomplete_strict_phone_support_for_nine_point_cpps_trajectory
LA_T_6604283_0013	Interior_B	True	True	79.9999999999983	80.0000000000024	
LA_T_6604283_0014	Boundary	True	False			official_v6_boundary_cpps_invalid_or_incomplete_support
LA_T_6604283_0014	Interior_A	True	True	79.9999999999983	80.0000000000024	
LA_T_6604283_0014	Interior_B	True	False	0.0	-2.9976021664879227e-12	incomplete_strict_phone_support_for_nine_point_cpps_trajectory
LA_T_6604283_0015	Boundary	True	False			official_v6_boundary_cpps_invalid_or_incomplete_support
LA_T_6604283_0015	Interior_A	True	False	0.0	-2.9976021664879227e-12	incomplete_strict_phone_support_for_nine_point_cpps_trajectory
LA_T_6604283_0015	Interior_B	True	True	79.9999999999983	80.0000000000024	
LA_T_6604283_0016	Boundary	True	True			
LA_T_6604283_0016	Interior_A	True	True	79.9999999999983	80.0000000000024	
LA_T_6604283_0016	Interior_B	True	False	-80.00000000000185	-79.99999999999774	incomplete_strict_phone_support_for_nine_point_cpps_trajectory
LA_T_6604283_0017	Boundary	True	True			
LA_T_6604283_0017	Interior_A	True	False	-80.00000000000185	-79.99999999999774	incomplete_strict_phone_support_for_nine_point_cpps_trajectory
LA_T_6604283_0017	Interior_B	True	True	640.0000000000006	639.9999999999976	
LA_T_6604283_0018	Boundary	True	False			official_v6_boundary_cpps_invalid_or_incomplete_support
LA_T_6604283_0018	Interior_A	True	True	640.0000000000006	639.9999999999976	
LA_T_6604283_0018	Interior_B	True	True	319.9999999999967	320.00000000000085	
LA_T_6604283_0021	Boundary	True	False			official_v6_boundary_cpps_invalid_or_incomplete_support
LA_T_6604283_0021	Interior_A	True	False	-159.9999999999966	-160.00000000000313	incomplete_strict_phone_support_for_nine_point_cpps_trajectory
LA_T_6604283_0021	Interior_B	True	False	-159.9999999999966	-160.00000000000313	incomplete_strict_phone_support_for_nine_point_cpps_trajectory
LA_T_6604283_0022	Boundary	True	False			official_v6_boundary_cpps_invalid_or_incomplete_support
LA_T_6604283_0022	Interior_A	True	False	-159.9999999999966	-160.00000000000313	incomplete_strict_phone_support_for_nine_point_cpps_trajectory
LA_T_6604283_0022	Interior_B	True	False	0.0	5.551115123125783e-13	incomplete_strict_phone_support_for_nine_point_cpps_trajectory
LA_T_6604283_0023	Boundary	True	False			official_v6_boundary_cpps_invalid_or_incomplete_support
LA_T_6604283_0023	Interior_A	True	False	0.0	5.551115123125783e-13	incomplete_strict_phone_support_for_nine_point_cpps_trajectory
LA_T_6604283_0023	Interior_B	True	True	79.9999999999983	79.99999999999885	
LA_T_6604283_0024	Boundary	True	True			
LA_T_6604283_0024	Interior_A	True	True	79.9999999999983	79.99999999999885	
LA_T_6604283_0024	Interior_B	True	True	719.9999999999989	719.9999999999994	
LA_T_6605158_0001	Boundary	True	False			official_v6_boundary_cpps_invalid_or_incomplete_support
LA_T_6605158_0001	Interior_A	True	False	-160.00000000000014	-159.99999999999957	incomplete_strict_phone_support_for_nine_point_cpps_trajectory
LA_T_6605158_0001	Interior_B	True	True	160.00000000000014	159.99999999999892	
LA_T_6605158_0002	Boundary	True	False			official_v6_boundary_cpps_invalid_or_incomplete_support
LA_T_6605158_0002	Interior_A	True	True	160.00000000000014	159.99999999999892	
LA_T_6605158_0002	Interior_B	True	True	159.99999999999835	160.0000000000007	
LA_T_6605158_0005	Boundary	True	False			official_v6_boundary_cpps_invalid_or_incomplete_support
LA_T_6605158_0005	Interior_A	True	False	-160.00000000000014	-159.99999999999957	incomplete_strict_phone_support_for_nine_point_cpps_trajectory
LA_T_6605158_0005	Interior_B	True	False	-80.00000000000185	-79.99999999999952	incomplete_strict_phone_support_for_nine_point_cpps_trajectory
LA_T_6605158_0008	Boundary	True	True			
LA_T_6605158_0008	Interior_A	True	False	-160.00000000000014	-160.00000000000136	incomplete_strict_phone_support_for_nine_point_cpps_trajectory
LA_T_6605158_0008	Interior_B	True	False	-160.00000000000014	-159.99999999999957	incomplete_strict_phone_support_for_nine_point_cpps_trajectory
LA_T_6605158_0011	Boundary	True	False			official_v6_boundary_cpps_invalid_or_incomplete_support
LA_T_6605158_0011	Interior_A	True	True	79.9999999999983	79.99999999999885	
LA_T_6605158_0011	Interior_B	True	False	-79.9999999999983	-80.0000000000013	incomplete_strict_phone_support_for_nine_point_cpps_trajectory
LA_T_6605158_0015	Boundary	True	True			
LA_T_6605158_0015	Interior_A	True	True	79.9999999999983	79.99999999999885	
LA_T_6605158_0015	Interior_B	True	False	-160.00000000000014	-159.99999999999957	incomplete_strict_phone_support_for_nine_point_cpps_trajectory
LA_T_6605158_0016	Boundary	True	False			official_v6_boundary_cpps_invalid_or_incomplete_support
LA_T_6605158_0016	Interior_A	True	False	-160.00000000000014	-159.99999999999957	incomplete_strict_phone_support_for_nine_point_cpps_trajectory
LA_T_6605158_0016	Interior_B	True	False	-79.9999999999983	-80.0000000000013	incomplete_strict_phone_support_for_nine_point_cpps_trajectory
LA_T_6605158_0019	Boundary	True	False			official_v6_boundary_cpps_invalid_or_incomplete_support
LA_T_6605158_0019	Interior_A	True	False	0.0	-2.9976021664879227e-12	incomplete_strict_phone_support_for_nine_point_cpps_trajectory
LA_T_6605158_0019	Interior_B	True	False	-79.9999999999983	-80.0000000000013	incomplete_strict_phone_support_for_nine_point_cpps_trajectory
LA_T_6605158_0020	Boundary	True	False			official_v6_boundary_cpps_invalid_or_incomplete_support
LA_T_6605158_0020	Interior_A	True	False	-79.9999999999983	-80.0000000000013	incomplete_strict_phone_support_for_nine_point_cpps_trajectory
LA_T_6605158_0020	Interior_B	True	False	-80.00000000000185	-79.99999999999774	incomplete_strict_phone_support_for_nine_point_cpps_trajectory
LA_T_6605158_0021	Boundary	True	True			
LA_T_6605158_0021	Interior_A	True	False	-80.00000000000185	-79.99999999999774	incomplete_strict_phone_support_for_nine_point_cpps_trajectory
LA_T_6605158_0021	Interior_B	True	True	239.99999999999844	239.999999999999	
LA_T_6605158_0034	Boundary	True	True			
LA_T_6605158_0034	Interior_A	True	False	-159.9999999999966	-160.00000000000313	incomplete_strict_phone_support_for_nine_point_cpps_trajectory
LA_T_6605158_0034	Interior_B	True	False	-160.0000000000037	-159.99999999999602	incomplete_strict_phone_support_for_nine_point_cpps_trajectory
LA_T_6605158_0035	Boundary	True	False			official_v6_boundary_cpps_invalid_or_incomplete_support
LA_T_6605158_0035	Interior_A	True	False	-160.0000000000037	-159.99999999999602	incomplete_strict_phone_support_for_nine_point_cpps_trajectory
LA_T_6605158_0035	Interior_B	True	True	79.9999999999983	79.99999999999885	
LA_T_6605158_0036	Boundary	True	False			official_v6_boundary_cpps_invalid_or_incomplete_support
LA_T_6605158_0036	Interior_A	True	True	79.9999999999983	79.99999999999885	
LA_T_6605158_0036	Interior_B	True	True	80.0000000000054	79.99999999999885	
LA_T_6605158_0037	Boundary	True	True			
LA_T_6605158_0037	Interior_A	True	True	80.0000000000054	79.99999999999885	
LA_T_6605158_0037	Interior_B	True	False	-160.0000000000037	-160.00000000000313	incomplete_strict_phone_support_for_nine_point_cpps_trajectory
LA_T_6605158_0038	Boundary	True	True			
LA_T_6605158_0038	Interior_A	True	False	-160.0000000000037	-160.00000000000313	incomplete_strict_phone_support_for_nine_point_cpps_trajectory
LA_T_6605158_0038	Interior_B	True	False	-159.9999999999966	-160.00000000000313	incomplete_strict_phone_support_for_nine_point_cpps_trajectory
LA_T_6605158_0039	Boundary	True	True			
LA_T_6605158_0039	Interior_A	True	False	-159.9999999999966	-160.00000000000313	incomplete_strict_phone_support_for_nine_point_cpps_trajectory
LA_T_6605158_0039	Interior_B	True	True	320.0000000000003	320.00000000000085	
LA_T_6605158_0045	Boundary	True	True			
LA_T_6605158_0045	Interior_A	True	False	-7.105427357601002e-12	5.551115123125783e-13	incomplete_strict_phone_support_for_nine_point_cpps_trajectory
LA_T_6605158_0045	Interior_B	True	False	-159.9999999999966	-160.00000000000313	incomplete_strict_phone_support_for_nine_point_cpps_trajectory
LA_T_6605158_0050	Boundary	True	True			
LA_T_6605158_0050	Interior_A	True	False	0.0	5.551115123125783e-13	incomplete_strict_phone_support_for_nine_point_cpps_trajectory
LA_T_6605158_0050	Interior_B	True	False	-159.9999999999966	-160.00000000000313	incomplete_strict_phone_support_for_nine_point_cpps_trajectory
LA_T_6605158_0053	Boundary	True	True			
LA_T_6605158_0053	Interior_A	True	False	-80.0000000000054	-79.99999999999774	incomplete_strict_phone_support_for_nine_point_cpps_trajectory
LA_T_6605158_0053	Interior_B	True	True	240.000000000002	239.99999999999545	
LA_T_6605158_0054	Boundary	True	False			official_v6_boundary_cpps_invalid_or_incomplete_support
LA_T_6605158_0054	Interior_A	True	True	240.000000000002	239.99999999999545	
LA_T_6605158_0054	Interior_B	True	True	480.000000000004	479.99999999999034	
LA_T_6605158_0055	Boundary	True	False			official_v6_boundary_cpps_invalid_or_incomplete_support
LA_T_6605158_0055	Interior_A	True	True	480.000000000004	479.99999999999034	
LA_T_6605158_0055	Interior_B	True	True	160.0000000000108	159.99999999999716	
LA_T_6609279_0004	Boundary	True	True			
LA_T_6609279_0004	Interior_A	True	False	0.0	5.551115123125783e-13	incomplete_strict_phone_support_for_nine_point_cpps_trajectory
LA_T_6609279_0004	Interior_B	True	False	-80.00000000000185	-80.0000000000013	incomplete_strict_phone_support_for_nine_point_cpps_trajectory
LA_T_6609279_0005	Boundary	True	False			official_v6_boundary_cpps_invalid_or_incomplete_support
LA_T_6609279_0005	Interior_A	True	False	-80.00000000000185	-80.0000000000013	incomplete_strict_phone_support_for_nine_point_cpps_trajectory
LA_T_6609279_0005	Interior_B	True	False	-80.00000000000185	-79.99999999999774	incomplete_strict_phone_support_for_nine_point_cpps_trajectory
LA_T_6609279_0011	Boundary	True	True			
LA_T_6609279_0011	Interior_A	True	False	-79.9999999999983	-80.0000000000013	incomplete_strict_phone_support_for_nine_point_cpps_trajectory
LA_T_6609279_0011	Interior_B	True	False	-80.00000000000185	-79.99999999999774	incomplete_strict_phone_support_for_nine_point_cpps_trajectory
LA_T_6609279_0012	Boundary	True	True			
LA_T_6609279_0012	Interior_A	True	False	-80.00000000000185	-79.99999999999774	incomplete_strict_phone_support_for_nine_point_cpps_trajectory
LA_T_6609279_0012	Interior_B	True	True	399.9999999999986	399.99999999999915	
LA_T_6609279_0013	Boundary	True	True			
LA_T_6609279_0013	Interior_A	True	True	399.9999999999986	399.99999999999915	
LA_T_6609279_0013	Interior_B	True	True	79.9999999999983	79.99999999999885	
LA_T_6609279_0014	Boundary	True	True			
LA_T_6609279_0014	Interior_A	True	True	79.9999999999983	79.99999999999885	
LA_T_6609279_0014	Interior_B	True	True	80.0000000000054	79.99999999999885	
LA_T_6609279_0015	Boundary	True	True			
LA_T_6609279_0015	Interior_A	True	True	80.0000000000054	79.99999999999885	
LA_T_6609279_0015	Interior_B	True	True	79.9999999999983	79.99999999999885	
LA_T_6612638_0002	Boundary	True	False			official_v6_boundary_cpps_invalid_or_incomplete_support
LA_T_6612638_0002	Interior_A	True	True	240.00000000000023	240.00000000000077	
LA_T_6612638_0002	Interior_B	True	True	240.00000000000023	239.9999999999999	
LA_T_6612638_0003	Boundary	True	True			
LA_T_6612638_0003	Interior_A	True	True	240.00000000000023	239.9999999999999	
LA_T_6612638_0003	Interior_B	True	False	-80.00000000000185	-79.99999999999952	incomplete_strict_phone_support_for_nine_point_cpps_trajectory
LA_T_6612638_0009	Boundary	True	False			official_v6_boundary_cpps_invalid_or_incomplete_support
LA_T_6612638_0009	Interior_A	True	True	320.0000000000003	319.9999999999991	
LA_T_6612638_0009	Interior_B	True	False	0.0	-1.2212453270876722e-12	incomplete_strict_phone_support_for_nine_point_cpps_trajectory
LA_T_6612638_0010	Boundary	True	True			
LA_T_6612638_0010	Interior_A	True	False	0.0	-1.2212453270876722e-12	incomplete_strict_phone_support_for_nine_point_cpps_trajectory
LA_T_6612638_0010	Interior_B	True	False	0.0	5.551115123125783e-13	incomplete_strict_phone_support_for_nine_point_cpps_trajectory
LA_T_6612638_0015	Boundary	True	True			
LA_T_6612638_0015	Interior_A	True	False	-160.00000000000014	-159.99999999999957	incomplete_strict_phone_support_for_nine_point_cpps_trajectory
LA_T_6612638_0015	Interior_B	True	False	-160.00000000000014	-159.99999999999957	incomplete_strict_phone_support_for_nine_point_cpps_trajectory
LA_T_6612638_0022	Boundary	True	False			official_v6_boundary_cpps_invalid_or_incomplete_support
LA_T_6612638_0022	Interior_A	True	False	-160.0000000000037	-159.99999999999957	incomplete_strict_phone_support_for_nine_point_cpps_trajectory
LA_T_6612638_0022	Interior_B	True	True	160.00000000000014	160.0000000000007	
LA_T_6612638_0023	Boundary	True	False			official_v6_boundary_cpps_invalid_or_incomplete_support
LA_T_6612638_0023	Interior_A	True	True	160.00000000000014	160.0000000000007	
LA_T_6612638_0023	Interior_B	True	True	160.00000000000014	159.99999999999716	
LA_T_6612638_0024	Boundary	True	False			official_v6_boundary_cpps_invalid_or_incomplete_support
LA_T_6612638_0024	Interior_A	True	True	160.00000000000014	159.99999999999716	
LA_T_6612638_0024	Interior_B	True	False	-79.9999999999983	-80.0000000000013	incomplete_strict_phone_support_for_nine_point_cpps_trajectory
LA_T_6612638_0025	Boundary	True	False			official_v6_boundary_cpps_invalid_or_incomplete_support
LA_T_6612638_0025	Interior_A	True	False	-79.9999999999983	-80.0000000000013	incomplete_strict_phone_support_for_nine_point_cpps_trajectory
LA_T_6612638_0025	Interior_B	True	False	-79.9999999999983	-80.0000000000013	incomplete_strict_phone_support_for_nine_point_cpps_trajectory
LA_T_6612638_0030	Boundary	True	True			
LA_T_6612638_0030	Interior_A	True	False	-159.9999999999966	-160.00000000000313	incomplete_strict_phone_support_for_nine_point_cpps_trajectory
LA_T_6612638_0030	Interior_B	True	False	-160.0000000000037	-160.00000000000313	incomplete_strict_phone_support_for_nine_point_cpps_trajectory
LA_T_6612638_0035	Boundary	True	True			
LA_T_6612638_0035	Interior_A	True	False	-160.0000000000037	-159.99999999999602	incomplete_strict_phone_support_for_nine_point_cpps_trajectory
LA_T_6612638_0035	Interior_B	True	False	-79.9999999999983	-80.00000000000485	incomplete_strict_phone_support_for_nine_point_cpps_trajectory
LA_T_6612638_0036	Boundary	True	True			
LA_T_6612638_0036	Interior_A	True	False	-79.9999999999983	-80.00000000000485	incomplete_strict_phone_support_for_nine_point_cpps_trajectory
LA_T_6612638_0036	Interior_B	True	False	-160.0000000000037	-159.99999999999602	incomplete_strict_phone_support_for_nine_point_cpps_trajectory
LA_T_6612638_0037	Boundary	True	False			official_v6_boundary_cpps_invalid_or_incomplete_support
LA_T_6612638_0037	Interior_A	True	False	-160.0000000000037	-159.99999999999602	incomplete_strict_phone_support_for_nine_point_cpps_trajectory
LA_T_6612638_0037	Interior_B	True	False	0.0	5.551115123125783e-13	incomplete_strict_phone_support_for_nine_point_cpps_trajectory
LA_T_6612638_0038	Boundary	True	False			official_v6_boundary_cpps_invalid_or_incomplete_support
LA_T_6612638_0038	Interior_A	True	False	0.0	5.551115123125783e-13	incomplete_strict_phone_support_for_nine_point_cpps_trajectory
LA_T_6612638_0038	Interior_B	True	False	-159.9999999999966	-160.00000000000313	incomplete_strict_phone_support_for_nine_point_cpps_trajectory
LA_T_6612638_0039	Boundary	True	True			
LA_T_6612638_0039	Interior_A	True	False	-159.9999999999966	-160.00000000000313	incomplete_strict_phone_support_for_nine_point_cpps_trajectory
LA_T_6612638_0039	Interior_B	True	False	-80.0000000000054	-79.99999999999774	incomplete_strict_phone_support_for_nine_point_cpps_trajectory
LA_T_6612638_0042	Boundary	True	False			official_v6_boundary_cpps_invalid_or_incomplete_support
LA_T_6612638_0042	Interior_A	True	False	-159.9999999999966	-160.00000000000313	incomplete_strict_phone_support_for_nine_point_cpps_trajectory
LA_T_6612638_0042	Interior_B	True	True	79.9999999999983	79.99999999999885	
LA_T_6612638_0045	Boundary	True	True			
LA_T_6612638_0045	Interior_A	True	False	-159.9999999999966	-160.00000000000313	incomplete_strict_phone_support_for_nine_point_cpps_trajectory
LA_T_6612638_0045	Interior_B	True	True	560.0000000000023	560.0000000000028	
LA_T_6612638_0048	Boundary	True	True			
LA_T_6612638_0048	Interior_A	True	False	-160.0000000000037	-159.99999999999602	incomplete_strict_phone_support_for_nine_point_cpps_trajectory
LA_T_6612638_0048	Interior_B	True	False	-79.9999999999983	-80.00000000000485	incomplete_strict_phone_support_for_nine_point_cpps_trajectory
LA_T_6613009_0004	Boundary	True	False			official_v6_boundary_cpps_invalid_or_incomplete_support
LA_T_6613009_0004	Interior_A	True	True	240.00000000000023	240.00000000000077	
LA_T_6613009_0004	Interior_B	True	False	-80.00000000000185	-79.99999999999952	incomplete_strict_phone_support_for_nine_point_cpps_trajectory
LA_T_6613009_0005	Boundary	True	False			official_v6_boundary_cpps_invalid_or_incomplete_support
LA_T_6613009_0005	Interior_A	True	False	-80.00000000000185	-79.99999999999952	incomplete_strict_phone_support_for_nine_point_cpps_trajectory
LA_T_6613009_0005	Interior_B	True	False	-80.00000000000007	-80.0000000000013	incomplete_strict_phone_support_for_nine_point_cpps_trajectory
LA_T_6613009_0008	Boundary	True	False			official_v6_boundary_cpps_invalid_or_incomplete_support
LA_T_6613009_0008	Interior_A	True	True	239.99999999999844	240.00000000000077	
LA_T_6613009_0008	Interior_B	True	False	-160.00000000000014	-159.99999999999957	incomplete_strict_phone_support_for_nine_point_cpps_trajectory
LA_T_6613009_0014	Boundary	True	False			official_v6_boundary_cpps_invalid_or_incomplete_support
LA_T_6613009_0014	Interior_A	True	False	-80.00000000000185	-79.99999999999774	incomplete_strict_phone_support_for_nine_point_cpps_trajectory
LA_T_6613009_0014	Interior_B	True	True	79.9999999999983	80.0000000000024	
LA_T_6613009_0017	Boundary	True	True			
LA_T_6613009_0017	Interior_A	True	False	-3.552713678800501e-12	5.551115123125783e-13	incomplete_strict_phone_support_for_nine_point_cpps_trajectory
LA_T_6613009_0017	Interior_B	True	False	-160.00000000000014	-159.99999999999957	incomplete_strict_phone_support_for_nine_point_cpps_trajectory
LA_T_6613009_0018	Boundary	True	True			
LA_T_6613009_0018	Interior_A	True	False	-160.00000000000014	-159.99999999999957	incomplete_strict_phone_support_for_nine_point_cpps_trajectory
LA_T_6613009_0018	Interior_B	True	True	160.00000000000014	160.0000000000007	
LA_T_6613009_0019	Boundary	True	True			
LA_T_6613009_0019	Interior_A	True	True	160.00000000000014	160.0000000000007	
LA_T_6613009_0019	Interior_B	True	False	-80.00000000000185	-80.0000000000013	incomplete_strict_phone_support_for_nine_point_cpps_trajectory
LA_T_6613009_0020	Boundary	True	True			
LA_T_6613009_0020	Interior_A	True	False	-80.00000000000185	-80.0000000000013	incomplete_strict_phone_support_for_nine_point_cpps_trajectory
LA_T_6613009_0020	Interior_B	True	False	0.0	5.551115123125783e-13	incomplete_strict_phone_support_for_nine_point_cpps_trajectory
LA_T_6613009_0024	Boundary	True	False			official_v6_boundary_cpps_invalid_or_incomplete_support
LA_T_6613009_0024	Interior_A	True	True	959.9999999999973	960.0000000000014	
LA_T_6613009_0024	Interior_B	True	True	1280.0000000000011	1280.0000000000016	
LA_T_6613009_0027	Boundary	True	True			
LA_T_6613009_0027	Interior_A	True	True	79.9999999999983	79.99999999999885	
LA_T_6613009_0027	Interior_B	True	False	0.0	5.551115123125783e-13	incomplete_strict_phone_support_for_nine_point_cpps_trajectory
LA_T_6613009_0028	Boundary	True	False			official_v6_boundary_cpps_invalid_or_incomplete_support
LA_T_6613009_0028	Interior_A	True	False	0.0	5.551115123125783e-13	incomplete_strict_phone_support_for_nine_point_cpps_trajectory
LA_T_6613009_0028	Interior_B	True	False	0.0	5.551115123125783e-13	incomplete_strict_phone_support_for_nine_point_cpps_trajectory
LA_T_6613009_0029	Boundary	True	False			official_v6_boundary_cpps_invalid_or_incomplete_support
LA_T_6613009_0029	Interior_A	True	False	0.0	5.551115123125783e-13	incomplete_strict_phone_support_for_nine_point_cpps_trajectory
LA_T_6613009_0029	Interior_B	True	True	79.9999999999983	79.99999999999885	
LA_T_6613009_0030	Boundary	True	False			official_v6_boundary_cpps_invalid_or_incomplete_support
LA_T_6613009_0030	Interior_A	True	True	79.9999999999983	79.99999999999885	
LA_T_6613009_0030	Interior_B	True	True	320.0000000000003	320.00000000000085	
LA_T_6613009_0031	Boundary	True	False			official_v6_boundary_cpps_invalid_or_incomplete_support
LA_T_6613009_0031	Interior_A	True	True	320.0000000000003	320.00000000000085	
LA_T_6613009_0031	Interior_B	True	True	239.99999999999488	240.00000000000256	
LA_T_6613009_0032	Boundary	True	True			
LA_T_6613009_0032	Interior_A	True	True	239.99999999999488	240.00000000000256	
LA_T_6613009_0032	Interior_B	True	False	-160.0000000000037	-159.99999999999602	incomplete_strict_phone_support_for_nine_point_cpps_trajectory
LA_T_6613009_0033	Boundary	True	True			
LA_T_6613009_0033	Interior_A	True	False	-160.0000000000037	-159.99999999999602	incomplete_strict_phone_support_for_nine_point_cpps_trajectory
LA_T_6613009_0033	Interior_B	True	False	-159.9999999999966	-160.00000000000313	incomplete_strict_phone_support_for_nine_point_cpps_trajectory
LA_T_6613009_0034	Boundary	True	True			
LA_T_6613009_0034	Interior_A	True	False	-159.9999999999966	-160.00000000000313	incomplete_strict_phone_support_for_nine_point_cpps_trajectory
LA_T_6613009_0034	Interior_B	True	False	-160.0000000000037	-159.99999999999602	incomplete_strict_phone_support_for_nine_point_cpps_trajectory
LA_T_6613009_0035	Boundary	True	True			
LA_T_6613009_0035	Interior_A	True	False	-160.0000000000037	-159.99999999999602	incomplete_strict_phone_support_for_nine_point_cpps_trajectory
LA_T_6613009_0035	Interior_B	True	False	0.0	5.551115123125783e-13	incomplete_strict_phone_support_for_nine_point_cpps_trajectory
LA_T_6613009_0036	Boundary	True	True			
LA_T_6613009_0036	Interior_A	True	False	0.0	5.551115123125783e-13	incomplete_strict_phone_support_for_nine_point_cpps_trajectory
LA_T_6613009_0036	Interior_B	True	False	-160.0000000000037	-160.00000000000313	incomplete_strict_phone_support_for_nine_point_cpps_trajectory
LA_T_6613009_0042	Boundary	True	True			
LA_T_6613009_0042	Interior_A	True	False	0.0	5.551115123125783e-13	incomplete_strict_phone_support_for_nine_point_cpps_trajectory
LA_T_6613009_0042	Interior_B	True	False	0.0	5.551115123125783e-13	incomplete_strict_phone_support_for_nine_point_cpps_trajectory
LA_T_6613009_0043	Boundary	True	True			
LA_T_6613009_0043	Interior_A	True	False	0.0	5.551115123125783e-13	incomplete_strict_phone_support_for_nine_point_cpps_trajectory
LA_T_6613009_0043	Interior_B	True	False	-160.0000000000037	-159.99999999999602	incomplete_strict_phone_support_for_nine_point_cpps_trajectory
LA_T_6613009_0048	Boundary	True	True			
LA_T_6613009_0048	Interior_A	True	True	559.9999999999952	560.0000000000028	
LA_T_6613009_0048	Interior_B	True	False	-160.0000000000108	-159.99999999999602	incomplete_strict_phone_support_for_nine_point_cpps_trajectory
LA_T_6613009_0052	Boundary	True	False			official_v6_boundary_cpps_invalid_or_incomplete_support
LA_T_6613009_0052	Interior_A	True	True	159.9999999999966	160.00000000001137	
LA_T_6613009_0052	Interior_B	True	True	320.0000000000074	319.99999999999375	
LA_T_6613009_0053	Boundary	True	False			official_v6_boundary_cpps_invalid_or_incomplete_support
LA_T_6613009_0053	Interior_A	True	True	320.0000000000074	319.99999999999375	
LA_T_6613009_0053	Interior_B	True	True	159.9999999999966	159.99999999999716	
LA_T_6613009_0054	Boundary	True	False			official_v6_boundary_cpps_invalid_or_incomplete_support
LA_T_6613009_0054	Interior_A	True	True	159.9999999999966	159.99999999999716	
LA_T_6613009_0054	Interior_B	True	False	0.0	5.551115123125783e-13	incomplete_strict_phone_support_for_nine_point_cpps_trajectory
LA_T_6613009_0057	Boundary	True	True			
LA_T_6613009_0057	Interior_A	True	True	159.9999999999966	159.99999999999716	
LA_T_6613009_0057	Interior_B	True	False	-159.9999999999966	-159.99999999999602	incomplete_strict_phone_support_for_nine_point_cpps_trajectory
LA_T_6613009_0058	Boundary	True	True			
LA_T_6613009_0058	Interior_A	True	False	-159.9999999999966	-159.99999999999602	incomplete_strict_phone_support_for_nine_point_cpps_trajectory
LA_T_6613009_0058	Interior_B	True	False	-160.0000000000108	-159.99999999999602	incomplete_strict_phone_support_for_nine_point_cpps_trajectory
LA_T_6613009_0059	Boundary	True	True			
LA_T_6613009_0059	Interior_A	True	False	-160.0000000000108	-159.99999999999602	incomplete_strict_phone_support_for_nine_point_cpps_trajectory
LA_T_6613009_0059	Interior_B	True	False	-159.9999999999966	-159.99999999999602	incomplete_strict_phone_support_for_nine_point_cpps_trajectory
LA_T_6613009_0060	Boundary	True	False			official_v6_boundary_cpps_invalid_or_incomplete_support
LA_T_6613009_0060	Interior_A	True	False	-159.9999999999966	-159.99999999999602	incomplete_strict_phone_support_for_nine_point_cpps_trajectory
LA_T_6613009_0060	Interior_B	True	True	239.99999999999488	239.99999999999545	
LA_T_6613009_0063	Boundary	True	False			official_v6_boundary_cpps_invalid_or_incomplete_support
LA_T_6613009_0063	Interior_A	True	False	0.0	5.551115123125783e-13	incomplete_strict_phone_support_for_nine_point_cpps_trajectory
LA_T_6613009_0063	Interior_B	True	False	0.0	5.551115123125783e-13	incomplete_strict_phone_support_for_nine_point_cpps_trajectory
LA_T_6613009_0064	Boundary	True	True			
LA_T_6613009_0064	Interior_A	True	False	0.0	5.551115123125783e-13	incomplete_strict_phone_support_for_nine_point_cpps_trajectory
LA_T_6613009_0064	Interior_B	True	False	-159.9999999999966	-159.99999999999602	incomplete_strict_phone_support_for_nine_point_cpps_trajectory
LA_T_6613009_0065	Boundary	True	False			official_v6_boundary_cpps_invalid_or_incomplete_support
LA_T_6613009_0065	Interior_A	True	False	-159.9999999999966	-159.99999999999602	incomplete_strict_phone_support_for_nine_point_cpps_trajectory
LA_T_6613009_0065	Interior_B	True	True	239.99999999999488	239.99999999999545	
LA_T_6613009_0066	Boundary	True	False			official_v6_boundary_cpps_invalid_or_incomplete_support
LA_T_6613009_0066	Interior_A	True	True	239.99999999999488	239.99999999999545	
LA_T_6613009_0066	Interior_B	True	True	79.9999999999983	79.99999999999885	
LA_T_6613009_0069	Boundary	True	False			official_v6_boundary_cpps_invalid_or_incomplete_support
LA_T_6613009_0069	Interior_A	True	True	560.0000000000023	560.0000000000028	
LA_T_6613009_0069	Interior_B	True	True	799.9999999999972	799.9999999999977	
LA_T_6613009_0072	Boundary	True	True			
LA_T_6613009_0072	Interior_A	True	False	-79.9999999999983	-79.99999999999774	incomplete_strict_phone_support_for_nine_point_cpps_trajectory
LA_T_6613009_0072	Interior_B	True	False	-159.9999999999966	-160.00000000001023	incomplete_strict_phone_support_for_nine_point_cpps_trajectory
LA_T_6613009_0073	Boundary	True	True			
LA_T_6613009_0073	Interior_A	True	False	-159.9999999999966	-160.00000000001023	incomplete_strict_phone_support_for_nine_point_cpps_trajectory
LA_T_6613009_0073	Interior_B	True	False	-159.9999999999966	-159.99999999999602	incomplete_strict_phone_support_for_nine_point_cpps_trajectory
LA_T_6613009_0074	Boundary	True	True			
LA_T_6613009_0074	Interior_A	True	False	-159.9999999999966	-159.99999999999602	incomplete_strict_phone_support_for_nine_point_cpps_trajectory
LA_T_6613009_0074	Interior_B	True	True	399.9999999999915	400.00000000000625	
LA_T_6613009_0075	Boundary	True	True			
LA_T_6613009_0075	Interior_A	True	True	399.9999999999915	400.00000000000625	
LA_T_6613009_0075	Interior_B	True	False	-159.9999999999966	-160.00000000001023	incomplete_strict_phone_support_for_nine_point_cpps_trajectory
LA_T_6613009_0076	Boundary	True	True			
LA_T_6613009_0076	Interior_A	True	False	-159.9999999999966	-160.00000000001023	incomplete_strict_phone_support_for_nine_point_cpps_trajectory
LA_T_6613009_0076	Interior_B	True	False	-79.9999999999983	-79.99999999999774	incomplete_strict_phone_support_for_nine_point_cpps_trajectory
LA_T_6613009_0077	Boundary	True	True			
LA_T_6613009_0077	Interior_A	True	False	-79.9999999999983	-79.99999999999774	incomplete_strict_phone_support_for_nine_point_cpps_trajectory
LA_T_6613009_0077	Interior_B	True	False	-160.0000000000108	-159.99999999999602	incomplete_strict_phone_support_for_nine_point_cpps_trajectory
LA_T_6613009_0080	Boundary	True	False			official_v6_boundary_cpps_invalid_or_incomplete_support
LA_T_6613009_0080	Interior_A	True	True	319.9999999999932	319.99999999999375	
LA_T_6613009_0080	Interior_B	True	False	0.0	5.551115123125783e-13	incomplete_strict_phone_support_for_nine_point_cpps_trajectory
LA_T_6613009_0081	Boundary	True	True			
LA_T_6613009_0081	Interior_A	True	False	0.0	5.551115123125783e-13	incomplete_strict_phone_support_for_nine_point_cpps_trajectory
LA_T_6613009_0081	Interior_B	True	False	0.0	5.551115123125783e-13	incomplete_strict_phone_support_for_nine_point_cpps_trajectory
LA_T_6613009_0082	Boundary	True	False			official_v6_boundary_cpps_invalid_or_incomplete_support
LA_T_6613009_0082	Interior_A	True	False	0.0	5.551115123125783e-13	incomplete_strict_phone_support_for_nine_point_cpps_trajectory
LA_T_6613009_0082	Interior_B	True	True	1280.0000000000011	1280.0000000000016	
LA_T_6614237_0001	Boundary	True	True			
LA_T_6614237_0001	Interior_A	True	False	-160.00000000000102	-159.9999999999987	incomplete_strict_phone_support_for_nine_point_cpps_trajectory
LA_T_6614237_0001	Interior_B	True	False	-159.99999999999926	-159.99999999999957	incomplete_strict_phone_support_for_nine_point_cpps_trajectory
LA_T_6614237_0005	Boundary	True	False			official_v6_boundary_cpps_invalid_or_incomplete_support
LA_T_6614237_0005	Interior_A	True	False	-160.00000000000193	-159.99999999999957	incomplete_strict_phone_support_for_nine_point_cpps_trajectory
LA_T_6614237_0005	Interior_B	True	True	160.00000000000014	160.0000000000007	
LA_T_6614237_0006	Boundary	True	False			official_v6_boundary_cpps_invalid_or_incomplete_support
LA_T_6614237_0006	Interior_A	True	True	160.00000000000014	160.0000000000007	
LA_T_6614237_0006	Interior_B	True	True	559.9999999999987	559.9999999999993	
LA_T_6614237_0007	Boundary	True	True			
LA_T_6614237_0007	Interior_A	True	True	559.9999999999987	559.9999999999993	
LA_T_6614237_0007	Interior_B	True	True	80.00000000000007	80.00000000000063	
LA_T_6614237_0008	Boundary	True	True			
LA_T_6614237_0008	Interior_A	True	True	80.00000000000007	80.00000000000063	
LA_T_6614237_0008	Interior_B	True	False	-160.00000000000014	-159.99999999999957	incomplete_strict_phone_support_for_nine_point_cpps_trajectory
LA_T_6614237_0009	Boundary	True	True			
LA_T_6614237_0009	Interior_A	True	False	-160.00000000000014	-159.99999999999957	incomplete_strict_phone_support_for_nine_point_cpps_trajectory
LA_T_6614237_0009	Interior_B	True	False	-160.00000000000014	-160.00000000000313	incomplete_strict_phone_support_for_nine_point_cpps_trajectory
LA_T_6614237_0013	Boundary	True	False			official_v6_boundary_cpps_invalid_or_incomplete_support
LA_T_6614237_0013	Interior_A	True	True	160.00000000000014	160.0000000000007	
LA_T_6614237_0013	Interior_B	True	True	719.9999999999989	719.9999999999994	
LA_T_6614237_0014	Boundary	True	True			
LA_T_6614237_0014	Interior_A	True	True	719.9999999999989	719.9999999999994	
LA_T_6614237_0014	Interior_B	True	True	559.9999999999987	559.9999999999993	
LA_T_6615138_0000	Boundary	True	True			
LA_T_6615138_0000	Interior_A	True	False	-160.00000000000014	-159.99999999999957	incomplete_strict_phone_support_for_nine_point_cpps_trajectory
LA_T_6615138_0000	Interior_B	True	True	320.0000000000003	319.99999999999994	
LA_T_6615138_0001	Boundary	True	True			
LA_T_6615138_0001	Interior_A	True	True	320.0000000000003	319.99999999999994	
LA_T_6615138_0001	Interior_B	True	False	-80.00000000000185	-79.99999999999952	incomplete_strict_phone_support_for_nine_point_cpps_trajectory
LA_T_6615138_0002	Boundary	True	True			
LA_T_6615138_0002	Interior_A	True	False	-80.00000000000185	-79.99999999999952	incomplete_strict_phone_support_for_nine_point_cpps_trajectory
LA_T_6615138_0002	Interior_B	True	True	479.99999999999864	480.00000000000097	
LA_T_6615138_0006	Boundary	True	True			
LA_T_6615138_0006	Interior_A	True	False	-160.00000000000014	-159.99999999999957	incomplete_strict_phone_support_for_nine_point_cpps_trajectory
LA_T_6615138_0006	Interior_B	True	False	-80.00000000000007	-80.0000000000013	incomplete_strict_phone_support_for_nine_point_cpps_trajectory
LA_T_6615138_0007	Boundary	True	False			official_v6_boundary_cpps_invalid_or_incomplete_support
LA_T_6615138_0007	Interior_A	True	False	-80.00000000000007	-80.0000000000013	incomplete_strict_phone_support_for_nine_point_cpps_trajectory
LA_T_6615138_0007	Interior_B	True	True	239.99999999999844	240.00000000000256	
LA_T_6615138_0008	Boundary	True	False			official_v6_boundary_cpps_invalid_or_incomplete_support
LA_T_6615138_0008	Interior_A	True	True	239.99999999999844	240.00000000000256	
LA_T_6615138_0008	Interior_B	True	True	160.00000000000014	159.99999999999716	
LA_T_6615138_0009	Boundary	True	False			official_v6_boundary_cpps_invalid_or_incomplete_support
LA_T_6615138_0009	Interior_A	True	True	160.00000000000014	159.99999999999716	
LA_T_6615138_0009	Interior_B	True	True	80.00000000000185	79.99999999999885	
LA_T_6615138_0012	Boundary	True	False			official_v6_boundary_cpps_invalid_or_incomplete_support
LA_T_6615138_0012	Interior_A	True	True	79.9999999999983	79.99999999999885	
LA_T_6615138_0012	Interior_B	True	False	-160.00000000000014	-159.99999999999957	incomplete_strict_phone_support_for_nine_point_cpps_trajectory
LA_T_6615138_0013	Boundary	True	False			official_v6_boundary_cpps_invalid_or_incomplete_support
LA_T_6615138_0013	Interior_A	True	False	-160.00000000000014	-159.99999999999957	incomplete_strict_phone_support_for_nine_point_cpps_trajectory
LA_T_6615138_0013	Interior_B	True	False	-160.00000000000014	-159.99999999999957	incomplete_strict_phone_support_for_nine_point_cpps_trajectory
LA_T_6615138_0014	Boundary	True	True			
LA_T_6615138_0014	Interior_A	True	False	-160.00000000000014	-159.99999999999957	incomplete_strict_phone_support_for_nine_point_cpps_trajectory
LA_T_6615138_0014	Interior_B	True	False	-160.00000000000014	-159.99999999999957	incomplete_strict_phone_support_for_nine_point_cpps_trajectory
LA_T_6615138_0018	Boundary	True	True			
LA_T_6615138_0018	Interior_A	True	False	-79.9999999999983	-80.0000000000013	incomplete_strict_phone_support_for_nine_point_cpps_trajectory
LA_T_6615138_0018	Interior_B	True	True	160.00000000000014	160.0000000000007	
LA_T_6615138_0019	Boundary	True	False			official_v6_boundary_cpps_invalid_or_incomplete_support
LA_T_6615138_0019	Interior_A	True	True	160.00000000000014	160.0000000000007	
LA_T_6615138_0019	Interior_B	True	True	79.9999999999983	79.99999999999885	
LA_T_6615138_0020	Boundary	True	False			official_v6_boundary_cpps_invalid_or_incomplete_support
LA_T_6615138_0020	Interior_A	True	True	79.9999999999983	79.99999999999885	
LA_T_6615138_0020	Interior_B	True	False	-160.00000000000014	-159.99999999999957	incomplete_strict_phone_support_for_nine_point_cpps_trajectory
LA_T_6615138_0023	Boundary	True	False			official_v6_boundary_cpps_invalid_or_incomplete_support
LA_T_6615138_0023	Interior_A	True	True	240.000000000002	239.99999999999545	
LA_T_6615138_0023	Interior_B	True	False	0.0	5.551115123125783e-13	incomplete_strict_phone_support_for_nine_point_cpps_trajectory
LA_T_6615138_0024	Boundary	True	True			
LA_T_6615138_0024	Interior_A	True	False	0.0	5.551115123125783e-13	incomplete_strict_phone_support_for_nine_point_cpps_trajectory
LA_T_6615138_0024	Interior_B	True	False	-79.9999999999983	-80.00000000000485	incomplete_strict_phone_support_for_nine_point_cpps_trajectory
LA_T_6615138_0025	Boundary	True	True			
LA_T_6615138_0025	Interior_A	True	False	-79.9999999999983	-80.00000000000485	incomplete_strict_phone_support_for_nine_point_cpps_trajectory
LA_T_6615138_0025	Interior_B	True	False	-79.9999999999983	-79.99999999999774	incomplete_strict_phone_support_for_nine_point_cpps_trajectory
LA_T_6615138_0026	Boundary	True	True			
LA_T_6615138_0026	Interior_A	True	False	-79.9999999999983	-79.99999999999774	incomplete_strict_phone_support_for_nine_point_cpps_trajectory
LA_T_6615138_0026	Interior_B	True	True	239.99999999999488	240.00000000000256	
LA_T_6615138_0027	Boundary	True	False			official_v6_boundary_cpps_invalid_or_incomplete_support
LA_T_6615138_0027	Interior_A	True	True	239.99999999999488	240.00000000000256	
LA_T_6615138_0027	Interior_B	True	True	399.9999999999986	399.99999999999915	
LA_T_6615138_0028	Boundary	True	False			official_v6_boundary_cpps_invalid_or_incomplete_support
LA_T_6615138_0028	Interior_A	True	True	399.9999999999986	399.99999999999915	
LA_T_6615138_0028	Interior_B	True	True	1120.0000000000045	1119.999999999998	
LA_T_6617227_0000	Boundary	True	False			official_v6_boundary_cpps_invalid_or_incomplete_support
LA_T_6617227_0000	Interior_A	True	False	-160.00000000000014	-159.99999999999957	incomplete_strict_phone_support_for_nine_point_cpps_trajectory
LA_T_6617227_0000	Interior_B	True	False	-160.00000000000014	-159.99999999999957	incomplete_strict_phone_support_for_nine_point_cpps_trajectory
LA_T_6617227_0001	Boundary	True	False			official_v6_boundary_cpps_invalid_or_incomplete_support
LA_T_6617227_0001	Interior_A	True	False	-160.00000000000014	-159.99999999999957	incomplete_strict_phone_support_for_nine_point_cpps_trajectory
LA_T_6617227_0001	Interior_B	True	False	-80.00000000000185	-79.99999999999774	incomplete_strict_phone_support_for_nine_point_cpps_trajectory
LA_T_6617227_0004	Boundary	True	True			
LA_T_6617227_0004	Interior_A	True	False	-80.00000000000185	-79.99999999999774	incomplete_strict_phone_support_for_nine_point_cpps_trajectory
LA_T_6617227_0004	Interior_B	True	False	-80.00000000000185	-79.99999999999774	incomplete_strict_phone_support_for_nine_point_cpps_trajectory
LA_T_6617227_0005	Boundary	True	True			
LA_T_6617227_0005	Interior_A	True	False	-80.00000000000185	-79.99999999999774	incomplete_strict_phone_support_for_nine_point_cpps_trajectory
LA_T_6617227_0005	Interior_B	True	False	-160.00000000000014	-159.99999999999957	incomplete_strict_phone_support_for_nine_point_cpps_trajectory
LA_T_6617227_0006	Boundary	True	True			
LA_T_6617227_0006	Interior_A	True	False	-160.00000000000014	-159.99999999999957	incomplete_strict_phone_support_for_nine_point_cpps_trajectory
LA_T_6617227_0006	Interior_B	True	False	-3.552713678800501e-12	5.551115123125783e-13	incomplete_strict_phone_support_for_nine_point_cpps_trajectory
LA_T_6617227_0007	Boundary	True	True			
LA_T_6617227_0007	Interior_A	True	False	-3.552713678800501e-12	5.551115123125783e-13	incomplete_strict_phone_support_for_nine_point_cpps_trajectory
LA_T_6617227_0007	Interior_B	True	True	240.000000000002	239.999999999999	
LA_T_6617227_0008	Boundary	True	False			official_v6_boundary_cpps_invalid_or_incomplete_support
LA_T_6617227_0008	Interior_A	True	True	240.000000000002	239.999999999999	
LA_T_6617227_0008	Interior_B	True	True	79.9999999999983	79.99999999999885	
LA_T_6617227_0012	Boundary	True	True			
LA_T_6617227_0012	Interior_A	True	True	639.999999999997	640.0000000000011	
LA_T_6617227_0012	Interior_B	True	False	0.0	5.551115123125783e-13	incomplete_strict_phone_support_for_nine_point_cpps_trajectory
LA_T_6617227_0015	Boundary	True	True			
LA_T_6617227_0015	Interior_A	True	True	159.9999999999966	160.00000000000426	
LA_T_6617227_0015	Interior_B	True	False	0.0	5.551115123125783e-13	incomplete_strict_phone_support_for_nine_point_cpps_trajectory
LA_T_6617227_0018	Boundary	True	True			
LA_T_6617227_0018	Interior_A	True	False	-79.9999999999983	-80.00000000000485	incomplete_strict_phone_support_for_nine_point_cpps_trajectory
LA_T_6617227_0018	Interior_B	True	False	-79.9999999999983	-79.99999999999774	incomplete_strict_phone_support_for_nine_point_cpps_trajectory
LA_T_6617227_0019	Boundary	True	True			
LA_T_6617227_0019	Interior_A	True	False	-79.9999999999983	-79.99999999999774	incomplete_strict_phone_support_for_nine_point_cpps_trajectory
LA_T_6617227_0019	Interior_B	True	False	-80.0000000000054	-79.99999999999774	incomplete_strict_phone_support_for_nine_point_cpps_trajectory
LA_T_6617227_0026	Boundary	True	True			
LA_T_6617227_0026	Interior_A	True	False	-160.0000000000037	-160.00000000000313	incomplete_strict_phone_support_for_nine_point_cpps_trajectory
LA_T_6617227_0026	Interior_B	True	False	0.0	5.551115123125783e-13	incomplete_strict_phone_support_for_nine_point_cpps_trajectory
LA_T_6617227_0027	Boundary	True	True			
LA_T_6617227_0027	Interior_A	True	False	0.0	5.551115123125783e-13	incomplete_strict_phone_support_for_nine_point_cpps_trajectory
LA_T_6617227_0027	Interior_B	True	False	-159.9999999999966	-160.00000000000313	incomplete_strict_phone_support_for_nine_point_cpps_trajectory
LA_T_6617227_0028	Boundary	True	False			official_v6_boundary_cpps_invalid_or_incomplete_support
LA_T_6617227_0028	Interior_A	True	False	-159.9999999999966	-160.00000000000313	incomplete_strict_phone_support_for_nine_point_cpps_trajectory
LA_T_6617227_0028	Interior_B	True	True	160.0000000000037	159.99999999999716	
LA_T_6617227_0029	Boundary	True	False			official_v6_boundary_cpps_invalid_or_incomplete_support
LA_T_6617227_0029	Interior_A	True	True	160.0000000000037	159.99999999999716	
LA_T_6617227_0029	Interior_B	True	True	159.9999999999966	160.00000000000426	
LA_T_6617227_0030	Boundary	True	False			official_v6_boundary_cpps_invalid_or_incomplete_support
LA_T_6617227_0030	Interior_A	True	True	159.9999999999966	160.00000000000426	
LA_T_6617227_0030	Interior_B	True	False	0.0	5.551115123125783e-13	incomplete_strict_phone_support_for_nine_point_cpps_trajectory
LA_T_6617227_0031	Boundary	True	False			official_v6_boundary_cpps_invalid_or_incomplete_support
LA_T_6617227_0031	Interior_A	True	False	0.0	5.551115123125783e-13	incomplete_strict_phone_support_for_nine_point_cpps_trajectory
LA_T_6617227_0031	Interior_B	True	False	-80.0000000000054	-79.99999999999774	incomplete_strict_phone_support_for_nine_point_cpps_trajectory
LA_T_6617227_0034	Boundary	True	True			
LA_T_6617227_0034	Interior_A	True	True	159.9999999999966	160.00000000000426	
LA_T_6617227_0034	Interior_B	True	False	0.0	5.551115123125783e-13	incomplete_strict_phone_support_for_nine_point_cpps_trajectory
LA_T_6617227_0035	Boundary	True	True			
LA_T_6617227_0035	Interior_A	True	False	0.0	5.551115123125783e-13	incomplete_strict_phone_support_for_nine_point_cpps_trajectory
LA_T_6617227_0035	Interior_B	True	True	399.9999999999986	399.99999999999915	
LA_T_6618256_0005	Boundary	True	True			
LA_T_6618256_0005	Interior_A	True	False	-1.7763568394002505e-12	5.551115123125783e-13	incomplete_strict_phone_support_for_nine_point_cpps_trajectory
LA_T_6618256_0005	Interior_B	True	False	-160.00000000000014	-159.99999999999957	incomplete_strict_phone_support_for_nine_point_cpps_trajectory
LA_T_6618256_0006	Boundary	True	True			
LA_T_6618256_0006	Interior_A	True	False	-160.00000000000014	-159.99999999999957	incomplete_strict_phone_support_for_nine_point_cpps_trajectory
LA_T_6618256_0006	Interior_B	True	False	-80.00000000000185	-79.99999999999952	incomplete_strict_phone_support_for_nine_point_cpps_trajectory
LA_T_6618256_0010	Boundary	True	False			official_v6_boundary_cpps_invalid_or_incomplete_support
LA_T_6618256_0010	Interior_A	True	False	-160.00000000000193	-159.99999999999957	incomplete_strict_phone_support_for_nine_point_cpps_trajectory
LA_T_6618256_0010	Interior_B	True	True	239.99999999999844	240.00000000000256	
LA_T_6618256_0011	Boundary	True	False			official_v6_boundary_cpps_invalid_or_incomplete_support
LA_T_6618256_0011	Interior_A	True	True	239.99999999999844	240.00000000000256	
LA_T_6618256_0011	Interior_B	True	True	879.999999999999	879.9999999999995	
LA_T_6618256_0012	Boundary	True	True			
LA_T_6618256_0012	Interior_A	True	True	879.999999999999	879.9999999999995	
LA_T_6618256_0012	Interior_B	True	True	79.9999999999983	79.99999999999885	
LA_T_6618797_0006	Boundary	True	False			official_v6_boundary_cpps_invalid_or_incomplete_support
LA_T_6618797_0006	Interior_A	True	False	-160.00000000000193	-159.99999999999957	incomplete_strict_phone_support_for_nine_point_cpps_trajectory
LA_T_6618797_0006	Interior_B	True	True	160.00000000000014	159.99999999999892	
LA_T_6618797_0010	Boundary	True	False			official_v6_boundary_cpps_invalid_or_incomplete_support
LA_T_6618797_0010	Interior_A	True	False	-160.00000000000193	-159.99999999999957	incomplete_strict_phone_support_for_nine_point_cpps_trajectory
LA_T_6618797_0010	Interior_B	True	False	0.0	5.551115123125783e-13	incomplete_strict_phone_support_for_nine_point_cpps_trajectory
LA_T_6618797_0011	Boundary	True	False			official_v6_boundary_cpps_invalid_or_incomplete_support
LA_T_6618797_0011	Interior_A	True	False	0.0	5.551115123125783e-13	incomplete_strict_phone_support_for_nine_point_cpps_trajectory
LA_T_6618797_0011	Interior_B	True	False	-80.00000000000185	-79.99999999999774	incomplete_strict_phone_support_for_nine_point_cpps_trajectory
LA_T_6618797_0012	Boundary	True	False			official_v6_boundary_cpps_invalid_or_incomplete_support
LA_T_6618797_0012	Interior_A	True	False	-80.00000000000185	-79.99999999999774	incomplete_strict_phone_support_for_nine_point_cpps_trajectory
LA_T_6618797_0012	Interior_B	True	False	-80.00000000000185	-80.0000000000013	incomplete_strict_phone_support_for_nine_point_cpps_trajectory
LA_T_6618797_0015	Boundary	True	True			
LA_T_6618797_0015	Interior_A	True	False	0.0	5.551115123125783e-13	incomplete_strict_phone_support_for_nine_point_cpps_trajectory
LA_T_6618797_0015	Interior_B	True	False	0.0	-2.9976021664879227e-12	incomplete_strict_phone_support_for_nine_point_cpps_trajectory
LA_T_6618797_0016	Boundary	True	True			
LA_T_6618797_0016	Interior_A	True	False	0.0	-2.9976021664879227e-12	incomplete_strict_phone_support_for_nine_point_cpps_trajectory
LA_T_6618797_0016	Interior_B	True	False	-79.9999999999983	-80.0000000000013	incomplete_strict_phone_support_for_nine_point_cpps_trajectory
LA_T_6618797_0019	Boundary	True	True			
LA_T_6618797_0019	Interior_A	True	True	160.0000000000037	159.99999999999716	
LA_T_6618797_0019	Interior_B	True	False	-79.9999999999983	-79.99999999999774	incomplete_strict_phone_support_for_nine_point_cpps_trajectory
LA_T_6618797_0022	Boundary	True	False			official_v6_boundary_cpps_invalid_or_incomplete_support
LA_T_6618797_0022	Interior_A	True	True	640.0000000000006	640.0000000000011	
LA_T_6618797_0022	Interior_B	True	True	399.9999999999986	399.99999999999915	
LA_T_6618797_0025	Boundary	True	False			official_v6_boundary_cpps_invalid_or_incomplete_support
LA_T_6618797_0025	Interior_A	True	False	-159.9999999999966	-160.00000000000313	incomplete_strict_phone_support_for_nine_point_cpps_trajectory
LA_T_6618797_0025	Interior_B	True	False	0.0	5.551115123125783e-13	incomplete_strict_phone_support_for_nine_point_cpps_trajectory
LA_T_6618797_0026	Boundary	True	False			official_v6_boundary_cpps_invalid_or_incomplete_support
LA_T_6618797_0026	Interior_A	True	False	0.0	5.551115123125783e-13	incomplete_strict_phone_support_for_nine_point_cpps_trajectory
LA_T_6618797_0026	Interior_B	True	False	-160.0000000000037	-159.99999999999602	incomplete_strict_phone_support_for_nine_point_cpps_trajectory
LA_T_6618797_0027	Boundary	True	False			official_v6_boundary_cpps_invalid_or_incomplete_support
LA_T_6618797_0027	Interior_A	True	False	-160.0000000000037	-159.99999999999602	incomplete_strict_phone_support_for_nine_point_cpps_trajectory
LA_T_6618797_0027	Interior_B	True	False	-159.9999999999966	-160.00000000000313	incomplete_strict_phone_support_for_nine_point_cpps_trajectory
LA_T_6618797_0028	Boundary	True	False			official_v6_boundary_cpps_invalid_or_incomplete_support
LA_T_6618797_0028	Interior_A	True	False	-159.9999999999966	-160.00000000000313	incomplete_strict_phone_support_for_nine_point_cpps_trajectory
LA_T_6618797_0028	Interior_B	True	True	79.9999999999983	79.99999999999885	
LA_T_6618797_0029	Boundary	True	False			official_v6_boundary_cpps_invalid_or_incomplete_support
LA_T_6618797_0029	Interior_A	True	True	79.9999999999983	79.99999999999885	
LA_T_6618797_0029	Interior_B	True	False	0.0	5.551115123125783e-13	incomplete_strict_phone_support_for_nine_point_cpps_trajectory
LA_T_6618797_0030	Boundary	True	False			official_v6_boundary_cpps_invalid_or_incomplete_support
LA_T_6618797_0030	Interior_A	True	False	0.0	5.551115123125783e-13	incomplete_strict_phone_support_for_nine_point_cpps_trajectory
LA_T_6618797_0030	Interior_B	True	False	-160.0000000000037	-159.99999999999602	incomplete_strict_phone_support_for_nine_point_cpps_trajectory
LA_T_6618797_0031	Boundary	True	True			
LA_T_6618797_0031	Interior_A	True	False	-160.0000000000037	-159.99999999999602	incomplete_strict_phone_support_for_nine_point_cpps_trajectory
LA_T_6618797_0031	Interior_B	True	False	0.0	5.551115123125783e-13	incomplete_strict_phone_support_for_nine_point_cpps_trajectory
LA_T_6618797_0032	Boundary	True	True			
LA_T_6618797_0032	Interior_A	True	False	0.0	5.551115123125783e-13	incomplete_strict_phone_support_for_nine_point_cpps_trajectory
LA_T_6618797_0032	Interior_B	True	True	159.9999999999966	159.99999999999716	
LA_T_6619744_0000	Boundary	True	False			official_v6_boundary_cpps_invalid_or_incomplete_support
LA_T_6619744_0000	Interior_A	True	False	-3.552713678800501e-12	5.551115123125783e-13	incomplete_strict_phone_support_for_nine_point_cpps_trajectory
LA_T_6619744_0000	Interior_B	True	False	-160.00000000000014	-159.99999999999957	incomplete_strict_phone_support_for_nine_point_cpps_trajectory
LA_T_6619744_0001	Boundary	True	False			official_v6_boundary_cpps_invalid_or_incomplete_support
LA_T_6619744_0001	Interior_A	True	False	-160.00000000000014	-159.99999999999957	incomplete_strict_phone_support_for_nine_point_cpps_trajectory
LA_T_6619744_0001	Interior_B	True	False	-80.00000000000185	-79.99999999999774	incomplete_strict_phone_support_for_nine_point_cpps_trajectory
LA_T_6619744_0002	Boundary	True	True			
LA_T_6619744_0002	Interior_A	True	False	-80.00000000000185	-79.99999999999774	incomplete_strict_phone_support_for_nine_point_cpps_trajectory
LA_T_6619744_0002	Interior_B	True	False	-80.00000000000185	-79.99999999999774	incomplete_strict_phone_support_for_nine_point_cpps_trajectory
LA_T_6619744_0003	Boundary	True	True			
LA_T_6619744_0003	Interior_A	True	False	-80.00000000000185	-79.99999999999774	incomplete_strict_phone_support_for_nine_point_cpps_trajectory
LA_T_6619744_0003	Interior_B	True	False	-80.00000000000185	-80.0000000000013	incomplete_strict_phone_support_for_nine_point_cpps_trajectory
LA_T_6619744_0006	Boundary	True	False			official_v6_boundary_cpps_invalid_or_incomplete_support
LA_T_6619744_0006	Interior_A	True	True	160.00000000000014	160.0000000000007	
LA_T_6619744_0006	Interior_B	True	False	-80.00000000000185	-80.0000000000013	incomplete_strict_phone_support_for_nine_point_cpps_trajectory
LA_T_6619744_0007	Boundary	True	True			
LA_T_6619744_0007	Interior_A	True	False	-80.00000000000185	-80.0000000000013	incomplete_strict_phone_support_for_nine_point_cpps_trajectory
LA_T_6619744_0007	Interior_B	True	False	-79.9999999999983	-80.0000000000013	incomplete_strict_phone_support_for_nine_point_cpps_trajectory
LA_T_6619744_0010	Boundary	True	True			
LA_T_6619744_0010	Interior_A	True	False	-160.00000000000014	-159.99999999999957	incomplete_strict_phone_support_for_nine_point_cpps_trajectory
LA_T_6619744_0010	Interior_B	True	False	-80.00000000000185	-80.0000000000013	incomplete_strict_phone_support_for_nine_point_cpps_trajectory
LA_T_6619744_0011	Boundary	True	True			
LA_T_6619744_0011	Interior_A	True	False	-80.00000000000185	-80.0000000000013	incomplete_strict_phone_support_for_nine_point_cpps_trajectory
LA_T_6619744_0011	Interior_B	True	False	-160.00000000000014	-159.99999999999957	incomplete_strict_phone_support_for_nine_point_cpps_trajectory
LA_T_6619744_0014	Boundary	True	True			
LA_T_6619744_0014	Interior_A	True	False	-79.9999999999983	-80.00000000000485	incomplete_strict_phone_support_for_nine_point_cpps_trajectory
LA_T_6619744_0014	Interior_B	True	False	-159.9999999999966	-160.00000000000313	incomplete_strict_phone_support_for_nine_point_cpps_trajectory
LA_T_6619744_0015	Boundary	True	True			
LA_T_6619744_0015	Interior_A	True	False	-159.9999999999966	-160.00000000000313	incomplete_strict_phone_support_for_nine_point_cpps_trajectory
LA_T_6619744_0015	Interior_B	True	False	0.0	5.551115123125783e-13	incomplete_strict_phone_support_for_nine_point_cpps_trajectory
LA_T_6619744_0016	Boundary	True	True			
LA_T_6619744_0016	Interior_A	True	False	0.0	5.551115123125783e-13	incomplete_strict_phone_support_for_nine_point_cpps_trajectory
LA_T_6619744_0016	Interior_B	True	False	-79.9999999999983	-80.00000000000485	incomplete_strict_phone_support_for_nine_point_cpps_trajectory
LA_T_6619744_0017	Boundary	True	True			
LA_T_6619744_0017	Interior_A	True	False	-79.9999999999983	-80.00000000000485	incomplete_strict_phone_support_for_nine_point_cpps_trajectory
LA_T_6619744_0017	Interior_B	True	True	560.0000000000023	560.0000000000028	
LA_T_6621552_0004	Boundary	True	False			official_v6_boundary_cpps_invalid_or_incomplete_support
LA_T_6621552_0004	Interior_A	True	True	400.00000000000034	400.0	
LA_T_6621552_0004	Interior_B	True	False	-80.00000000000007	-79.99999999999952	incomplete_strict_phone_support_for_nine_point_cpps_trajectory
LA_T_6621552_0005	Boundary	True	False			official_v6_boundary_cpps_invalid_or_incomplete_support
LA_T_6621552_0005	Interior_A	True	False	-80.00000000000007	-79.99999999999952	incomplete_strict_phone_support_for_nine_point_cpps_trajectory
LA_T_6621552_0005	Interior_B	True	True	160.00000000000014	159.99999999999892	
LA_T_6621552_0006	Boundary	True	False			official_v6_boundary_cpps_invalid_or_incomplete_support
LA_T_6621552_0006	Interior_A	True	True	160.00000000000014	159.99999999999892	
LA_T_6621552_0006	Interior_B	True	True	80.00000000000007	79.99999999999885	
LA_T_6621552_0009	Boundary	True	False			official_v6_boundary_cpps_invalid_or_incomplete_support
LA_T_6621552_0009	Interior_A	True	False	-80.00000000000185	-79.99999999999952	incomplete_strict_phone_support_for_nine_point_cpps_trajectory
LA_T_6621552_0009	Interior_B	True	False	-80.00000000000007	-79.99999999999952	incomplete_strict_phone_support_for_nine_point_cpps_trajectory
LA_T_6621552_0013	Boundary	True	True			
LA_T_6621552_0013	Interior_A	True	False	-80.00000000000007	-79.99999999999952	incomplete_strict_phone_support_for_nine_point_cpps_trajectory
LA_T_6621552_0013	Interior_B	True	False	0.0	5.551115123125783e-13	incomplete_strict_phone_support_for_nine_point_cpps_trajectory
LA_T_6621552_0019	Boundary	True	True			
LA_T_6621552_0019	Interior_A	True	False	-160.00000000000014	-160.00000000000313	incomplete_strict_phone_support_for_nine_point_cpps_trajectory
LA_T_6621552_0019	Interior_B	True	False	0.0	5.551115123125783e-13	incomplete_strict_phone_support_for_nine_point_cpps_trajectory
LA_T_6621552_0020	Boundary	True	True			
LA_T_6621552_0020	Interior_A	True	False	0.0	5.551115123125783e-13	incomplete_strict_phone_support_for_nine_point_cpps_trajectory
LA_T_6621552_0020	Interior_B	True	True	239.99999999999844	240.00000000000256	
LA_T_6621552_0021	Boundary	True	False			official_v6_boundary_cpps_invalid_or_incomplete_support
LA_T_6621552_0021	Interior_A	True	True	239.99999999999844	240.00000000000256	
LA_T_6621552_0021	Interior_B	True	True	159.9999999999966	160.0000000000007	
LA_T_6621552_0025	Boundary	True	False			official_v6_boundary_cpps_invalid_or_incomplete_support
LA_T_6621552_0025	Interior_A	True	True	79.9999999999983	80.0000000000024	
LA_T_6621552_0025	Interior_B	True	False	-3.552713678800501e-12	5.551115123125783e-13	incomplete_strict_phone_support_for_nine_point_cpps_trajectory
LA_T_6621552_0026	Boundary	True	False			official_v6_boundary_cpps_invalid_or_incomplete_support
LA_T_6621552_0026	Interior_A	True	False	-3.552713678800501e-12	5.551115123125783e-13	incomplete_strict_phone_support_for_nine_point_cpps_trajectory
LA_T_6621552_0026	Interior_B	True	False	-79.9999999999983	-80.0000000000013	incomplete_strict_phone_support_for_nine_point_cpps_trajectory
LA_T_6621552_0034	Boundary	True	True			
LA_T_6621552_0034	Interior_A	True	False	-79.9999999999983	-79.99999999999774	incomplete_strict_phone_support_for_nine_point_cpps_trajectory
LA_T_6621552_0034	Interior_B	True	False	0.0	5.551115123125783e-13	incomplete_strict_phone_support_for_nine_point_cpps_trajectory
LA_T_6621552_0037	Boundary	True	True			
LA_T_6621552_0037	Interior_A	True	False	0.0	5.551115123125783e-13	incomplete_strict_phone_support_for_nine_point_cpps_trajectory
LA_T_6621552_0037	Interior_B	True	False	-79.9999999999983	-80.00000000000485	incomplete_strict_phone_support_for_nine_point_cpps_trajectory
LA_T_6621552_0040	Boundary	True	True			
LA_T_6621552_0040	Interior_A	True	True	320.0000000000003	320.00000000000085	
LA_T_6621552_0040	Interior_B	True	False	-79.9999999999983	-80.00000000000485	incomplete_strict_phone_support_for_nine_point_cpps_trajectory
LA_T_6621552_0041	Boundary	True	True			
LA_T_6621552_0041	Interior_A	True	False	-79.9999999999983	-80.00000000000485	incomplete_strict_phone_support_for_nine_point_cpps_trajectory
LA_T_6621552_0041	Interior_B	True	True	79.9999999999983	80.00000000000595	
LA_T_6621552_0046	Boundary	True	False			official_v6_boundary_cpps_invalid_or_incomplete_support
LA_T_6621552_0046	Interior_A	True	False	-160.0000000000037	-159.99999999999602	incomplete_strict_phone_support_for_nine_point_cpps_trajectory
LA_T_6621552_0046	Interior_B	True	False	-159.9999999999966	-160.00000000000313	incomplete_strict_phone_support_for_nine_point_cpps_trajectory
LA_T_6621552_0047	Boundary	True	False			official_v6_boundary_cpps_invalid_or_incomplete_support
LA_T_6621552_0047	Interior_A	True	False	-159.9999999999966	-160.00000000000313	incomplete_strict_phone_support_for_nine_point_cpps_trajectory
LA_T_6621552_0047	Interior_B	True	False	-7.105427357601002e-12	5.551115123125783e-13	incomplete_strict_phone_support_for_nine_point_cpps_trajectory
LA_T_6621552_0048	Boundary	True	True			
LA_T_6621552_0048	Interior_A	True	False	-7.105427357601002e-12	5.551115123125783e-13	incomplete_strict_phone_support_for_nine_point_cpps_trajectory
LA_T_6621552_0048	Interior_B	True	True	320.0000000000003	320.00000000000085	
LA_T_6621858_0004	Boundary	True	True			
LA_T_6621858_0004	Interior_A	True	True	80.00000000000007	79.99999999999974	
LA_T_6621858_0004	Interior_B	True	True	80.00000000000007	80.00000000000063	
LA_T_6621858_0005	Boundary	True	True			
LA_T_6621858_0005	Interior_A	True	True	80.00000000000007	80.00000000000063	
LA_T_6621858_0005	Interior_B	True	False	-160.00000000000014	-160.00000000000136	incomplete_strict_phone_support_for_nine_point_cpps_trajectory
LA_T_6621858_0008	Boundary	True	True			
LA_T_6621858_0008	Interior_A	True	True	319.9999999999985	320.00000000000085	
LA_T_6621858_0008	Interior_B	True	False	-160.00000000000014	-159.99999999999957	incomplete_strict_phone_support_for_nine_point_cpps_trajectory
LA_T_6621858_0009	Boundary	True	True			
LA_T_6621858_0009	Interior_A	True	False	-160.00000000000014	-159.99999999999957	incomplete_strict_phone_support_for_nine_point_cpps_trajectory
LA_T_6621858_0009	Interior_B	True	False	-160.00000000000014	-160.00000000000136	incomplete_strict_phone_support_for_nine_point_cpps_trajectory
LA_T_6621858_0012	Boundary	True	False			official_v6_boundary_cpps_invalid_or_incomplete_support
LA_T_6621858_0012	Interior_A	True	False	-160.00000000000193	-159.99999999999957	incomplete_strict_phone_support_for_nine_point_cpps_trajectory
LA_T_6621858_0012	Interior_B	True	True	79.9999999999983	80.0000000000024	
LA_T_6621858_0014	Boundary	True	False			official_v6_boundary_cpps_invalid_or_incomplete_support
LA_T_6621858_0014	Interior_A	True	False	-160.00000000000014	-160.00000000000313	incomplete_strict_phone_support_for_nine_point_cpps_trajectory
LA_T_6621858_0014	Interior_B	True	True	239.99999999999844	240.00000000000256	
LA_T_6621858_0017	Boundary	True	True			
LA_T_6621858_0017	Interior_A	True	False	-160.00000000000014	-159.99999999999957	incomplete_strict_phone_support_for_nine_point_cpps_trajectory
LA_T_6621858_0017	Interior_B	True	False	-80.00000000000185	-80.0000000000013	incomplete_strict_phone_support_for_nine_point_cpps_trajectory
LA_T_6621858_0018	Boundary	True	True			
LA_T_6621858_0018	Interior_A	True	False	-80.00000000000185	-80.0000000000013	incomplete_strict_phone_support_for_nine_point_cpps_trajectory
LA_T_6621858_0018	Interior_B	True	False	0.0	5.551115123125783e-13	incomplete_strict_phone_support_for_nine_point_cpps_trajectory
LA_T_6621858_0019	Boundary	True	True			
LA_T_6621858_0019	Interior_A	True	False	0.0	5.551115123125783e-13	incomplete_strict_phone_support_for_nine_point_cpps_trajectory
LA_T_6621858_0019	Interior_B	True	False	-80.00000000000185	-79.99999999999774	incomplete_strict_phone_support_for_nine_point_cpps_trajectory
LA_T_6621858_0020	Boundary	True	True			
LA_T_6621858_0020	Interior_A	True	False	-80.00000000000185	-79.99999999999774	incomplete_strict_phone_support_for_nine_point_cpps_trajectory
LA_T_6621858_0020	Interior_B	True	True	159.9999999999966	160.0000000000007	
LA_T_6621858_0021	Boundary	True	False			official_v6_boundary_cpps_invalid_or_incomplete_support
LA_T_6621858_0021	Interior_A	True	True	159.9999999999966	160.0000000000007	
LA_T_6621858_0021	Interior_B	True	True	240.000000000002	239.999999999999	
LA_T_6621858_0025	Boundary	True	False			official_v6_boundary_cpps_invalid_or_incomplete_support
LA_T_6621858_0025	Interior_A	True	True	480.00000000000045	480.00000000000097	
LA_T_6621858_0025	Interior_B	True	True	960.0000000000009	960.0000000000014	
LA_T_6621933_0000	Boundary	True	False			official_v6_boundary_cpps_invalid_or_incomplete_support
LA_T_6621933_0000	Interior_A	True	False	-80.00000000000007	-79.99999999999952	incomplete_strict_phone_support_for_nine_point_cpps_trajectory
LA_T_6621933_0000	Interior_B	True	False	0.0	-1.2212453270876722e-12	incomplete_strict_phone_support_for_nine_point_cpps_trajectory
LA_T_6621933_0001	Boundary	True	False			official_v6_boundary_cpps_invalid_or_incomplete_support
LA_T_6621933_0001	Interior_A	True	False	0.0	-1.2212453270876722e-12	incomplete_strict_phone_support_for_nine_point_cpps_trajectory
LA_T_6621933_0001	Interior_B	True	False	-160.00000000000014	-159.99999999999957	incomplete_strict_phone_support_for_nine_point_cpps_trajectory
LA_T_6621933_0002	Boundary	True	True			
LA_T_6621933_0002	Interior_A	True	False	-160.00000000000014	-159.99999999999957	incomplete_strict_phone_support_for_nine_point_cpps_trajectory
LA_T_6621933_0002	Interior_B	True	False	-80.00000000000007	-80.0000000000013	incomplete_strict_phone_support_for_nine_point_cpps_trajectory
LA_T_6621933_0005	Boundary	True	False			official_v6_boundary_cpps_invalid_or_incomplete_support
LA_T_6621933_0005	Interior_A	True	True	399.9999999999986	400.0000000000009	
LA_T_6621933_0005	Interior_B	True	True	239.99999999999844	240.00000000000077	
LA_T_6621933_0006	Boundary	True	False			official_v6_boundary_cpps_invalid_or_incomplete_support
LA_T_6621933_0006	Interior_A	True	True	239.99999999999844	240.00000000000077	
LA_T_6621933_0006	Interior_B	True	True	80.00000000000185	79.99999999999885	
LA_T_6621933_0007	Boundary	True	True			
LA_T_6621933_0007	Interior_A	True	True	80.00000000000185	79.99999999999885	
LA_T_6621933_0007	Interior_B	True	False	-3.552713678800501e-12	5.551115123125783e-13	incomplete_strict_phone_support_for_nine_point_cpps_trajectory
LA_T_6621933_0008	Boundary	True	True			
LA_T_6621933_0008	Interior_A	True	False	-3.552713678800501e-12	5.551115123125783e-13	incomplete_strict_phone_support_for_nine_point_cpps_trajectory
LA_T_6621933_0008	Interior_B	True	True	80.00000000000185	79.99999999999885	
LA_T_6621933_0009	Boundary	True	True			
LA_T_6621933_0009	Interior_A	True	True	80.00000000000185	79.99999999999885	
LA_T_6621933_0009	Interior_B	True	False	-160.00000000000014	-159.99999999999957	incomplete_strict_phone_support_for_nine_point_cpps_trajectory
LA_T_6621933_0010	Boundary	True	True			
LA_T_6621933_0010	Interior_A	True	False	-160.00000000000014	-159.99999999999957	incomplete_strict_phone_support_for_nine_point_cpps_trajectory
LA_T_6621933_0010	Interior_B	True	True	399.9999999999986	399.99999999999915	
LA_T_6621933_0011	Boundary	True	False			official_v6_boundary_cpps_invalid_or_incomplete_support
LA_T_6621933_0011	Interior_A	True	True	399.9999999999986	399.99999999999915	
LA_T_6621933_0011	Interior_B	True	True	239.99999999999844	240.00000000000256	
LA_T_6621933_0012	Boundary	True	False			official_v6_boundary_cpps_invalid_or_incomplete_support
LA_T_6621933_0012	Interior_A	True	True	239.99999999999844	240.00000000000256	
LA_T_6621933_0012	Interior_B	True	True	239.99999999999844	239.999999999999	
LA_T_6621933_0013	Boundary	True	True			
LA_T_6621933_0013	Interior_A	True	True	239.99999999999844	239.999999999999	
LA_T_6621933_0013	Interior_B	True	True	480.00000000000045	480.00000000000097	
LA_T_6621933_0015	Boundary	True	False			official_v6_boundary_cpps_invalid_or_incomplete_support
LA_T_6621933_0015	Interior_A	True	True	80.00000000000185	79.99999999999885	
LA_T_6621933_0015	Interior_B	True	False	0.0	5.551115123125783e-13	incomplete_strict_phone_support_for_nine_point_cpps_trajectory
LA_T_6621933_0018	Boundary	True	False			official_v6_boundary_cpps_invalid_or_incomplete_support
LA_T_6621933_0018	Interior_A	True	False	-159.9999999999966	-160.00000000000313	incomplete_strict_phone_support_for_nine_point_cpps_trajectory
LA_T_6621933_0018	Interior_B	True	True	159.9999999999966	159.99999999999716	
LA_T_6621933_0021	Boundary	True	False			official_v6_boundary_cpps_invalid_or_incomplete_support
LA_T_6621933_0021	Interior_A	True	True	159.9999999999966	160.00000000000426	
LA_T_6621933_0021	Interior_B	True	False	-80.0000000000054	-79.99999999999774	incomplete_strict_phone_support_for_nine_point_cpps_trajectory
LA_T_6621933_0022	Boundary	True	False			official_v6_boundary_cpps_invalid_or_incomplete_support
LA_T_6621933_0022	Interior_A	True	False	-80.0000000000054	-79.99999999999774	incomplete_strict_phone_support_for_nine_point_cpps_trajectory
LA_T_6621933_0022	Interior_B	True	True	79.9999999999983	79.99999999999885	
LA_T_6621933_0026	Boundary	True	True			
LA_T_6621933_0026	Interior_A	True	True	79.9999999999983	79.99999999999885	
LA_T_6621933_0026	Interior_B	True	False	-79.9999999999983	-80.00000000000485	incomplete_strict_phone_support_for_nine_point_cpps_trajectory
LA_T_6621933_0027	Boundary	True	True			
LA_T_6621933_0027	Interior_A	True	False	-79.9999999999983	-80.00000000000485	incomplete_strict_phone_support_for_nine_point_cpps_trajectory
LA_T_6621933_0027	Interior_B	True	True	79.9999999999983	80.00000000000595	
LA_T_6621933_0028	Boundary	True	True			
LA_T_6621933_0028	Interior_A	True	True	79.9999999999983	80.00000000000595	
LA_T_6621933_0028	Interior_B	True	False	-160.0000000000037	-160.00000000000313	incomplete_strict_phone_support_for_nine_point_cpps_trajectory
LA_T_6621933_0029	Boundary	True	True			
LA_T_6621933_0029	Interior_A	True	False	-160.0000000000037	-160.00000000000313	incomplete_strict_phone_support_for_nine_point_cpps_trajectory
LA_T_6621933_0029	Interior_B	True	False	-159.9999999999966	-160.00000000000313	incomplete_strict_phone_support_for_nine_point_cpps_trajectory
LA_T_6621933_0030	Boundary	True	True			
LA_T_6621933_0030	Interior_A	True	False	-159.9999999999966	-160.00000000000313	incomplete_strict_phone_support_for_nine_point_cpps_trajectory
LA_T_6621933_0030	Interior_B	True	True	79.9999999999983	80.00000000000595	
LA_T_6621933_0031	Boundary	True	True			
LA_T_6621933_0031	Interior_A	True	True	79.9999999999983	80.00000000000595	
LA_T_6621933_0031	Interior_B	True	True	559.9999999999952	560.0000000000028	
LA_T_6621933_0034	Boundary	True	False			official_v6_boundary_cpps_invalid_or_incomplete_support
LA_T_6621933_0034	Interior_A	True	False	-79.9999999999983	-80.00000000000485	incomplete_strict_phone_support_for_nine_point_cpps_trajectory
LA_T_6621933_0034	Interior_B	True	False	-79.9999999999983	-79.99999999999774	incomplete_strict_phone_support_for_nine_point_cpps_trajectory
LA_T_6621933_0039	Boundary	True	False			official_v6_boundary_cpps_invalid_or_incomplete_support
LA_T_6621933_0039	Interior_A	True	True	480.000000000004	479.99999999999744	
LA_T_6621933_0039	Interior_B	True	True	240.000000000002	240.00000000000256	
LA_T_6621933_0040	Boundary	True	False			official_v6_boundary_cpps_invalid_or_incomplete_support
LA_T_6621933_0040	Interior_A	True	True	240.000000000002	240.00000000000256	
LA_T_6621933_0040	Interior_B	True	False	-159.9999999999966	-160.00000000001023	incomplete_strict_phone_support_for_nine_point_cpps_trajectory
LA_T_6621933_0045	Boundary	True	False			official_v6_boundary_cpps_invalid_or_incomplete_support
LA_T_6621933_0045	Interior_A	True	False	0.0	5.551115123125783e-13	incomplete_strict_phone_support_for_nine_point_cpps_trajectory
LA_T_6621933_0045	Interior_B	True	False	0.0	5.551115123125783e-13	incomplete_strict_phone_support_for_nine_point_cpps_trajectory
LA_T_6621933_0046	Boundary	True	False			official_v6_boundary_cpps_invalid_or_incomplete_support
LA_T_6621933_0046	Interior_A	True	False	0.0	5.551115123125783e-13	incomplete_strict_phone_support_for_nine_point_cpps_trajectory
LA_T_6621933_0046	Interior_B	True	False	-79.9999999999983	-80.00000000001195	incomplete_strict_phone_support_for_nine_point_cpps_trajectory
LA_T_6621933_0049	Boundary	True	False			official_v6_boundary_cpps_invalid_or_incomplete_support
LA_T_6621933_0049	Interior_A	True	True	80.0000000000125	79.99999999999885	
LA_T_6621933_0049	Interior_B	True	True	79.9999999999983	79.99999999999885	
LA_T_6621933_0052	Boundary	True	False			official_v6_boundary_cpps_invalid_or_incomplete_support
LA_T_6621933_0052	Interior_A	True	True	159.9999999999966	159.99999999999716	
LA_T_6621933_0052	Interior_B	True	False	0.0	5.551115123125783e-13	incomplete_strict_phone_support_for_nine_point_cpps_trajectory
LA_T_6622713_0000	Boundary	True	False			official_v6_boundary_cpps_invalid_or_incomplete_support
LA_T_6622713_0000	Interior_A	True	True	160.00000000000014	159.9999999999998	
LA_T_6622713_0000	Interior_B	True	True	80.00000000000007	80.00000000000063	
LA_T_6622713_0001	Boundary	True	False			official_v6_boundary_cpps_invalid_or_incomplete_support
LA_T_6622713_0001	Interior_A	True	True	80.00000000000007	80.00000000000063	
LA_T_6622713_0001	Interior_B	True	True	79.9999999999983	80.00000000000063	
LA_T_6622713_0004	Boundary	True	True			
LA_T_6622713_0004	Interior_A	True	False	-1.7763568394002505e-12	5.551115123125783e-13	incomplete_strict_phone_support_for_nine_point_cpps_trajectory
LA_T_6622713_0004	Interior_B	True	False	-80.00000000000007	-79.99999999999952	incomplete_strict_phone_support_for_nine_point_cpps_trajectory
LA_T_6622713_0012	Boundary	True	True			
LA_T_6622713_0012	Interior_A	True	False	-160.0000000000037	-159.99999999999957	incomplete_strict_phone_support_for_nine_point_cpps_trajectory
LA_T_6622713_0012	Interior_B	True	True	80.00000000000185	79.99999999999885	
LA_T_6622713_0013	Boundary	True	True			
LA_T_6622713_0013	Interior_A	True	True	80.00000000000185	79.99999999999885	
LA_T_6622713_0013	Interior_B	True	False	-160.00000000000014	-159.99999999999957	incomplete_strict_phone_support_for_nine_point_cpps_trajectory
LA_T_6622713_0014	Boundary	True	True			
LA_T_6622713_0014	Interior_A	True	False	-160.00000000000014	-159.99999999999957	incomplete_strict_phone_support_for_nine_point_cpps_trajectory
LA_T_6622713_0014	Interior_B	True	False	-80.00000000000185	-80.0000000000013	incomplete_strict_phone_support_for_nine_point_cpps_trajectory
LA_T_6622713_0015	Boundary	True	False			official_v6_boundary_cpps_invalid_or_incomplete_support
LA_T_6622713_0015	Interior_A	True	False	-80.00000000000185	-80.0000000000013	incomplete_strict_phone_support_for_nine_point_cpps_trajectory
LA_T_6622713_0015	Interior_B	True	True	160.00000000000014	160.0000000000007	
LA_T_6622713_0016	Boundary	True	False			official_v6_boundary_cpps_invalid_or_incomplete_support
LA_T_6622713_0016	Interior_A	True	True	160.00000000000014	160.0000000000007	
LA_T_6622713_0016	Interior_B	True	False	-160.00000000000014	-159.99999999999957	incomplete_strict_phone_support_for_nine_point_cpps_trajectory
LA_T_6622713_0017	Boundary	True	False			official_v6_boundary_cpps_invalid_or_incomplete_support
LA_T_6622713_0017	Interior_A	True	False	-160.00000000000014	-159.99999999999957	incomplete_strict_phone_support_for_nine_point_cpps_trajectory
LA_T_6622713_0017	Interior_B	True	False	0.0	-2.9976021664879227e-12	incomplete_strict_phone_support_for_nine_point_cpps_trajectory
LA_T_6622713_0018	Boundary	True	True			
LA_T_6622713_0018	Interior_A	True	False	0.0	-2.9976021664879227e-12	incomplete_strict_phone_support_for_nine_point_cpps_trajectory
LA_T_6622713_0018	Interior_B	True	False	-80.00000000000185	-79.99999999999774	incomplete_strict_phone_support_for_nine_point_cpps_trajectory
LA_T_6622713_0022	Boundary	True	True			
LA_T_6622713_0022	Interior_A	True	False	-160.00000000000014	-160.00000000000313	incomplete_strict_phone_support_for_nine_point_cpps_trajectory
LA_T_6622713_0022	Interior_B	True	True	80.00000000000185	79.99999999999885	
LA_T_6622713_0023	Boundary	True	True			
LA_T_6622713_0023	Interior_A	True	True	80.00000000000185	79.99999999999885	
LA_T_6622713_0023	Interior_B	True	True	479.9999999999969	480.00000000000455	
LA_T_6624699_0000	Boundary	True	True			
LA_T_6624699_0000	Interior_A	True	False	0.0	5.551115123125783e-13	incomplete_strict_phone_support_for_nine_point_cpps_trajectory
LA_T_6624699_0000	Interior_B	True	False	0.0	5.551115123125783e-13	incomplete_strict_phone_support_for_nine_point_cpps_trajectory
LA_T_6624699_0003	Boundary	True	True			
LA_T_6624699_0003	Interior_A	True	True	160.00000000000014	160.0000000000007	
LA_T_6624699_0003	Interior_B	True	False	-160.00000000000014	-159.99999999999957	incomplete_strict_phone_support_for_nine_point_cpps_trajectory
LA_T_6624699_0004	Boundary	True	True			
LA_T_6624699_0004	Interior_A	True	False	-160.00000000000014	-159.99999999999957	incomplete_strict_phone_support_for_nine_point_cpps_trajectory
LA_T_6624699_0004	Interior_B	True	False	-160.00000000000014	-160.00000000000313	incomplete_strict_phone_support_for_nine_point_cpps_trajectory
LA_T_6624699_0006	Boundary	True	False			official_v6_boundary_cpps_invalid_or_incomplete_support
LA_T_6624699_0006	Interior_A	True	False	-160.00000000000014	-159.99999999999957	incomplete_strict_phone_support_for_nine_point_cpps_trajectory
LA_T_6624699_0006	Interior_B	True	True	240.000000000002	239.999999999999	
LA_T_6624699_0007	Boundary	True	False			official_v6_boundary_cpps_invalid_or_incomplete_support
LA_T_6624699_0007	Interior_A	True	True	240.000000000002	239.999999999999	
LA_T_6624699_0007	Interior_B	True	False	-160.00000000000014	-159.99999999999957	incomplete_strict_phone_support_for_nine_point_cpps_trajectory
LA_T_6624699_0008	Boundary	True	False			official_v6_boundary_cpps_invalid_or_incomplete_support
LA_T_6624699_0008	Interior_A	True	False	-160.00000000000014	-159.99999999999957	incomplete_strict_phone_support_for_nine_point_cpps_trajectory
LA_T_6624699_0008	Interior_B	True	True	239.99999999999844	239.999999999999	
LA_T_6624699_0012	Boundary	True	False			official_v6_boundary_cpps_invalid_or_incomplete_support
LA_T_6624699_0012	Interior_A	True	False	-160.0000000000037	-159.99999999999602	incomplete_strict_phone_support_for_nine_point_cpps_trajectory
LA_T_6624699_0012	Interior_B	True	True	320.0000000000003	320.00000000000085	
LA_T_6624699_0016	Boundary	True	True			
LA_T_6624699_0016	Interior_A	True	False	-79.9999999999983	-80.00000000000485	incomplete_strict_phone_support_for_nine_point_cpps_trajectory
LA_T_6624699_0016	Interior_B	True	False	-159.9999999999966	-160.00000000000313	incomplete_strict_phone_support_for_nine_point_cpps_trajectory
LA_T_6624699_0017	Boundary	True	False			official_v6_boundary_cpps_invalid_or_incomplete_support
LA_T_6624699_0017	Interior_A	True	False	-159.9999999999966	-160.00000000000313	incomplete_strict_phone_support_for_nine_point_cpps_trajectory
LA_T_6624699_0017	Interior_B	True	True	160.0000000000037	159.99999999999716	
LA_T_6624699_0018	Boundary	True	False			official_v6_boundary_cpps_invalid_or_incomplete_support
LA_T_6624699_0018	Interior_A	True	True	160.0000000000037	159.99999999999716	
LA_T_6624699_0018	Interior_B	True	False	-159.9999999999966	-160.00000000000313	incomplete_strict_phone_support_for_nine_point_cpps_trajectory
LA_T_6624699_0019	Boundary	True	False			official_v6_boundary_cpps_invalid_or_incomplete_support
LA_T_6624699_0019	Interior_A	True	False	-159.9999999999966	-160.00000000000313	incomplete_strict_phone_support_for_nine_point_cpps_trajectory
LA_T_6624699_0019	Interior_B	True	False	-80.0000000000054	-79.99999999999774	incomplete_strict_phone_support_for_nine_point_cpps_trajectory
LA_T_6624699_0023	Boundary	True	False			official_v6_boundary_cpps_invalid_or_incomplete_support
LA_T_6624699_0023	Interior_A	True	False	-79.9999999999983	-79.99999999999774	incomplete_strict_phone_support_for_nine_point_cpps_trajectory
LA_T_6624699_0023	Interior_B	True	False	-159.9999999999966	-160.00000000000313	incomplete_strict_phone_support_for_nine_point_cpps_trajectory
LA_T_6624699_0026	Boundary	True	True			
LA_T_6624699_0026	Interior_A	True	False	-159.9999999999966	-160.00000000000313	incomplete_strict_phone_support_for_nine_point_cpps_trajectory
LA_T_6624699_0026	Interior_B	True	False	-160.0000000000037	-159.99999999999602	incomplete_strict_phone_support_for_nine_point_cpps_trajectory
LA_T_6624699_0029	Boundary	True	True			
LA_T_6624699_0029	Interior_A	True	False	-80.0000000000054	-79.99999999999774	incomplete_strict_phone_support_for_nine_point_cpps_trajectory
LA_T_6624699_0029	Interior_B	True	False	-159.9999999999966	-160.00000000000313	incomplete_strict_phone_support_for_nine_point_cpps_trajectory
LA_T_6624699_0030	Boundary	True	False			official_v6_boundary_cpps_invalid_or_incomplete_support
LA_T_6624699_0030	Interior_A	True	False	-159.9999999999966	-160.00000000000313	incomplete_strict_phone_support_for_nine_point_cpps_trajectory
LA_T_6624699_0030	Interior_B	True	False	-79.9999999999983	-80.00000000000485	incomplete_strict_phone_support_for_nine_point_cpps_trajectory
LA_T_6624699_0035	Boundary	True	False			official_v6_boundary_cpps_invalid_or_incomplete_support
LA_T_6624699_0035	Interior_A	True	True	80.0000000000054	79.99999999999885	
LA_T_6624699_0035	Interior_B	True	False	-160.0000000000037	-160.00000000000313	incomplete_strict_phone_support_for_nine_point_cpps_trajectory
LA_T_6624699_0036	Boundary	True	True			
LA_T_6624699_0036	Interior_A	True	False	-160.0000000000037	-160.00000000000313	incomplete_strict_phone_support_for_nine_point_cpps_trajectory
LA_T_6624699_0036	Interior_B	True	False	-159.9999999999966	-160.00000000000313	incomplete_strict_phone_support_for_nine_point_cpps_trajectory
LA_T_6624699_0037	Boundary	True	False			official_v6_boundary_cpps_invalid_or_incomplete_support
LA_T_6624699_0037	Interior_A	True	False	-159.9999999999966	-160.00000000000313	incomplete_strict_phone_support_for_nine_point_cpps_trajectory
LA_T_6624699_0037	Interior_B	True	False	-79.9999999999983	-79.99999999999774	incomplete_strict_phone_support_for_nine_point_cpps_trajectory
LA_T_6624699_0038	Boundary	True	False			official_v6_boundary_cpps_invalid_or_incomplete_support
LA_T_6624699_0038	Interior_A	True	False	-79.9999999999983	-79.99999999999774	incomplete_strict_phone_support_for_nine_point_cpps_trajectory
LA_T_6624699_0038	Interior_B	True	True	399.9999999999986	399.99999999999915	
LA_T_6624699_0039	Boundary	True	True			
LA_T_6624699_0039	Interior_A	True	True	399.9999999999986	399.99999999999915	
LA_T_6624699_0039	Interior_B	True	True	79.9999999999983	79.99999999999885	
LA_T_6624699_0040	Boundary	True	True			
LA_T_6624699_0040	Interior_A	True	True	79.9999999999983	79.99999999999885	
LA_T_6624699_0040	Interior_B	True	False	-159.9999999999966	-160.00000000000313	incomplete_strict_phone_support_for_nine_point_cpps_trajectory
LA_T_6624699_0041	Boundary	True	False			official_v6_boundary_cpps_invalid_or_incomplete_support
LA_T_6624699_0041	Interior_A	True	False	-159.9999999999966	-160.00000000000313	incomplete_strict_phone_support_for_nine_point_cpps_trajectory
LA_T_6624699_0041	Interior_B	True	False	-79.9999999999983	-79.99999999999774	incomplete_strict_phone_support_for_nine_point_cpps_trajectory
LA_T_6624699_0042	Boundary	True	False			official_v6_boundary_cpps_invalid_or_incomplete_support
LA_T_6624699_0042	Interior_A	True	False	-79.9999999999983	-79.99999999999774	incomplete_strict_phone_support_for_nine_point_cpps_trajectory
LA_T_6624699_0042	Interior_B	True	True	239.99999999999488	239.99999999999545	
LA_T_6624699_0043	Boundary	True	True			
LA_T_6624699_0043	Interior_A	True	True	239.99999999999488	239.99999999999545	
LA_T_6624699_0043	Interior_B	True	False	-79.9999999999983	-79.99999999999774	incomplete_strict_phone_support_for_nine_point_cpps_trajectory
LA_T_6624699_0044	Boundary	True	True			
LA_T_6624699_0044	Interior_A	True	False	-79.9999999999983	-79.99999999999774	incomplete_strict_phone_support_for_nine_point_cpps_trajectory
LA_T_6624699_0044	Interior_B	True	True	400.0000000000057	399.99999999999204	
LA_T_6624699_0045	Boundary	True	True			
LA_T_6624699_0045	Interior_A	True	True	400.0000000000057	399.99999999999204	
LA_T_6624699_0045	Interior_B	True	False	0.0	5.551115123125783e-13	incomplete_strict_phone_support_for_nine_point_cpps_trajectory
LA_T_6624699_0046	Boundary	True	True			
LA_T_6624699_0046	Interior_A	True	False	0.0	5.551115123125783e-13	incomplete_strict_phone_support_for_nine_point_cpps_trajectory
LA_T_6624699_0046	Interior_B	True	False	-159.9999999999966	-159.99999999999602	incomplete_strict_phone_support_for_nine_point_cpps_trajectory
LA_T_6624699_0047	Boundary	True	False			official_v6_boundary_cpps_invalid_or_incomplete_support
LA_T_6624699_0047	Interior_A	True	False	-159.9999999999966	-159.99999999999602	incomplete_strict_phone_support_for_nine_point_cpps_trajectory
LA_T_6624699_0047	Interior_B	True	False	-1.4210854715202004e-11	5.551115123125783e-13	incomplete_strict_phone_support_for_nine_point_cpps_trajectory
LA_T_6624699_0050	Boundary	True	False			official_v6_boundary_cpps_invalid_or_incomplete_support
LA_T_6624699_0050	Interior_A	True	True	159.9999999999966	159.99999999999716	
LA_T_6624699_0050	Interior_B	True	True	479.99999999998977	480.00000000000455	
LA_T_6624699_0051	Boundary	True	True			
LA_T_6624699_0051	Interior_A	True	True	479.99999999998977	480.00000000000455	
LA_T_6624699_0051	Interior_B	True	True	400.0000000000057	400.00000000000625	
LA_T_6624699_0054	Boundary	True	False			official_v6_boundary_cpps_invalid_or_incomplete_support
LA_T_6624699_0054	Interior_A	True	True	160.0000000000108	159.99999999999716	
LA_T_6624699_0054	Interior_B	True	True	79.9999999999983	79.99999999999885	
LA_T_6624699_0055	Boundary	True	False			official_v6_boundary_cpps_invalid_or_incomplete_support
LA_T_6624699_0055	Interior_A	True	True	79.9999999999983	79.99999999999885	
LA_T_6624699_0055	Interior_B	True	False	-79.9999999999983	-79.99999999999774	incomplete_strict_phone_support_for_nine_point_cpps_trajectory
LA_T_6624699_0065	Boundary	True	True			
LA_T_6624699_0065	Interior_A	True	False	-79.9999999999983	-80.00000000001195	incomplete_strict_phone_support_for_nine_point_cpps_trajectory
LA_T_6624699_0065	Interior_B	True	False	-159.9999999999966	-159.99999999999602	incomplete_strict_phone_support_for_nine_point_cpps_trajectory
LA_T_6624699_0068	Boundary	True	False			official_v6_boundary_cpps_invalid_or_incomplete_support
LA_T_6624699_0068	Interior_A	True	False	0.0	5.551115123125783e-13	incomplete_strict_phone_support_for_nine_point_cpps_trajectory
LA_T_6624699_0068	Interior_B	True	False	-159.9999999999966	-160.00000000001023	incomplete_strict_phone_support_for_nine_point_cpps_trajectory
LA_T_6624699_0073	Boundary	True	True			
LA_T_6624699_0073	Interior_A	True	True	239.99999999999488	239.99999999999545	
LA_T_6624699_0073	Interior_B	True	False	-79.9999999999983	-79.99999999999774	incomplete_strict_phone_support_for_nine_point_cpps_trajectory
LA_T_6624699_0074	Boundary	True	True			
LA_T_6624699_0074	Interior_A	True	False	-79.9999999999983	-79.99999999999774	incomplete_strict_phone_support_for_nine_point_cpps_trajectory
LA_T_6624699_0074	Interior_B	True	False	-79.9999999999983	-79.99999999999774	incomplete_strict_phone_support_for_nine_point_cpps_trajectory
LA_T_6624699_0075	Boundary	True	True			
LA_T_6624699_0075	Interior_A	True	False	-79.9999999999983	-79.99999999999774	incomplete_strict_phone_support_for_nine_point_cpps_trajectory
LA_T_6624699_0075	Interior_B	True	True	399.9999999999915	400.00000000000625	
LA_T_6624740_0001	Boundary	True	True			
LA_T_6624740_0001	Interior_A	True	False	4.440892098500626e-13	-3.3306690738754696e-13	incomplete_strict_phone_support_for_nine_point_cpps_trajectory
LA_T_6624740_0001	Interior_B	True	False	0.0	5.551115123125783e-13	incomplete_strict_phone_support_for_nine_point_cpps_trajectory
LA_T_6624740_0006	Boundary	True	False			official_v6_boundary_cpps_invalid_or_incomplete_support
LA_T_6624740_0006	Interior_A	True	True	79.9999999999983	80.00000000000063	
LA_T_6624740_0006	Interior_B	True	False	0.0	5.551115123125783e-13	incomplete_strict_phone_support_for_nine_point_cpps_trajectory
LA_T_6624740_0008	Boundary	True	False			official_v6_boundary_cpps_invalid_or_incomplete_support
LA_T_6624740_0008	Interior_A	True	False	-160.00000000000193	-159.99999999999957	incomplete_strict_phone_support_for_nine_point_cpps_trajectory
LA_T_6624740_0008	Interior_B	True	True	79.9999999999983	80.00000000000063	
LA_T_6624740_0009	Boundary	True	False			official_v6_boundary_cpps_invalid_or_incomplete_support
LA_T_6624740_0009	Interior_A	True	True	79.9999999999983	80.00000000000063	
LA_T_6624740_0009	Interior_B	True	False	-160.00000000000014	-159.99999999999957	incomplete_strict_phone_support_for_nine_point_cpps_trajectory
LA_T_6624740_0017	Boundary	True	True			
LA_T_6624740_0017	Interior_A	True	False	-160.00000000000014	-159.99999999999957	incomplete_strict_phone_support_for_nine_point_cpps_trajectory
LA_T_6624740_0017	Interior_B	True	False	0.0	5.551115123125783e-13	incomplete_strict_phone_support_for_nine_point_cpps_trajectory
LA_T_6624740_0018	Boundary	True	True			
LA_T_6624740_0018	Interior_A	True	False	0.0	5.551115123125783e-13	incomplete_strict_phone_support_for_nine_point_cpps_trajectory
LA_T_6624740_0018	Interior_B	True	True	319.9999999999967	320.00000000000085	
LA_T_6624740_0021	Boundary	True	True			
LA_T_6624740_0021	Interior_A	True	False	-79.9999999999983	-80.0000000000013	incomplete_strict_phone_support_for_nine_point_cpps_trajectory
LA_T_6624740_0021	Interior_B	True	True	479.9999999999969	480.00000000000097	
LA_T_6624740_0024	Boundary	True	True			
LA_T_6624740_0024	Interior_A	True	False	0.0	5.551115123125783e-13	incomplete_strict_phone_support_for_nine_point_cpps_trajectory
LA_T_6624740_0024	Interior_B	True	True	79.9999999999983	80.00000000000595	
LA_T_6624740_0025	Boundary	True	True			
LA_T_6624740_0025	Interior_A	True	True	79.9999999999983	80.00000000000595	
LA_T_6624740_0025	Interior_B	True	False	0.0	-6.5503158452884236e-12	incomplete_strict_phone_support_for_nine_point_cpps_trajectory
LA_T_6624740_0026	Boundary	True	True			
LA_T_6624740_0026	Interior_A	True	False	0.0	-6.5503158452884236e-12	incomplete_strict_phone_support_for_nine_point_cpps_trajectory
LA_T_6624740_0026	Interior_B	True	False	-79.9999999999983	-79.99999999999774	incomplete_strict_phone_support_for_nine_point_cpps_trajectory
LA_T_6624740_0031	Boundary	True	False			official_v6_boundary_cpps_invalid_or_incomplete_support
LA_T_6624740_0031	Interior_A	True	False	-159.9999999999966	-160.00000000000313	incomplete_strict_phone_support_for_nine_point_cpps_trajectory
LA_T_6624740_0031	Interior_B	True	True	80.0000000000054	79.99999999999885	
LA_T_6624740_0034	Boundary	True	False			official_v6_boundary_cpps_invalid_or_incomplete_support
LA_T_6624740_0034	Interior_A	True	False	0.0	-6.5503158452884236e-12	incomplete_strict_phone_support_for_nine_point_cpps_trajectory
LA_T_6624740_0034	Interior_B	True	False	0.0	5.551115123125783e-13	incomplete_strict_phone_support_for_nine_point_cpps_trajectory
LA_T_6624740_0035	Boundary	True	False			official_v6_boundary_cpps_invalid_or_incomplete_support
LA_T_6624740_0035	Interior_A	True	False	0.0	5.551115123125783e-13	incomplete_strict_phone_support_for_nine_point_cpps_trajectory
LA_T_6624740_0035	Interior_B	True	False	-159.9999999999966	-160.00000000000313	incomplete_strict_phone_support_for_nine_point_cpps_trajectory
LA_T_6624740_0036	Boundary	True	False			official_v6_boundary_cpps_invalid_or_incomplete_support
LA_T_6624740_0036	Interior_A	True	False	-159.9999999999966	-160.00000000000313	incomplete_strict_phone_support_for_nine_point_cpps_trajectory
LA_T_6624740_0036	Interior_B	True	False	0.0	5.551115123125783e-13	incomplete_strict_phone_support_for_nine_point_cpps_trajectory
LA_T_6624740_0037	Boundary	True	False			official_v6_boundary_cpps_invalid_or_incomplete_support
LA_T_6624740_0037	Interior_A	True	False	0.0	5.551115123125783e-13	incomplete_strict_phone_support_for_nine_point_cpps_trajectory
LA_T_6624740_0037	Interior_B	True	True	159.9999999999966	160.00000000000426	
LA_T_6624740_0038	Boundary	True	True			
LA_T_6624740_0038	Interior_A	True	True	159.9999999999966	160.00000000000426	
LA_T_6624740_0038	Interior_B	True	False	-160.0000000000037	-159.99999999999602	incomplete_strict_phone_support_for_nine_point_cpps_trajectory
LA_T_6624740_0039	Boundary	True	True			
LA_T_6624740_0039	Interior_A	True	False	-160.0000000000037	-159.99999999999602	incomplete_strict_phone_support_for_nine_point_cpps_trajectory
LA_T_6624740_0039	Interior_B	True	False	-159.9999999999966	-160.00000000000313	incomplete_strict_phone_support_for_nine_point_cpps_trajectory
LA_T_6624740_0040	Boundary	True	False			official_v6_boundary_cpps_invalid_or_incomplete_support
LA_T_6624740_0040	Interior_A	True	False	-159.9999999999966	-160.00000000000313	incomplete_strict_phone_support_for_nine_point_cpps_trajectory
LA_T_6624740_0040	Interior_B	True	True	159.9999999999966	159.99999999999716	
LA_T_6625910_0000	Boundary	True	False			official_v6_boundary_cpps_invalid_or_incomplete_support
LA_T_6625910_0000	Interior_A	True	False	-80.00000000000185	-80.0000000000013	incomplete_strict_phone_support_for_nine_point_cpps_trajectory
LA_T_6625910_0000	Interior_B	True	False	-80.00000000000185	-79.99999999999774	incomplete_strict_phone_support_for_nine_point_cpps_trajectory
LA_T_6625910_0005	Boundary	True	False			official_v6_boundary_cpps_invalid_or_incomplete_support
LA_T_6625910_0005	Interior_A	True	True	239.99999999999844	240.00000000000256	
LA_T_6625910_0005	Interior_B	True	False	-160.00000000000014	-159.99999999999957	incomplete_strict_phone_support_for_nine_point_cpps_trajectory
LA_T_6625910_0006	Boundary	True	True			
LA_T_6625910_0006	Interior_A	True	False	-160.00000000000014	-159.99999999999957	incomplete_strict_phone_support_for_nine_point_cpps_trajectory
LA_T_6625910_0006	Interior_B	True	False	-80.00000000000185	-80.0000000000013	incomplete_strict_phone_support_for_nine_point_cpps_trajectory
LA_T_6625910_0007	Boundary	True	False			official_v6_boundary_cpps_invalid_or_incomplete_support
LA_T_6625910_0007	Interior_A	True	False	-80.00000000000185	-80.0000000000013	incomplete_strict_phone_support_for_nine_point_cpps_trajectory
LA_T_6625910_0007	Interior_B	True	False	-79.9999999999983	-80.0000000000013	incomplete_strict_phone_support_for_nine_point_cpps_trajectory
LA_T_6625910_0010	Boundary	True	True			
LA_T_6625910_0010	Interior_A	True	False	0.0	5.551115123125783e-13	incomplete_strict_phone_support_for_nine_point_cpps_trajectory
LA_T_6625910_0010	Interior_B	True	False	-160.00000000000014	-160.00000000000313	incomplete_strict_phone_support_for_nine_point_cpps_trajectory
LA_T_6625910_0013	Boundary	True	True			
LA_T_6625910_0013	Interior_A	True	False	-160.0000000000037	-159.99999999999602	incomplete_strict_phone_support_for_nine_point_cpps_trajectory
LA_T_6625910_0013	Interior_B	True	True	640.0000000000006	640.0000000000011	
LA_T_6625910_0014	Boundary	True	True			
LA_T_6625910_0014	Interior_A	True	True	640.0000000000006	640.0000000000011	
LA_T_6625910_0014	Interior_B	True	True	159.9999999999966	159.99999999999716	
LA_T_6625960_0002	Boundary	True	False			official_v6_boundary_cpps_invalid_or_incomplete_support
LA_T_6625960_0002	Interior_A	True	True	240.00000000000023	239.9999999999999	
LA_T_6625960_0002	Interior_B	True	True	240.00000000000023	240.00000000000077	
LA_T_6625960_0003	Boundary	True	True			
LA_T_6625960_0003	Interior_A	True	True	240.00000000000023	240.00000000000077	
LA_T_6625960_0003	Interior_B	True	True	239.99999999999844	240.00000000000077	
LA_T_6625960_0006	Boundary	True	True			
LA_T_6625960_0006	Interior_A	True	False	-160.00000000000014	-159.99999999999957	incomplete_strict_phone_support_for_nine_point_cpps_trajectory
LA_T_6625960_0006	Interior_B	True	False	0.0	-1.2212453270876722e-12	incomplete_strict_phone_support_for_nine_point_cpps_trajectory
LA_T_6625960_0007	Boundary	True	True			
LA_T_6625960_0007	Interior_A	True	False	0.0	-1.2212453270876722e-12	incomplete_strict_phone_support_for_nine_point_cpps_trajectory
LA_T_6625960_0007	Interior_B	True	True	240.00000000000023	239.999999999999	
LA_T_6625960_0008	Boundary	True	True			
LA_T_6625960_0008	Interior_A	True	True	240.00000000000023	239.999999999999	
LA_T_6625960_0008	Interior_B	True	False	0.0	5.551115123125783e-13	incomplete_strict_phone_support_for_nine_point_cpps_trajectory
LA_T_6625960_0009	Boundary	True	True			
LA_T_6625960_0009	Interior_A	True	False	0.0	5.551115123125783e-13	incomplete_strict_phone_support_for_nine_point_cpps_trajectory
LA_T_6625960_0009	Interior_B	True	False	-160.00000000000014	-159.99999999999957	incomplete_strict_phone_support_for_nine_point_cpps_trajectory
LA_T_6625960_0010	Boundary	True	False			official_v6_boundary_cpps_invalid_or_incomplete_support
LA_T_6625960_0010	Interior_A	True	False	-160.00000000000014	-159.99999999999957	incomplete_strict_phone_support_for_nine_point_cpps_trajectory
LA_T_6625960_0010	Interior_B	True	True	79.9999999999983	79.99999999999885	
LA_T_6625960_0011	Boundary	True	False			official_v6_boundary_cpps_invalid_or_incomplete_support
LA_T_6625960_0011	Interior_A	True	True	79.9999999999983	79.99999999999885	
LA_T_6625960_0011	Interior_B	True	False	0.0	5.551115123125783e-13	incomplete_strict_phone_support_for_nine_point_cpps_trajectory
LA_T_6625960_0018	Boundary	True	True			
LA_T_6625960_0018	Interior_A	True	False	-79.9999999999983	-80.0000000000013	incomplete_strict_phone_support_for_nine_point_cpps_trajectory
LA_T_6625960_0018	Interior_B	True	True	239.99999999999844	239.999999999999	
LA_T_6625960_0019	Boundary	True	True			
LA_T_6625960_0019	Interior_A	True	True	239.99999999999844	239.999999999999	
LA_T_6625960_0019	Interior_B	True	True	399.9999999999986	400.0000000000027	
LA_T_6625960_0020	Boundary	True	True			
LA_T_6625960_0020	Interior_A	True	True	399.9999999999986	400.0000000000027	
LA_T_6625960_0020	Interior_B	True	True	879.999999999999	879.9999999999995	
LA_T_6626053_0000	Boundary	True	True			
LA_T_6626053_0000	Interior_A	True	True	320.0000000000003	319.99999999999994	
LA_T_6626053_0000	Interior_B	True	True	8.881784197001252e-13	5.551115123125783e-13	
LA_T_6626053_0001	Boundary	True	True			
LA_T_6626053_0001	Interior_A	True	True	8.881784197001252e-13	5.551115123125783e-13	
LA_T_6626053_0001	Interior_B	True	False	-160.00000000000014	-160.00000000000136	incomplete_strict_phone_support_for_nine_point_cpps_trajectory
LA_T_6626053_0004	Boundary	True	True			
LA_T_6626053_0004	Interior_A	True	True	159.99999999999835	160.0000000000007	
LA_T_6626053_0004	Interior_B	True	False	-160.00000000000014	-160.00000000000136	incomplete_strict_phone_support_for_nine_point_cpps_trajectory
LA_T_6626053_0007	Boundary	True	False			official_v6_boundary_cpps_invalid_or_incomplete_support
LA_T_6626053_0007	Interior_A	True	False	-80.00000000000007	-80.0000000000013	incomplete_strict_phone_support_for_nine_point_cpps_trajectory
LA_T_6626053_0007	Interior_B	True	False	-160.00000000000014	-159.99999999999957	incomplete_strict_phone_support_for_nine_point_cpps_trajectory
LA_T_6626053_0008	Boundary	True	True			
LA_T_6626053_0008	Interior_A	True	False	-160.00000000000014	-159.99999999999957	incomplete_strict_phone_support_for_nine_point_cpps_trajectory
LA_T_6626053_0008	Interior_B	True	True	160.00000000000014	160.0000000000007	
LA_T_6626053_0009	Boundary	True	False			official_v6_boundary_cpps_invalid_or_incomplete_support
LA_T_6626053_0009	Interior_A	True	True	160.00000000000014	160.0000000000007	
LA_T_6626053_0009	Interior_B	True	False	-3.552713678800501e-12	5.551115123125783e-13	incomplete_strict_phone_support_for_nine_point_cpps_trajectory
LA_T_6626053_0012	Boundary	True	True			
LA_T_6626053_0012	Interior_A	True	True	239.99999999999844	240.00000000000256	
LA_T_6626053_0012	Interior_B	True	False	-160.00000000000014	-160.00000000000313	incomplete_strict_phone_support_for_nine_point_cpps_trajectory
LA_T_6626053_0014	Boundary	True	False			official_v6_boundary_cpps_invalid_or_incomplete_support
LA_T_6626053_0014	Interior_A	True	False	0.0	5.551115123125783e-13	incomplete_strict_phone_support_for_nine_point_cpps_trajectory
LA_T_6626053_0014	Interior_B	True	True	399.9999999999986	400.0000000000027	
LA_T_6626053_0015	Boundary	True	True			
LA_T_6626053_0015	Interior_A	True	True	399.9999999999986	400.0000000000027	
LA_T_6626053_0015	Interior_B	True	True	79.9999999999983	79.99999999999885	
LA_T_6626053_0016	Boundary	True	True			
LA_T_6626053_0016	Interior_A	True	True	79.9999999999983	79.99999999999885	
LA_T_6626053_0016	Interior_B	True	False	0.0	5.551115123125783e-13	incomplete_strict_phone_support_for_nine_point_cpps_trajectory
LA_T_6626053_0017	Boundary	True	True			
LA_T_6626053_0017	Interior_A	True	False	0.0	5.551115123125783e-13	incomplete_strict_phone_support_for_nine_point_cpps_trajectory
LA_T_6626053_0017	Interior_B	True	True	640.0000000000006	639.9999999999976	
LA_T_6626053_0018	Boundary	True	False			official_v6_boundary_cpps_invalid_or_incomplete_support
LA_T_6626053_0018	Interior_A	True	True	640.0000000000006	639.9999999999976	
LA_T_6626053_0018	Interior_B	True	True	80.00000000000185	79.9999999999953	
LA_T_6626053_0019	Boundary	True	False			official_v6_boundary_cpps_invalid_or_incomplete_support
LA_T_6626053_0019	Interior_A	True	True	80.00000000000185	79.9999999999953	
LA_T_6626053_0019	Interior_B	True	True	640.0000000000006	640.0000000000011	
LA_T_6626053_0020	Boundary	True	False			official_v6_boundary_cpps_invalid_or_incomplete_support
LA_T_6626053_0020	Interior_A	True	True	640.0000000000006	640.0000000000011	
LA_T_6626053_0020	Interior_B	True	True	79.9999999999983	79.99999999999885	
LA_T_6626053_0021	Boundary	True	True			
LA_T_6626053_0021	Interior_A	True	True	79.9999999999983	79.99999999999885	
LA_T_6626053_0021	Interior_B	True	True	400.0000000000057	399.99999999999915	
LA_T_6626053_0022	Boundary	True	True			
LA_T_6626053_0022	Interior_A	True	True	400.0000000000057	399.99999999999915	
LA_T_6626053_0022	Interior_B	True	True	399.9999999999986	399.99999999999915	
LA_T_6626053_0024	Boundary	True	True			
LA_T_6626053_0024	Interior_A	True	False	-79.9999999999983	-79.99999999999774	incomplete_strict_phone_support_for_nine_point_cpps_trajectory
LA_T_6626053_0024	Interior_B	True	False	-79.9999999999983	-80.00000000000485	incomplete_strict_phone_support_for_nine_point_cpps_trajectory
LA_T_6626053_0028	Boundary	True	True			
LA_T_6626053_0028	Interior_A	True	True	320.0000000000003	319.99999999999375	
LA_T_6626053_0028	Interior_B	True	False	-79.9999999999983	-79.99999999999774	incomplete_strict_phone_support_for_nine_point_cpps_trajectory
LA_T_6626053_0029	Boundary	True	True			
LA_T_6626053_0029	Interior_A	True	False	-79.9999999999983	-79.99999999999774	incomplete_strict_phone_support_for_nine_point_cpps_trajectory
LA_T_6626053_0029	Interior_B	True	True	480.000000000004	479.99999999999744	
LA_T_6626053_0030	Boundary	True	False			official_v6_boundary_cpps_invalid_or_incomplete_support
LA_T_6626053_0030	Interior_A	True	True	480.000000000004	479.99999999999744	
LA_T_6626053_0030	Interior_B	True	False	-80.0000000000054	-79.99999999999774	incomplete_strict_phone_support_for_nine_point_cpps_trajectory
LA_T_6626053_0031	Boundary	True	False			official_v6_boundary_cpps_invalid_or_incomplete_support
LA_T_6626053_0031	Interior_A	True	False	-80.0000000000054	-79.99999999999774	incomplete_strict_phone_support_for_nine_point_cpps_trajectory
LA_T_6626053_0031	Interior_B	True	True	159.9999999999966	160.00000000000426	
LA_T_6626053_0035	Boundary	True	True			
LA_T_6626053_0035	Interior_A	True	False	-79.9999999999983	-80.00000000000485	incomplete_strict_phone_support_for_nine_point_cpps_trajectory
LA_T_6626053_0035	Interior_B	True	True	79.9999999999983	79.99999999999885	
LA_T_6626053_0036	Boundary	True	False			official_v6_boundary_cpps_invalid_or_incomplete_support
LA_T_6626053_0036	Interior_A	True	True	79.9999999999983	79.99999999999885	
LA_T_6626053_0036	Interior_B	True	False	0.0	5.551115123125783e-13	incomplete_strict_phone_support_for_nine_point_cpps_trajectory
LA_T_6626053_0039	Boundary	True	True			
LA_T_6626053_0039	Interior_A	True	False	0.0	5.551115123125783e-13	incomplete_strict_phone_support_for_nine_point_cpps_trajectory
LA_T_6626053_0039	Interior_B	True	False	-159.9999999999966	-160.00000000000313	incomplete_strict_phone_support_for_nine_point_cpps_trajectory
LA_T_6626053_0040	Boundary	True	False			official_v6_boundary_cpps_invalid_or_incomplete_support
LA_T_6626053_0040	Interior_A	True	False	-159.9999999999966	-160.00000000000313	incomplete_strict_phone_support_for_nine_point_cpps_trajectory
LA_T_6626053_0040	Interior_B	True	False	0.0	5.551115123125783e-13	incomplete_strict_phone_support_for_nine_point_cpps_trajectory
LA_T_6626053_0041	Boundary	True	False			official_v6_boundary_cpps_invalid_or_incomplete_support
LA_T_6626053_0041	Interior_A	True	False	0.0	5.551115123125783e-13	incomplete_strict_phone_support_for_nine_point_cpps_trajectory
LA_T_6626053_0041	Interior_B	True	True	240.000000000002	239.99999999999545	
LA_T_6626053_0042	Boundary	True	True			
LA_T_6626053_0042	Interior_A	True	True	240.000000000002	239.99999999999545	
LA_T_6626053_0042	Interior_B	True	False	-159.9999999999966	-159.99999999999602	incomplete_strict_phone_support_for_nine_point_cpps_trajectory
LA_T_6626053_0043	Boundary	True	True			
LA_T_6626053_0043	Interior_A	True	False	-159.9999999999966	-159.99999999999602	incomplete_strict_phone_support_for_nine_point_cpps_trajectory
LA_T_6626053_0043	Interior_B	True	False	-79.9999999999983	-80.00000000001195	incomplete_strict_phone_support_for_nine_point_cpps_trajectory
LA_T_6626053_0044	Boundary	True	True			
LA_T_6626053_0044	Interior_A	True	False	-79.9999999999983	-80.00000000001195	incomplete_strict_phone_support_for_nine_point_cpps_trajectory
LA_T_6626053_0044	Interior_B	True	False	0.0	5.551115123125783e-13	incomplete_strict_phone_support_for_nine_point_cpps_trajectory
LA_T_6626053_0045	Boundary	True	True			
LA_T_6626053_0045	Interior_A	True	False	0.0	5.551115123125783e-13	incomplete_strict_phone_support_for_nine_point_cpps_trajectory
LA_T_6626053_0045	Interior_B	True	True	159.9999999999966	160.00000000001137	
LA_T_6626053_0052	Boundary	True	True			
LA_T_6626053_0052	Interior_A	True	False	-79.9999999999983	-79.99999999999774	incomplete_strict_phone_support_for_nine_point_cpps_trajectory
LA_T_6626053_0052	Interior_B	True	False	-160.0000000000108	-159.99999999999602	incomplete_strict_phone_support_for_nine_point_cpps_trajectory
LA_T_6626053_0056	Boundary	True	True			
LA_T_6626053_0056	Interior_A	True	False	-159.9999999999966	-159.99999999999602	incomplete_strict_phone_support_for_nine_point_cpps_trajectory
LA_T_6626053_0056	Interior_B	True	True	79.9999999999983	79.99999999999885	
LA_T_6626053_0057	Boundary	True	False			official_v6_boundary_cpps_invalid_or_incomplete_support
LA_T_6626053_0057	Interior_A	True	True	79.9999999999983	79.99999999999885	
LA_T_6626053_0057	Interior_B	True	True	400.0000000000057	399.99999999999204	
LA_T_6626053_0058	Boundary	True	False			official_v6_boundary_cpps_invalid_or_incomplete_support
LA_T_6626053_0058	Interior_A	True	True	400.0000000000057	399.99999999999204	
LA_T_6626053_0058	Interior_B	True	True	640.0000000000006	640.0000000000011	
LA_T_6626053_0059	Boundary	True	False			official_v6_boundary_cpps_invalid_or_incomplete_support
LA_T_6626053_0059	Interior_A	True	True	640.0000000000006	640.0000000000011	
LA_T_6626053_0059	Interior_B	True	True	1840.0000000000034	1839.9999999999895	
LA_T_6626691_0003	Boundary	True	True			
LA_T_6626691_0003	Interior_A	True	True	80.00000000000097	79.99999999999974	
LA_T_6626691_0003	Interior_B	True	True	320.0000000000003	319.9999999999991	
LA_T_6626691_0004	Boundary	True	True			
LA_T_6626691_0004	Interior_A	True	True	320.0000000000003	319.9999999999991	
LA_T_6626691_0004	Interior_B	True	False	-160.00000000000014	-159.99999999999957	incomplete_strict_phone_support_for_nine_point_cpps_trajectory
LA_T_6626691_0007	Boundary	True	True			
LA_T_6626691_0007	Interior_A	True	True	80.00000000000007	79.99999999999885	
LA_T_6626691_0007	Interior_B	True	False	-80.00000000000185	-79.99999999999952	incomplete_strict_phone_support_for_nine_point_cpps_trajectory
LA_T_6626691_0008	Boundary	True	True			
LA_T_6626691_0008	Interior_A	True	False	-80.00000000000185	-79.99999999999952	incomplete_strict_phone_support_for_nine_point_cpps_trajectory
LA_T_6626691_0008	Interior_B	True	False	-160.00000000000014	-159.99999999999957	incomplete_strict_phone_support_for_nine_point_cpps_trajectory
LA_T_6626691_0009	Boundary	True	True			
LA_T_6626691_0009	Interior_A	True	False	-160.00000000000014	-159.99999999999957	incomplete_strict_phone_support_for_nine_point_cpps_trajectory
LA_T_6626691_0009	Interior_B	True	False	-80.00000000000007	-80.0000000000013	incomplete_strict_phone_support_for_nine_point_cpps_trajectory
LA_T_6626691_0010	Boundary	True	True			
LA_T_6626691_0010	Interior_A	True	False	-80.00000000000007	-80.0000000000013	incomplete_strict_phone_support_for_nine_point_cpps_trajectory
LA_T_6626691_0010	Interior_B	True	True	800.0000000000007	799.9999999999977	
LA_T_6626691_0014	Boundary	True	True			
LA_T_6626691_0014	Interior_A	True	True	320.0000000000003	320.00000000000085	
LA_T_6626691_0014	Interior_B	True	True	79.9999999999983	79.99999999999885	
LA_T_6626691_0015	Boundary	True	True			
LA_T_6626691_0015	Interior_A	True	True	79.9999999999983	79.99999999999885	
LA_T_6626691_0015	Interior_B	True	False	0.0	5.551115123125783e-13	incomplete_strict_phone_support_for_nine_point_cpps_trajectory
LA_T_6626691_0016	Boundary	True	False			official_v6_boundary_cpps_invalid_or_incomplete_support
LA_T_6626691_0016	Interior_A	True	False	0.0	5.551115123125783e-13	incomplete_strict_phone_support_for_nine_point_cpps_trajectory
LA_T_6626691_0016	Interior_B	True	True	239.99999999999844	239.999999999999	
LA_T_6626691_0017	Boundary	True	False			official_v6_boundary_cpps_invalid_or_incomplete_support
LA_T_6626691_0017	Interior_A	True	True	239.99999999999844	239.999999999999	
LA_T_6626691_0017	Interior_B	True	True	400.00000000000216	399.99999999999915	
LA_T_6627874_0010	Boundary	True	True			
LA_T_6627874_0010	Interior_A	True	True	320.0000000000003	319.99999999999727	
LA_T_6627874_0010	Interior_B	True	True	560.0000000000023	559.9999999999957	
LA_T_6627874_0015	Boundary	True	False			official_v6_boundary_cpps_invalid_or_incomplete_support
LA_T_6627874_0015	Interior_A	True	False	-80.0000000000054	-79.99999999999774	incomplete_strict_phone_support_for_nine_point_cpps_trajectory
LA_T_6627874_0015	Interior_B	True	True	160.0000000000037	159.99999999999716	
LA_T_6627874_0016	Boundary	True	False			official_v6_boundary_cpps_invalid_or_incomplete_support
LA_T_6627874_0016	Interior_A	True	True	160.0000000000037	159.99999999999716	
LA_T_6627874_0016	Interior_B	True	True	160.0000000000037	159.99999999999716	
LA_T_6627874_0017	Boundary	True	False			official_v6_boundary_cpps_invalid_or_incomplete_support
LA_T_6627874_0017	Interior_A	True	True	160.0000000000037	159.99999999999716	
LA_T_6627874_0017	Interior_B	True	False	0.0	5.551115123125783e-13	incomplete_strict_phone_support_for_nine_point_cpps_trajectory
LA_T_6627874_0022	Boundary	True	True			
LA_T_6627874_0022	Interior_A	True	False	-159.9999999999966	-160.00000000000313	incomplete_strict_phone_support_for_nine_point_cpps_trajectory
LA_T_6627874_0022	Interior_B	True	True	240.000000000002	239.99999999999545	
LA_T_6627874_0023	Boundary	True	False			official_v6_boundary_cpps_invalid_or_incomplete_support
LA_T_6627874_0023	Interior_A	True	True	240.000000000002	239.99999999999545	
LA_T_6627874_0023	Interior_B	True	True	79.9999999999983	79.99999999999885	
LA_T_6627874_0026	Boundary	True	False			official_v6_boundary_cpps_invalid_or_incomplete_support
LA_T_6627874_0026	Interior_A	True	False	0.0	-6.5503158452884236e-12	incomplete_strict_phone_support_for_nine_point_cpps_trajectory
LA_T_6627874_0026	Interior_B	True	True	240.000000000002	240.00000000000256	
LA_T_6627874_0027	Boundary	True	False			official_v6_boundary_cpps_invalid_or_incomplete_support
LA_T_6627874_0027	Interior_A	True	True	240.000000000002	240.00000000000256	
LA_T_6627874_0027	Interior_B	True	True	960.0000000000009	959.9999999999943	
LA_T_6627874_0028	Boundary	True	True			
LA_T_6627874_0028	Interior_A	True	True	960.0000000000009	959.9999999999943	
LA_T_6627874_0028	Interior_B	True	True	480.000000000004	479.99999999999744	
LA_T_6628675_0005	Boundary	True	True			
LA_T_6628675_0005	Interior_A	True	True	240.00000000000023	240.00000000000077	
LA_T_6628675_0005	Interior_B	True	False	0.0	-1.2212453270876722e-12	incomplete_strict_phone_support_for_nine_point_cpps_trajectory
LA_T_6628675_0006	Boundary	True	True			
LA_T_6628675_0006	Interior_A	True	False	0.0	-1.2212453270876722e-12	incomplete_strict_phone_support_for_nine_point_cpps_trajectory
LA_T_6628675_0006	Interior_B	True	False	-1.7763568394002505e-12	5.551115123125783e-13	incomplete_strict_phone_support_for_nine_point_cpps_trajectory
LA_T_6628675_0007	Boundary	True	True			
LA_T_6628675_0007	Interior_A	True	False	-1.7763568394002505e-12	5.551115123125783e-13	incomplete_strict_phone_support_for_nine_point_cpps_trajectory
LA_T_6628675_0007	Interior_B	True	False	-80.00000000000007	-79.99999999999952	incomplete_strict_phone_support_for_nine_point_cpps_trajectory
LA_T_6628675_0008	Boundary	True	True			
LA_T_6628675_0008	Interior_A	True	False	-80.00000000000007	-79.99999999999952	incomplete_strict_phone_support_for_nine_point_cpps_trajectory
LA_T_6628675_0008	Interior_B	True	True	79.9999999999983	80.00000000000063	
LA_T_6628675_0009	Boundary	True	True			
LA_T_6628675_0009	Interior_A	True	True	79.9999999999983	80.00000000000063	
LA_T_6628675_0009	Interior_B	True	False	-160.00000000000014	-159.99999999999957	incomplete_strict_phone_support_for_nine_point_cpps_trajectory
LA_T_6628675_0010	Boundary	True	True			
LA_T_6628675_0010	Interior_A	True	False	-160.00000000000014	-159.99999999999957	incomplete_strict_phone_support_for_nine_point_cpps_trajectory
LA_T_6628675_0010	Interior_B	True	False	-80.00000000000185	-79.99999999999952	incomplete_strict_phone_support_for_nine_point_cpps_trajectory
LA_T_6628675_0014	Boundary	True	False			official_v6_boundary_cpps_invalid_or_incomplete_support
LA_T_6628675_0014	Interior_A	True	True	639.999999999997	640.0000000000011	
LA_T_6628675_0014	Interior_B	True	True	240.000000000002	239.999999999999	
LA_T_6632420_0000	Boundary	True	True			
LA_T_6632420_0000	Interior_A	True	True	320.0000000000003	320.00000000000085	
LA_T_6632420_0000	Interior_B	True	False	-160.00000000000014	-159.99999999999957	incomplete_strict_phone_support_for_nine_point_cpps_trajectory
LA_T_6632420_0003	Boundary	True	True			
LA_T_6632420_0003	Interior_A	True	False	-160.00000000000014	-159.99999999999957	incomplete_strict_phone_support_for_nine_point_cpps_trajectory
LA_T_6632420_0003	Interior_B	True	True	160.00000000000014	160.0000000000007	
LA_T_6632420_0004	Boundary	True	True			
LA_T_6632420_0004	Interior_A	True	True	160.00000000000014	160.0000000000007	
LA_T_6632420_0004	Interior_B	True	False	-160.00000000000014	-159.99999999999957	incomplete_strict_phone_support_for_nine_point_cpps_trajectory
LA_T_6632420_0013	Boundary	True	False			official_v6_boundary_cpps_invalid_or_incomplete_support
LA_T_6632420_0013	Interior_A	True	False	-160.0000000000037	-159.99999999999602	incomplete_strict_phone_support_for_nine_point_cpps_trajectory
LA_T_6632420_0013	Interior_B	True	True	320.0000000000003	320.00000000000085	
LA_T_6632420_0026	Boundary	True	True			
LA_T_6632420_0026	Interior_A	True	False	-159.9999999999966	-160.00000000000313	incomplete_strict_phone_support_for_nine_point_cpps_trajectory
LA_T_6632420_0026	Interior_B	True	True	79.9999999999983	79.99999999999885	
LA_T_6632420_0029	Boundary	True	True			
LA_T_6632420_0029	Interior_A	True	False	-80.0000000000054	-79.99999999999774	incomplete_strict_phone_support_for_nine_point_cpps_trajectory
LA_T_6632420_0029	Interior_B	True	True	320.0000000000003	320.00000000000085	
LA_T_6632420_0030	Boundary	True	True			
LA_T_6632420_0030	Interior_A	True	True	320.0000000000003	320.00000000000085	
LA_T_6632420_0030	Interior_B	True	False	-159.9999999999966	-160.00000000000313	incomplete_strict_phone_support_for_nine_point_cpps_trajectory
LA_T_6632420_0031	Boundary	True	True			
LA_T_6632420_0031	Interior_A	True	False	-159.9999999999966	-160.00000000000313	incomplete_strict_phone_support_for_nine_point_cpps_trajectory
LA_T_6632420_0031	Interior_B	True	False	-160.0000000000037	-159.99999999999602	incomplete_strict_phone_support_for_nine_point_cpps_trajectory
LA_T_6632420_0032	Boundary	True	True			
LA_T_6632420_0032	Interior_A	True	False	-160.0000000000037	-159.99999999999602	incomplete_strict_phone_support_for_nine_point_cpps_trajectory
LA_T_6632420_0032	Interior_B	True	True	159.9999999999966	159.99999999999716	
LA_T_6632420_0037	Boundary	True	True			
LA_T_6632420_0037	Interior_A	True	False	-160.0000000000037	-159.99999999999602	incomplete_strict_phone_support_for_nine_point_cpps_trajectory
LA_T_6632420_0037	Interior_B	True	False	-80.0000000000054	-79.99999999999774	incomplete_strict_phone_support_for_nine_point_cpps_trajectory
LA_T_6632420_0038	Boundary	True	False			official_v6_boundary_cpps_invalid_or_incomplete_support
LA_T_6632420_0038	Interior_A	True	False	-80.0000000000054	-79.99999999999774	incomplete_strict_phone_support_for_nine_point_cpps_trajectory
LA_T_6632420_0038	Interior_B	True	False	-79.9999999999983	-80.00000000000485	incomplete_strict_phone_support_for_nine_point_cpps_trajectory
LA_T_6632420_0039	Boundary	True	False			official_v6_boundary_cpps_invalid_or_incomplete_support
LA_T_6632420_0039	Interior_A	True	False	-79.9999999999983	-80.00000000000485	incomplete_strict_phone_support_for_nine_point_cpps_trajectory
LA_T_6632420_0039	Interior_B	True	False	0.0	5.551115123125783e-13	incomplete_strict_phone_support_for_nine_point_cpps_trajectory
LA_T_6632420_0044	Boundary	True	True			
LA_T_6632420_0044	Interior_A	True	False	-159.9999999999966	-159.99999999999602	incomplete_strict_phone_support_for_nine_point_cpps_trajectory
LA_T_6632420_0044	Interior_B	True	False	-159.9999999999966	-160.00000000001023	incomplete_strict_phone_support_for_nine_point_cpps_trajectory
LA_T_6632420_0045	Boundary	True	True			
LA_T_6632420_0045	Interior_A	True	False	-159.9999999999966	-160.00000000001023	incomplete_strict_phone_support_for_nine_point_cpps_trajectory
LA_T_6632420_0045	Interior_B	True	False	0.0	5.551115123125783e-13	incomplete_strict_phone_support_for_nine_point_cpps_trajectory
LA_T_6632420_0046	Boundary	True	True			
LA_T_6632420_0046	Interior_A	True	False	0.0	5.551115123125783e-13	incomplete_strict_phone_support_for_nine_point_cpps_trajectory
LA_T_6632420_0046	Interior_B	True	False	0.0	5.551115123125783e-13	incomplete_strict_phone_support_for_nine_point_cpps_trajectory
LA_T_6632420_0047	Boundary	True	False			official_v6_boundary_cpps_invalid_or_incomplete_support
LA_T_6632420_0047	Interior_A	True	False	0.0	5.551115123125783e-13	incomplete_strict_phone_support_for_nine_point_cpps_trajectory
LA_T_6632420_0047	Interior_B	True	True	79.9999999999983	79.99999999999885	
LA_T_6632420_0051	Boundary	True	False			official_v6_boundary_cpps_invalid_or_incomplete_support
LA_T_6632420_0051	Interior_A	True	False	0.0	5.551115123125783e-13	incomplete_strict_phone_support_for_nine_point_cpps_trajectory
LA_T_6632420_0051	Interior_B	True	True	80.0000000000125	79.99999999999885	
LA_T_6632420_0052	Boundary	True	True			
LA_T_6632420_0052	Interior_A	True	True	80.0000000000125	79.99999999999885	
LA_T_6632420_0052	Interior_B	True	True	959.9999999999937	959.9999999999943	
LA_T_6632420_0064	Boundary	True	True			
LA_T_6632420_0064	Interior_A	True	True	479.99999999998977	480.00000000000455	
LA_T_6632420_0064	Interior_B	True	False	0.0	5.551115123125783e-13	incomplete_strict_phone_support_for_nine_point_cpps_trajectory
LA_T_6632420_0065	Boundary	True	True			
LA_T_6632420_0065	Interior_A	True	False	0.0	5.551115123125783e-13	incomplete_strict_phone_support_for_nine_point_cpps_trajectory
LA_T_6632420_0065	Interior_B	True	False	0.0	5.551115123125783e-13	incomplete_strict_phone_support_for_nine_point_cpps_trajectory
LA_T_6632420_0066	Boundary	True	True			
LA_T_6632420_0066	Interior_A	True	False	0.0	5.551115123125783e-13	incomplete_strict_phone_support_for_nine_point_cpps_trajectory
LA_T_6632420_0066	Interior_B	True	True	480.000000000004	480.00000000000455	
LA_T_6632420_0071	Boundary	True	True			
LA_T_6632420_0071	Interior_A	True	False	-159.9999999999966	-159.99999999999602	incomplete_strict_phone_support_for_nine_point_cpps_trajectory
LA_T_6632420_0071	Interior_B	True	False	-160.0000000000108	-159.99999999999602	incomplete_strict_phone_support_for_nine_point_cpps_trajectory
LA_T_6632420_0072	Boundary	True	True			
LA_T_6632420_0072	Interior_A	True	False	-160.0000000000108	-159.99999999999602	incomplete_strict_phone_support_for_nine_point_cpps_trajectory
LA_T_6632420_0072	Interior_B	True	False	-159.9999999999966	-159.99999999999602	incomplete_strict_phone_support_for_nine_point_cpps_trajectory
LA_T_6632420_0073	Boundary	True	True			
LA_T_6632420_0073	Interior_A	True	False	-159.9999999999966	-159.99999999999602	incomplete_strict_phone_support_for_nine_point_cpps_trajectory
LA_T_6632420_0073	Interior_B	True	False	-159.9999999999966	-160.00000000001023	incomplete_strict_phone_support_for_nine_point_cpps_trajectory
LA_T_6632420_0074	Boundary	True	True			
LA_T_6632420_0074	Interior_A	True	False	-159.9999999999966	-160.00000000001023	incomplete_strict_phone_support_for_nine_point_cpps_trajectory
LA_T_6632420_0074	Interior_B	True	False	-79.9999999999983	-79.99999999999774	incomplete_strict_phone_support_for_nine_point_cpps_trajectory
LA_T_6632420_0077	Boundary	True	True			
LA_T_6632420_0077	Interior_A	True	False	-79.9999999999983	-79.99999999999774	incomplete_strict_phone_support_for_nine_point_cpps_trajectory
LA_T_6632420_0077	Interior_B	True	False	0.0	5.551115123125783e-13	incomplete_strict_phone_support_for_nine_point_cpps_trajectory
LA_T_6632420_0078	Boundary	True	False			official_v6_boundary_cpps_invalid_or_incomplete_support
LA_T_6632420_0078	Interior_A	True	False	0.0	5.551115123125783e-13	incomplete_strict_phone_support_for_nine_point_cpps_trajectory
LA_T_6632420_0078	Interior_B	True	True	79.9999999999983	79.99999999999885	
LA_T_6632420_0082	Boundary	True	False			official_v6_boundary_cpps_invalid_or_incomplete_support
LA_T_6632420_0082	Interior_A	True	False	-79.9999999999983	-79.99999999999774	incomplete_strict_phone_support_for_nine_point_cpps_trajectory
LA_T_6632420_0082	Interior_B	True	False	-159.9999999999966	-160.00000000001023	incomplete_strict_phone_support_for_nine_point_cpps_trajectory
LA_T_6632420_0087	Boundary	True	False			official_v6_boundary_cpps_invalid_or_incomplete_support
LA_T_6632420_0087	Interior_A	True	True	239.99999999999488	240.00000000000966	
LA_T_6632420_0087	Interior_B	True	True	79.9999999999983	79.99999999999885	
LA_T_6632420_0090	Boundary	True	False			official_v6_boundary_cpps_invalid_or_incomplete_support
LA_T_6632420_0090	Interior_A	True	False	0.0	5.551115123125783e-13	incomplete_strict_phone_support_for_nine_point_cpps_trajectory
LA_T_6632420_0090	Interior_B	True	True	239.99999999999488	240.00000000000966	
LA_T_6632420_0093	Boundary	True	False			official_v6_boundary_cpps_invalid_or_incomplete_support
LA_T_6632420_0093	Interior_A	True	False	0.0	5.551115123125783e-13	incomplete_strict_phone_support_for_nine_point_cpps_trajectory
LA_T_6632420_0093	Interior_B	True	False	-79.9999999999983	-79.99999999999774	incomplete_strict_phone_support_for_nine_point_cpps_trajectory
LA_T_6632420_0094	Boundary	True	False			official_v6_boundary_cpps_invalid_or_incomplete_support
LA_T_6632420_0094	Interior_A	True	False	-79.9999999999983	-79.99999999999774	incomplete_strict_phone_support_for_nine_point_cpps_trajectory
LA_T_6632420_0094	Interior_B	True	True	400.0000000000057	399.99999999999204	
LA_T_6632420_0097	Boundary	True	True			
LA_T_6632420_0097	Interior_A	True	False	2.8421709430404007e-11	-1.3655743202889425e-11	incomplete_strict_phone_support_for_nine_point_cpps_trajectory
LA_T_6632420_0097	Interior_B	True	False	-159.99999999996817	-160.00000000001023	incomplete_strict_phone_support_for_nine_point_cpps_trajectory
LA_T_6632420_0100	Boundary	True	True			
LA_T_6632420_0100	Interior_A	True	True	160.000000000025	159.99999999998295	
LA_T_6632420_0100	Interior_B	True	False	-159.9999999999966	-159.9999999999818	incomplete_strict_phone_support_for_nine_point_cpps_trajectory
LA_T_6632420_0107	Boundary	True	True			
LA_T_6632420_0107	Interior_A	True	True	400.0000000000057	400.00000000002046	
LA_T_6632420_0107	Interior_B	True	True	400.0000000000057	399.99999999999204	
LA_T_6633979_0000	Boundary	True	False			official_v6_boundary_cpps_invalid_or_incomplete_support
LA_T_6633979_0000	Interior_A	True	True	479.99999999999955	480.0000000000001	
LA_T_6633979_0000	Interior_B	True	False	-79.99999999999918	-79.99999999999952	incomplete_strict_phone_support_for_nine_point_cpps_trajectory
LA_T_6633979_0007	Boundary	True	False			official_v6_boundary_cpps_invalid_or_incomplete_support
LA_T_6633979_0007	Interior_A	True	False	-160.00000000000014	-160.00000000000136	incomplete_strict_phone_support_for_nine_point_cpps_trajectory
LA_T_6633979_0007	Interior_B	True	True	160.00000000000014	160.0000000000007	
LA_T_6633979_0008	Boundary	True	False			official_v6_boundary_cpps_invalid_or_incomplete_support
LA_T_6633979_0008	Interior_A	True	True	160.00000000000014	160.0000000000007	
LA_T_6633979_0008	Interior_B	True	False	-160.00000000000014	-159.99999999999957	incomplete_strict_phone_support_for_nine_point_cpps_trajectory
LA_T_6633979_0011	Boundary	True	False			official_v6_boundary_cpps_invalid_or_incomplete_support
LA_T_6633979_0011	Interior_A	True	False	-160.00000000000014	-159.99999999999957	incomplete_strict_phone_support_for_nine_point_cpps_trajectory
LA_T_6633979_0011	Interior_B	True	False	-80.00000000000185	-79.99999999999774	incomplete_strict_phone_support_for_nine_point_cpps_trajectory
LA_T_6633979_0012	Boundary	True	False			official_v6_boundary_cpps_invalid_or_incomplete_support
LA_T_6633979_0012	Interior_A	True	False	-80.00000000000185	-79.99999999999774	incomplete_strict_phone_support_for_nine_point_cpps_trajectory
LA_T_6633979_0012	Interior_B	True	True	239.99999999999844	239.999999999999	
LA_T_6633979_0013	Boundary	True	True			
LA_T_6633979_0013	Interior_A	True	True	239.99999999999844	239.999999999999	
LA_T_6633979_0013	Interior_B	True	False	-160.00000000000014	-159.99999999999957	incomplete_strict_phone_support_for_nine_point_cpps_trajectory
LA_T_6633979_0024	Boundary	True	False			official_v6_boundary_cpps_invalid_or_incomplete_support
LA_T_6633979_0024	Interior_A	True	True	239.99999999999844	240.00000000000256	
LA_T_6633979_0024	Interior_B	True	True	79.9999999999983	79.99999999999885	
LA_T_6633979_0028	Boundary	True	True			
LA_T_6633979_0028	Interior_A	True	False	-159.9999999999966	-160.00000000000313	incomplete_strict_phone_support_for_nine_point_cpps_trajectory
LA_T_6633979_0028	Interior_B	True	False	-159.9999999999966	-160.00000000000313	incomplete_strict_phone_support_for_nine_point_cpps_trajectory
LA_T_6633979_0029	Boundary	True	True			
LA_T_6633979_0029	Interior_A	True	False	-159.9999999999966	-160.00000000000313	incomplete_strict_phone_support_for_nine_point_cpps_trajectory
LA_T_6633979_0029	Interior_B	True	True	160.0000000000037	159.99999999999716	
LA_T_6633979_0030	Boundary	True	False			official_v6_boundary_cpps_invalid_or_incomplete_support
LA_T_6633979_0030	Interior_A	True	True	160.0000000000037	159.99999999999716	
LA_T_6633979_0030	Interior_B	True	True	240.000000000002	239.99999999999545	
LA_T_6633979_0033	Boundary	True	True			
LA_T_6633979_0033	Interior_A	True	False	-80.0000000000054	-79.99999999999774	incomplete_strict_phone_support_for_nine_point_cpps_trajectory
LA_T_6633979_0033	Interior_B	True	False	0.0	5.551115123125783e-13	incomplete_strict_phone_support_for_nine_point_cpps_trajectory
LA_T_6633979_0038	Boundary	True	False			official_v6_boundary_cpps_invalid_or_incomplete_support
LA_T_6633979_0038	Interior_A	True	False	0.0	-6.5503158452884236e-12	incomplete_strict_phone_support_for_nine_point_cpps_trajectory
LA_T_6633979_0038	Interior_B	True	True	320.0000000000003	320.00000000000085	
LA_T_6633979_0047	Boundary	True	False			official_v6_boundary_cpps_invalid_or_incomplete_support
LA_T_6633979_0047	Interior_A	True	True	79.9999999999983	79.99999999999885	
LA_T_6633979_0047	Interior_B	True	True	240.000000000002	240.00000000000256	
LA_T_6633979_0052	Boundary	True	False			official_v6_boundary_cpps_invalid_or_incomplete_support
LA_T_6633979_0052	Interior_A	True	True	160.0000000000037	159.99999999999716	
LA_T_6633979_0052	Interior_B	True	False	-159.9999999999966	-160.00000000000313	incomplete_strict_phone_support_for_nine_point_cpps_trajectory
LA_T_6633979_0057	Boundary	True	False			official_v6_boundary_cpps_invalid_or_incomplete_support
LA_T_6633979_0057	Interior_A	True	True	240.0000000000091	239.99999999999545	
LA_T_6633979_0057	Interior_B	True	False	-79.9999999999983	-79.99999999999774	incomplete_strict_phone_support_for_nine_point_cpps_trajectory
LA_T_6634666_0001	Boundary	True	False			official_v6_boundary_cpps_invalid_or_incomplete_support
LA_T_6634666_0001	Interior_A	True	True	80.00000000000007	80.00000000000063	
LA_T_6634666_0001	Interior_B	True	False	-80.00000000000007	-79.99999999999952	incomplete_strict_phone_support_for_nine_point_cpps_trajectory
LA_T_6634666_0004	Boundary	True	True			
LA_T_6634666_0004	Interior_A	True	True	79.9999999999983	80.00000000000063	
LA_T_6634666_0004	Interior_B	True	True	400.00000000000034	399.99999999999915	
LA_T_6634666_0007	Boundary	True	True			
LA_T_6634666_0007	Interior_A	True	False	-80.00000000000185	-79.99999999999952	incomplete_strict_phone_support_for_nine_point_cpps_trajectory
LA_T_6634666_0007	Interior_B	True	False	-80.00000000000007	-79.99999999999952	incomplete_strict_phone_support_for_nine_point_cpps_trajectory
LA_T_6634666_0008	Boundary	True	False			official_v6_boundary_cpps_invalid_or_incomplete_support
LA_T_6634666_0008	Interior_A	True	False	-80.00000000000007	-79.99999999999952	incomplete_strict_phone_support_for_nine_point_cpps_trajectory
LA_T_6634666_0008	Interior_B	True	True	239.99999999999844	240.00000000000077	
LA_T_6634666_0009	Boundary	True	False			official_v6_boundary_cpps_invalid_or_incomplete_support
LA_T_6634666_0009	Interior_A	True	True	239.99999999999844	240.00000000000077	
LA_T_6634666_0009	Interior_B	True	False	-160.00000000000014	-159.99999999999957	incomplete_strict_phone_support_for_nine_point_cpps_trajectory
LA_T_6634666_0010	Boundary	True	True			
LA_T_6634666_0010	Interior_A	True	False	-160.00000000000014	-159.99999999999957	incomplete_strict_phone_support_for_nine_point_cpps_trajectory
LA_T_6634666_0010	Interior_B	True	True	79.9999999999983	79.99999999999885	
LA_T_6634666_0011	Boundary	True	True			
LA_T_6634666_0011	Interior_A	True	True	79.9999999999983	79.99999999999885	
LA_T_6634666_0011	Interior_B	True	True	160.00000000000014	160.0000000000007	
LA_T_6634666_0012	Boundary	True	True			
LA_T_6634666_0012	Interior_A	True	True	160.00000000000014	160.0000000000007	
LA_T_6634666_0012	Interior_B	True	False	-160.00000000000014	-159.99999999999957	incomplete_strict_phone_support_for_nine_point_cpps_trajectory
LA_T_6634666_0014	Boundary	True	True			
LA_T_6634666_0014	Interior_A	True	False	-160.00000000000014	-160.00000000000313	incomplete_strict_phone_support_for_nine_point_cpps_trajectory
LA_T_6634666_0014	Interior_B	True	False	0.0	5.551115123125783e-13	incomplete_strict_phone_support_for_nine_point_cpps_trajectory
LA_T_6634666_0015	Boundary	True	False			official_v6_boundary_cpps_invalid_or_incomplete_support
LA_T_6634666_0015	Interior_A	True	False	0.0	5.551115123125783e-13	incomplete_strict_phone_support_for_nine_point_cpps_trajectory
LA_T_6634666_0015	Interior_B	True	False	-80.00000000000185	-79.99999999999774	incomplete_strict_phone_support_for_nine_point_cpps_trajectory
LA_T_6634666_0020	Boundary	True	True			
LA_T_6634666_0020	Interior_A	True	False	-160.00000000000014	-159.99999999999957	incomplete_strict_phone_support_for_nine_point_cpps_trajectory
LA_T_6634666_0020	Interior_B	True	True	79.9999999999983	80.0000000000024	
LA_T_6634666_0021	Boundary	True	True			
LA_T_6634666_0021	Interior_A	True	True	79.9999999999983	80.0000000000024	
LA_T_6634666_0021	Interior_B	True	True	239.99999999999844	239.999999999999	
LA_T_6634666_0028	Boundary	True	True			
LA_T_6634666_0028	Interior_A	True	False	0.0	5.551115123125783e-13	incomplete_strict_phone_support_for_nine_point_cpps_trajectory
LA_T_6634666_0028	Interior_B	True	False	-79.9999999999983	-80.00000000000485	incomplete_strict_phone_support_for_nine_point_cpps_trajectory
LA_T_6634666_0029	Boundary	True	True			
LA_T_6634666_0029	Interior_A	True	False	-79.9999999999983	-80.00000000000485	incomplete_strict_phone_support_for_nine_point_cpps_trajectory
LA_T_6634666_0029	Interior_B	True	False	-159.9999999999966	-160.00000000000313	incomplete_strict_phone_support_for_nine_point_cpps_trajectory
LA_T_6634666_0030	Boundary	True	False			official_v6_boundary_cpps_invalid_or_incomplete_support
LA_T_6634666_0030	Interior_A	True	False	-159.9999999999966	-160.00000000000313	incomplete_strict_phone_support_for_nine_point_cpps_trajectory
LA_T_6634666_0030	Interior_B	True	False	-79.9999999999983	-79.99999999999774	incomplete_strict_phone_support_for_nine_point_cpps_trajectory
LA_T_6634666_0031	Boundary	True	False			official_v6_boundary_cpps_invalid_or_incomplete_support
LA_T_6634666_0031	Interior_A	True	False	-79.9999999999983	-79.99999999999774	incomplete_strict_phone_support_for_nine_point_cpps_trajectory
LA_T_6634666_0031	Interior_B	True	True	479.9999999999969	479.99999999999744	
LA_T_6634666_0032	Boundary	True	True			
LA_T_6634666_0032	Interior_A	True	True	479.9999999999969	479.99999999999744	
LA_T_6634666_0032	Interior_B	True	True	79.9999999999983	80.00000000000595	
LA_T_6634666_0033	Boundary	True	True			
LA_T_6634666_0033	Interior_A	True	True	79.9999999999983	80.00000000000595	
LA_T_6634666_0033	Interior_B	True	False	-80.0000000000054	-79.99999999999774	incomplete_strict_phone_support_for_nine_point_cpps_trajectory
LA_T_6634666_0034	Boundary	True	True			
LA_T_6634666_0034	Interior_A	True	False	-80.0000000000054	-79.99999999999774	incomplete_strict_phone_support_for_nine_point_cpps_trajectory
LA_T_6634666_0034	Interior_B	True	False	-79.9999999999983	-80.00000000000485	incomplete_strict_phone_support_for_nine_point_cpps_trajectory
LA_T_6634780_0002	Boundary	True	True			
LA_T_6634780_0002	Interior_A	True	True	1120.000000000001	1119.999999999998	
LA_T_6634780_0002	Interior_B	True	False	0.0	5.551115123125783e-13	incomplete_strict_phone_support_for_nine_point_cpps_trajectory
LA_T_6634780_0006	Boundary	True	False			official_v6_boundary_cpps_invalid_or_incomplete_support
LA_T_6634780_0006	Interior_A	True	True	160.00000000000014	160.0000000000007	
LA_T_6634780_0006	Interior_B	True	True	79.9999999999983	79.99999999999885	
LA_T_6634780_0007	Boundary	True	True			
LA_T_6634780_0007	Interior_A	True	True	79.9999999999983	79.99999999999885	
LA_T_6634780_0007	Interior_B	True	False	-79.9999999999983	-80.0000000000013	incomplete_strict_phone_support_for_nine_point_cpps_trajectory
LA_T_6634780_0009	Boundary	True	True			
LA_T_6634780_0009	Interior_A	True	False	-160.0000000000037	-159.99999999999602	incomplete_strict_phone_support_for_nine_point_cpps_trajectory
LA_T_6634780_0009	Interior_B	True	False	0.0	5.551115123125783e-13	incomplete_strict_phone_support_for_nine_point_cpps_trajectory
LA_T_6634780_0010	Boundary	True	True			
LA_T_6634780_0010	Interior_A	True	False	0.0	5.551115123125783e-13	incomplete_strict_phone_support_for_nine_point_cpps_trajectory
LA_T_6634780_0010	Interior_B	True	True	239.99999999999488	240.00000000000256	
LA_T_6634780_0014	Boundary	True	True			
LA_T_6634780_0014	Interior_A	True	False	0.0	5.551115123125783e-13	incomplete_strict_phone_support_for_nine_point_cpps_trajectory
LA_T_6634780_0014	Interior_B	True	False	-79.9999999999983	-80.00000000000485	incomplete_strict_phone_support_for_nine_point_cpps_trajectory
LA_T_6634780_0015	Boundary	True	True			
LA_T_6634780_0015	Interior_A	True	False	-79.9999999999983	-80.00000000000485	incomplete_strict_phone_support_for_nine_point_cpps_trajectory
LA_T_6634780_0015	Interior_B	True	False	-79.9999999999983	-80.00000000000485	incomplete_strict_phone_support_for_nine_point_cpps_trajectory
LA_T_6634780_0016	Boundary	True	False			official_v6_boundary_cpps_invalid_or_incomplete_support
LA_T_6634780_0016	Interior_A	True	False	-79.9999999999983	-80.00000000000485	incomplete_strict_phone_support_for_nine_point_cpps_trajectory
LA_T_6634780_0016	Interior_B	True	True	320.0000000000003	320.00000000000085	
LA_T_6634780_0017	Boundary	True	False			official_v6_boundary_cpps_invalid_or_incomplete_support
LA_T_6634780_0017	Interior_A	True	True	320.0000000000003	320.00000000000085	
LA_T_6634780_0017	Interior_B	True	True	160.0000000000037	159.99999999999716	
LA_T_6634780_0018	Boundary	True	False			official_v6_boundary_cpps_invalid_or_incomplete_support
LA_T_6634780_0018	Interior_A	True	True	160.0000000000037	159.99999999999716	
LA_T_6634780_0018	Interior_B	True	True	79.9999999999983	79.99999999999885	
LA_T_6634780_0027	Boundary	True	False			official_v6_boundary_cpps_invalid_or_incomplete_support
LA_T_6634780_0027	Interior_A	True	True	319.9999999999932	320.00000000000085	
LA_T_6634780_0027	Interior_B	True	False	-159.9999999999966	-160.00000000000313	incomplete_strict_phone_support_for_nine_point_cpps_trajectory
LA_T_6634780_0028	Boundary	True	False			official_v6_boundary_cpps_invalid_or_incomplete_support
LA_T_6634780_0028	Interior_A	True	False	-159.9999999999966	-160.00000000000313	incomplete_strict_phone_support_for_nine_point_cpps_trajectory
LA_T_6634780_0028	Interior_B	True	False	0.0	5.551115123125783e-13	incomplete_strict_phone_support_for_nine_point_cpps_trajectory
LA_T_6634780_0029	Boundary	True	False			official_v6_boundary_cpps_invalid_or_incomplete_support
LA_T_6634780_0029	Interior_A	True	False	0.0	5.551115123125783e-13	incomplete_strict_phone_support_for_nine_point_cpps_trajectory
LA_T_6634780_0029	Interior_B	True	True	79.9999999999983	79.99999999999885	
LA_T_6634780_0034	Boundary	True	True			
LA_T_6634780_0034	Interior_A	True	True	79.9999999999983	79.99999999999885	
LA_T_6634780_0034	Interior_B	True	False	-80.0000000000054	-79.99999999999774	incomplete_strict_phone_support_for_nine_point_cpps_trajectory
LA_T_6634780_0037	Boundary	True	True			
LA_T_6634780_0037	Interior_A	True	False	-79.9999999999983	-79.99999999999774	incomplete_strict_phone_support_for_nine_point_cpps_trajectory
LA_T_6634780_0037	Interior_B	True	True	320.0000000000074	319.99999999999375	
LA_T_6634780_0038	Boundary	True	True			
LA_T_6634780_0038	Interior_A	True	True	320.0000000000074	319.99999999999375	
LA_T_6634780_0038	Interior_B	True	False	0.0	5.551115123125783e-13	incomplete_strict_phone_support_for_nine_point_cpps_trajectory
LA_T_6634780_0039	Boundary	True	False			official_v6_boundary_cpps_invalid_or_incomplete_support
LA_T_6634780_0039	Interior_A	True	False	0.0	5.551115123125783e-13	incomplete_strict_phone_support_for_nine_point_cpps_trajectory
LA_T_6634780_0039	Interior_B	True	True	79.9999999999983	79.99999999999885	
LA_T_6634780_0047	Boundary	True	True			
LA_T_6634780_0047	Interior_A	True	True	640.0000000000006	640.0000000000011	
LA_T_6634780_0047	Interior_B	True	False	-79.9999999999983	-79.99999999999774	incomplete_strict_phone_support_for_nine_point_cpps_trajectory
LA_T_6634780_0048	Boundary	True	True			
LA_T_6634780_0048	Interior_A	True	False	-79.9999999999983	-79.99999999999774	incomplete_strict_phone_support_for_nine_point_cpps_trajectory
LA_T_6634780_0048	Interior_B	True	True	239.99999999999488	239.99999999999545	
LA_T_6635819_0004	Boundary	True	False			official_v6_boundary_cpps_invalid_or_incomplete_support
LA_T_6635819_0004	Interior_A	True	False	0.0	5.551115123125783e-13	incomplete_strict_phone_support_for_nine_point_cpps_trajectory
LA_T_6635819_0004	Interior_B	True	False	-160.00000000000014	-159.99999999999957	incomplete_strict_phone_support_for_nine_point_cpps_trajectory
LA_T_6635819_0006	Boundary	True	True			
LA_T_6635819_0006	Interior_A	True	False	-160.0000000000037	-159.99999999999957	incomplete_strict_phone_support_for_nine_point_cpps_trajectory
LA_T_6635819_0006	Interior_B	True	False	0.0	5.551115123125783e-13	incomplete_strict_phone_support_for_nine_point_cpps_trajectory
LA_T_6635819_0009	Boundary	True	False			official_v6_boundary_cpps_invalid_or_incomplete_support
LA_T_6635819_0009	Interior_A	True	True	320.0000000000003	319.99999999999727	
LA_T_6635819_0009	Interior_B	True	True	240.000000000002	239.999999999999	
LA_T_6635819_0010	Boundary	True	False			official_v6_boundary_cpps_invalid_or_incomplete_support
LA_T_6635819_0010	Interior_A	True	True	240.000000000002	239.999999999999	
LA_T_6635819_0010	Interior_B	True	False	-80.00000000000185	-79.99999999999774	incomplete_strict_phone_support_for_nine_point_cpps_trajectory
LA_T_6635819_0014	Boundary	True	False			official_v6_boundary_cpps_invalid_or_incomplete_support
LA_T_6635819_0014	Interior_A	True	True	160.00000000000014	160.0000000000007	
LA_T_6635819_0014	Interior_B	True	True	320.0000000000003	320.00000000000085	
LA_T_6635819_0015	Boundary	True	False			official_v6_boundary_cpps_invalid_or_incomplete_support
LA_T_6635819_0015	Interior_A	True	True	320.0000000000003	320.00000000000085	
LA_T_6635819_0015	Interior_B	True	False	-159.9999999999966	-160.00000000000313	incomplete_strict_phone_support_for_nine_point_cpps_trajectory
LA_T_6635819_0016	Boundary	True	True			
LA_T_6635819_0016	Interior_A	True	False	-159.9999999999966	-160.00000000000313	incomplete_strict_phone_support_for_nine_point_cpps_trajectory
LA_T_6635819_0016	Interior_B	True	True	240.000000000002	239.99999999999545	
LA_T_6635843_0000	Boundary	True	True			
LA_T_6635843_0000	Interior_A	True	False	-80.00000000000185	-80.0000000000013	incomplete_strict_phone_support_for_nine_point_cpps_trajectory
LA_T_6635843_0000	Interior_B	True	False	-79.9999999999983	-80.0000000000013	incomplete_strict_phone_support_for_nine_point_cpps_trajectory
LA_T_6635843_0003	Boundary	True	True			
LA_T_6635843_0003	Interior_A	True	False	-160.00000000000014	-159.99999999999957	incomplete_strict_phone_support_for_nine_point_cpps_trajectory
LA_T_6635843_0003	Interior_B	True	False	-3.552713678800501e-12	5.551115123125783e-13	incomplete_strict_phone_support_for_nine_point_cpps_trajectory
LA_T_6635843_0009	Boundary	True	True			
LA_T_6635843_0009	Interior_A	True	False	-160.00000000000014	-159.99999999999957	incomplete_strict_phone_support_for_nine_point_cpps_trajectory
LA_T_6635843_0009	Interior_B	True	False	-80.00000000000185	-79.99999999999774	incomplete_strict_phone_support_for_nine_point_cpps_trajectory
LA_T_6635843_0014	Boundary	True	True			
LA_T_6635843_0014	Interior_A	True	False	-160.00000000000014	-160.00000000000313	incomplete_strict_phone_support_for_nine_point_cpps_trajectory
LA_T_6635843_0014	Interior_B	True	False	-159.9999999999966	-160.00000000000313	incomplete_strict_phone_support_for_nine_point_cpps_trajectory
LA_T_6635843_0015	Boundary	True	True			
LA_T_6635843_0015	Interior_A	True	False	-159.9999999999966	-160.00000000000313	incomplete_strict_phone_support_for_nine_point_cpps_trajectory
LA_T_6635843_0015	Interior_B	True	False	-159.9999999999966	-160.00000000000313	incomplete_strict_phone_support_for_nine_point_cpps_trajectory
LA_T_6635843_0016	Boundary	True	True			
LA_T_6635843_0016	Interior_A	True	False	-159.9999999999966	-160.00000000000313	incomplete_strict_phone_support_for_nine_point_cpps_trajectory
LA_T_6635843_0016	Interior_B	True	False	-159.9999999999966	-160.00000000000313	incomplete_strict_phone_support_for_nine_point_cpps_trajectory
LA_T_6635843_0020	Boundary	True	True			
LA_T_6635843_0020	Interior_A	True	False	-79.9999999999983	-79.99999999999774	incomplete_strict_phone_support_for_nine_point_cpps_trajectory
LA_T_6635843_0020	Interior_B	True	False	-80.0000000000054	-79.99999999999774	incomplete_strict_phone_support_for_nine_point_cpps_trajectory
LA_T_6635843_0021	Boundary	True	True			
LA_T_6635843_0021	Interior_A	True	False	-80.0000000000054	-79.99999999999774	incomplete_strict_phone_support_for_nine_point_cpps_trajectory
LA_T_6635843_0021	Interior_B	True	True	79.9999999999983	79.99999999999885	
LA_T_6635843_0022	Boundary	True	False			official_v6_boundary_cpps_invalid_or_incomplete_support
LA_T_6635843_0022	Interior_A	True	True	79.9999999999983	79.99999999999885	
LA_T_6635843_0022	Interior_B	True	False	0.0	5.551115123125783e-13	incomplete_strict_phone_support_for_nine_point_cpps_trajectory
LA_T_6635843_0026	Boundary	True	False			official_v6_boundary_cpps_invalid_or_incomplete_support
LA_T_6635843_0026	Interior_A	True	True	240.000000000002	239.99999999999545	
LA_T_6635843_0026	Interior_B	True	True	800.0000000000043	799.9999999999977	
LA_T_6635843_0027	Boundary	True	True			
LA_T_6635843_0027	Interior_A	True	True	800.0000000000043	799.9999999999977	
LA_T_6635843_0027	Interior_B	True	False	0.0	5.551115123125783e-13	incomplete_strict_phone_support_for_nine_point_cpps_trajectory
LA_T_6635843_0028	Boundary	True	True			
LA_T_6635843_0028	Interior_A	True	False	0.0	5.551115123125783e-13	incomplete_strict_phone_support_for_nine_point_cpps_trajectory
LA_T_6635843_0028	Interior_B	True	True	320.0000000000003	320.00000000000085	
LA_T_6635951_0000	Boundary	True	False			official_v6_boundary_cpps_invalid_or_incomplete_support
LA_T_6635951_0000	Interior_A	True	True	320.0000000000003	319.99999999999727	
LA_T_6635951_0000	Interior_B	True	True	160.00000000000014	160.0000000000007	
LA_T_6635951_0001	Boundary	True	True			
LA_T_6635951_0001	Interior_A	True	True	160.00000000000014	160.0000000000007	
LA_T_6635951_0001	Interior_B	True	True	160.00000000000014	160.0000000000007	
LA_T_6635951_0003	Boundary	True	True			
LA_T_6635951_0003	Interior_A	True	False	-160.0000000000037	-159.99999999999957	incomplete_strict_phone_support_for_nine_point_cpps_trajectory
LA_T_6635951_0003	Interior_B	True	True	640.0000000000006	640.0000000000011	
LA_T_6635951_0010	Boundary	True	True			
LA_T_6635951_0010	Interior_A	True	False	-160.00000000000014	-159.99999999999957	incomplete_strict_phone_support_for_nine_point_cpps_trajectory
LA_T_6635951_0010	Interior_B	True	False	-160.00000000000014	-160.00000000000313	incomplete_strict_phone_support_for_nine_point_cpps_trajectory
LA_T_6635951_0011	Boundary	True	True			
LA_T_6635951_0011	Interior_A	True	False	-160.00000000000014	-160.00000000000313	incomplete_strict_phone_support_for_nine_point_cpps_trajectory
LA_T_6635951_0011	Interior_B	True	True	80.0000000000054	79.99999999999885	
LA_T_6635951_0012	Boundary	True	True			
LA_T_6635951_0012	Interior_A	True	True	80.0000000000054	79.99999999999885	
LA_T_6635951_0012	Interior_B	True	False	-159.9999999999966	-160.00000000000313	incomplete_strict_phone_support_for_nine_point_cpps_trajectory
LA_T_6635951_0015	Boundary	True	True			
LA_T_6635951_0015	Interior_A	True	False	-79.9999999999983	-80.00000000000485	incomplete_strict_phone_support_for_nine_point_cpps_trajectory
LA_T_6635951_0015	Interior_B	True	False	-159.9999999999966	-160.00000000000313	incomplete_strict_phone_support_for_nine_point_cpps_trajectory
LA_T_6635951_0016	Boundary	True	False			official_v6_boundary_cpps_invalid_or_incomplete_support
LA_T_6635951_0016	Interior_A	True	False	-159.9999999999966	-160.00000000000313	incomplete_strict_phone_support_for_nine_point_cpps_trajectory
LA_T_6635951_0016	Interior_B	True	False	-79.9999999999983	-79.99999999999774	incomplete_strict_phone_support_for_nine_point_cpps_trajectory
LA_T_6635951_0017	Boundary	True	False			official_v6_boundary_cpps_invalid_or_incomplete_support
LA_T_6635951_0017	Interior_A	True	False	-79.9999999999983	-79.99999999999774	incomplete_strict_phone_support_for_nine_point_cpps_trajectory
LA_T_6635951_0017	Interior_B	True	False	-160.0000000000037	-159.99999999999602	incomplete_strict_phone_support_for_nine_point_cpps_trajectory
LA_T_6635951_0018	Boundary	True	True			
LA_T_6635951_0018	Interior_A	True	False	-160.0000000000037	-159.99999999999602	incomplete_strict_phone_support_for_nine_point_cpps_trajectory
LA_T_6635951_0018	Interior_B	True	True	79.9999999999983	79.99999999999885	
LA_T_6635951_0019	Boundary	True	False			official_v6_boundary_cpps_invalid_or_incomplete_support
LA_T_6635951_0019	Interior_A	True	True	79.9999999999983	79.99999999999885	
LA_T_6635951_0019	Interior_B	True	False	-159.9999999999966	-160.00000000000313	incomplete_strict_phone_support_for_nine_point_cpps_trajectory
LA_T_6635951_0022	Boundary	True	True			
LA_T_6635951_0022	Interior_A	True	False	-159.9999999999966	-160.00000000000313	incomplete_strict_phone_support_for_nine_point_cpps_trajectory
LA_T_6635951_0022	Interior_B	True	False	0.0	5.551115123125783e-13	incomplete_strict_phone_support_for_nine_point_cpps_trajectory
LA_T_6635951_0023	Boundary	True	False			official_v6_boundary_cpps_invalid_or_incomplete_support
LA_T_6635951_0023	Interior_A	True	False	0.0	5.551115123125783e-13	incomplete_strict_phone_support_for_nine_point_cpps_trajectory
LA_T_6635951_0023	Interior_B	True	False	0.0	5.551115123125783e-13	incomplete_strict_phone_support_for_nine_point_cpps_trajectory
LA_T_6635951_0024	Boundary	True	False			official_v6_boundary_cpps_invalid_or_incomplete_support
LA_T_6635951_0024	Interior_A	True	False	0.0	5.551115123125783e-13	incomplete_strict_phone_support_for_nine_point_cpps_trajectory
LA_T_6635951_0024	Interior_B	True	True	240.000000000002	239.99999999999545	
LA_T_6635951_0027	Boundary	True	True			
LA_T_6635951_0027	Interior_A	True	False	0.0	5.551115123125783e-13	incomplete_strict_phone_support_for_nine_point_cpps_trajectory
LA_T_6635951_0027	Interior_B	True	True	79.9999999999983	79.99999999999885	
LA_T_6635951_0028	Boundary	True	True			
LA_T_6635951_0028	Interior_A	True	True	79.9999999999983	79.99999999999885	
LA_T_6635951_0028	Interior_B	True	False	0.0	5.551115123125783e-13	incomplete_strict_phone_support_for_nine_point_cpps_trajectory
LA_T_6635951_0029	Boundary	True	True			
LA_T_6635951_0029	Interior_A	True	False	0.0	5.551115123125783e-13	incomplete_strict_phone_support_for_nine_point_cpps_trajectory
LA_T_6635951_0029	Interior_B	True	False	-159.9999999999966	-160.00000000000313	incomplete_strict_phone_support_for_nine_point_cpps_trajectory
LA_T_6635951_0030	Boundary	True	False			official_v6_boundary_cpps_invalid_or_incomplete_support
LA_T_6635951_0030	Interior_A	True	False	-159.9999999999966	-160.00000000000313	incomplete_strict_phone_support_for_nine_point_cpps_trajectory
LA_T_6635951_0030	Interior_B	True	True	239.99999999999488	240.00000000000256	
LA_T_6635951_0031	Boundary	True	False			official_v6_boundary_cpps_invalid_or_incomplete_support
LA_T_6635951_0031	Interior_A	True	True	239.99999999999488	240.00000000000256	
LA_T_6635951_0031	Interior_B	True	False	-79.9999999999983	-80.00000000000485	incomplete_strict_phone_support_for_nine_point_cpps_trajectory
LA_T_6635951_0034	Boundary	True	True			
LA_T_6635951_0034	Interior_A	True	False	-160.0000000000037	-159.99999999999602	incomplete_strict_phone_support_for_nine_point_cpps_trajectory
LA_T_6635951_0034	Interior_B	True	True	479.9999999999969	479.99999999999744	
LA_T_6635951_0035	Boundary	True	True			
LA_T_6635951_0035	Interior_A	True	True	479.9999999999969	479.99999999999744	
LA_T_6635951_0035	Interior_B	True	False	-79.9999999999983	-79.99999999999774	incomplete_strict_phone_support_for_nine_point_cpps_trajectory
LA_T_6635951_0036	Boundary	True	True			
LA_T_6635951_0036	Interior_A	True	False	-79.9999999999983	-79.99999999999774	incomplete_strict_phone_support_for_nine_point_cpps_trajectory
LA_T_6635951_0036	Interior_B	True	False	-160.0000000000037	-159.99999999999602	incomplete_strict_phone_support_for_nine_point_cpps_trajectory
LA_T_6635951_0037	Boundary	True	True			
LA_T_6635951_0037	Interior_A	True	False	-160.0000000000037	-159.99999999999602	incomplete_strict_phone_support_for_nine_point_cpps_trajectory
LA_T_6635951_0037	Interior_B	True	False	0.0	5.551115123125783e-13	incomplete_strict_phone_support_for_nine_point_cpps_trajectory
LA_T_6635951_0040	Boundary	True	True			
LA_T_6635951_0040	Interior_A	True	False	-159.9999999999966	-159.99999999999602	incomplete_strict_phone_support_for_nine_point_cpps_trajectory
LA_T_6635951_0040	Interior_B	True	False	-79.9999999999983	-79.99999999999774	incomplete_strict_phone_support_for_nine_point_cpps_trajectory
LA_T_6635951_0043	Boundary	True	True			
LA_T_6635951_0043	Interior_A	True	True	319.9999999999932	320.00000000000796	
LA_T_6635951_0043	Interior_B	True	False	-160.0000000000108	-159.99999999999602	incomplete_strict_phone_support_for_nine_point_cpps_trajectory
LA_T_6635951_0054	Boundary	True	False			official_v6_boundary_cpps_invalid_or_incomplete_support
LA_T_6635951_0054	Interior_A	True	False	-79.9999999999983	-79.99999999999774	incomplete_strict_phone_support_for_nine_point_cpps_trajectory
LA_T_6635951_0054	Interior_B	True	True	320.0000000000074	319.99999999999375	
LA_T_6635951_0055	Boundary	True	False			official_v6_boundary_cpps_invalid_or_incomplete_support
LA_T_6635951_0055	Interior_A	True	True	320.0000000000074	319.99999999999375	
LA_T_6635951_0055	Interior_B	True	True	479.99999999998977	480.00000000000455	
LA_T_6635951_0058	Boundary	True	False			official_v6_boundary_cpps_invalid_or_incomplete_support
LA_T_6635951_0058	Interior_A	True	False	-159.9999999999966	-159.99999999999602	incomplete_strict_phone_support_for_nine_point_cpps_trajectory
LA_T_6635951_0058	Interior_B	True	True	79.9999999999983	79.99999999999885	
LA_T_6635951_0064	Boundary	True	True			
LA_T_6635951_0064	Interior_A	True	True	159.9999999999966	159.99999999999716	
LA_T_6635951_0064	Interior_B	True	True	240.0000000000091	239.99999999999545	
LA_T_6635951_0065	Boundary	True	True			
LA_T_6635951_0065	Interior_A	True	True	240.0000000000091	239.99999999999545	
LA_T_6635951_0065	Interior_B	True	True	399.9999999999915	400.00000000000625	
LA_T_6635951_0066	Boundary	True	True			
LA_T_6635951_0066	Interior_A	True	True	399.9999999999915	400.00000000000625	
LA_T_6635951_0066	Interior_B	True	False	-79.9999999999983	-79.99999999999774	incomplete_strict_phone_support_for_nine_point_cpps_trajectory
LA_T_6635951_0067	Boundary	True	True			
LA_T_6635951_0067	Interior_A	True	False	-79.9999999999983	-79.99999999999774	incomplete_strict_phone_support_for_nine_point_cpps_trajectory
LA_T_6635951_0067	Interior_B	True	False	-79.9999999999983	-80.00000000001195	incomplete_strict_phone_support_for_nine_point_cpps_trajectory
LA_T_6635951_0068	Boundary	True	False			official_v6_boundary_cpps_invalid_or_incomplete_support
LA_T_6635951_0068	Interior_A	True	False	-79.9999999999983	-80.00000000001195	incomplete_strict_phone_support_for_nine_point_cpps_trajectory
LA_T_6635951_0068	Interior_B	True	True	320.0000000000074	319.99999999999375	
LA_T_6635951_0069	Boundary	True	False			official_v6_boundary_cpps_invalid_or_incomplete_support
LA_T_6635951_0069	Interior_A	True	True	320.0000000000074	319.99999999999375	
LA_T_6635951_0069	Interior_B	True	False	-79.9999999999983	-79.99999999999774	incomplete_strict_phone_support_for_nine_point_cpps_trajectory
LA_T_6635951_0072	Boundary	True	True			
LA_T_6635951_0072	Interior_A	True	True	159.9999999999966	159.99999999999716	
LA_T_6635951_0072	Interior_B	True	False	-159.9999999999966	-159.99999999999602	incomplete_strict_phone_support_for_nine_point_cpps_trajectory
LA_T_6635951_0073	Boundary	True	True			
LA_T_6635951_0073	Interior_A	True	False	-159.9999999999966	-159.99999999999602	incomplete_strict_phone_support_for_nine_point_cpps_trajectory
LA_T_6635951_0073	Interior_B	True	True	1119.9999999999905	1120.000000000005	
LA_T_6639220_0001	Boundary	True	True			
LA_T_6639220_0001	Interior_A	True	True	480.00000000000045	480.00000000000097	
LA_T_6639220_0001	Interior_B	True	False	-160.00000000000014	-159.99999999999957	incomplete_strict_phone_support_for_nine_point_cpps_trajectory
LA_T_6639220_0002	Boundary	True	False			official_v6_boundary_cpps_invalid_or_incomplete_support
LA_T_6639220_0002	Interior_A	True	False	-160.00000000000014	-159.99999999999957	incomplete_strict_phone_support_for_nine_point_cpps_trajectory
LA_T_6639220_0002	Interior_B	True	True	319.9999999999967	320.00000000000085	
LA_T_6639220_0003	Boundary	True	False			official_v6_boundary_cpps_invalid_or_incomplete_support
LA_T_6639220_0003	Interior_A	True	True	319.9999999999967	320.00000000000085	
LA_T_6639220_0003	Interior_B	True	False	0.0	5.551115123125783e-13	incomplete_strict_phone_support_for_nine_point_cpps_trajectory
LA_T_6639220_0004	Boundary	True	True			
LA_T_6639220_0004	Interior_A	True	False	0.0	5.551115123125783e-13	incomplete_strict_phone_support_for_nine_point_cpps_trajectory
LA_T_6639220_0004	Interior_B	True	False	-80.00000000000185	-79.99999999999774	incomplete_strict_phone_support_for_nine_point_cpps_trajectory
LA_T_6639220_0012	Boundary	True	True			
LA_T_6639220_0012	Interior_A	True	True	240.000000000002	239.99999999999545	
LA_T_6639220_0012	Interior_B	True	True	399.9999999999986	400.00000000000625	
LA_T_6639220_0013	Boundary	True	True			
LA_T_6639220_0013	Interior_A	True	True	399.9999999999986	400.00000000000625	
LA_T_6639220_0013	Interior_B	True	True	159.9999999999966	159.99999999999716	
LA_T_6639220_0016	Boundary	True	True			
LA_T_6639220_0016	Interior_A	True	False	-159.9999999999966	-160.00000000000313	incomplete_strict_phone_support_for_nine_point_cpps_trajectory
LA_T_6639220_0016	Interior_B	True	False	-159.9999999999966	-160.00000000000313	incomplete_strict_phone_support_for_nine_point_cpps_trajectory
LA_T_6639220_0020	Boundary	True	True			
LA_T_6639220_0020	Interior_A	True	False	-159.9999999999966	-160.00000000000313	incomplete_strict_phone_support_for_nine_point_cpps_trajectory
LA_T_6639220_0020	Interior_B	True	True	80.0000000000054	79.99999999999885	
LA_T_6639220_0021	Boundary	True	False			official_v6_boundary_cpps_invalid_or_incomplete_support
LA_T_6639220_0021	Interior_A	True	True	80.0000000000054	79.99999999999885	
LA_T_6639220_0021	Interior_B	True	False	-7.105427357601002e-12	5.551115123125783e-13	incomplete_strict_phone_support_for_nine_point_cpps_trajectory
LA_T_6639220_0022	Boundary	True	False			official_v6_boundary_cpps_invalid_or_incomplete_support
LA_T_6639220_0022	Interior_A	True	False	-7.105427357601002e-12	5.551115123125783e-13	incomplete_strict_phone_support_for_nine_point_cpps_trajectory
LA_T_6639220_0022	Interior_B	True	False	0.0	5.551115123125783e-13	incomplete_strict_phone_support_for_nine_point_cpps_trajectory
LA_T_6639220_0023	Boundary	True	False			official_v6_boundary_cpps_invalid_or_incomplete_support
LA_T_6639220_0023	Interior_A	True	False	0.0	5.551115123125783e-13	incomplete_strict_phone_support_for_nine_point_cpps_trajectory
LA_T_6639220_0023	Interior_B	True	False	-159.9999999999966	-160.00000000000313	incomplete_strict_phone_support_for_nine_point_cpps_trajectory
LA_T_6639220_0027	Boundary	True	False			official_v6_boundary_cpps_invalid_or_incomplete_support
LA_T_6639220_0027	Interior_A	True	False	0.0	5.551115123125783e-13	incomplete_strict_phone_support_for_nine_point_cpps_trajectory
LA_T_6639220_0027	Interior_B	True	False	-80.0000000000054	-79.99999999999774	incomplete_strict_phone_support_for_nine_point_cpps_trajectory
LA_T_6639220_0028	Boundary	True	False			official_v6_boundary_cpps_invalid_or_incomplete_support
LA_T_6639220_0028	Interior_A	True	False	-80.0000000000054	-79.99999999999774	incomplete_strict_phone_support_for_nine_point_cpps_trajectory
LA_T_6639220_0028	Interior_B	True	True	320.0000000000003	320.00000000000085	
LA_T_6639220_0033	Boundary	True	True			
LA_T_6639220_0033	Interior_A	True	False	0.0	5.551115123125783e-13	incomplete_strict_phone_support_for_nine_point_cpps_trajectory
LA_T_6639220_0033	Interior_B	True	False	-79.9999999999983	-80.00000000000485	incomplete_strict_phone_support_for_nine_point_cpps_trajectory
LA_T_6639220_0036	Boundary	True	True			
LA_T_6639220_0036	Interior_A	True	False	-160.0000000000037	-159.99999999999602	incomplete_strict_phone_support_for_nine_point_cpps_trajectory
LA_T_6639220_0036	Interior_B	True	False	-160.0000000000108	-159.99999999999602	incomplete_strict_phone_support_for_nine_point_cpps_trajectory
LA_T_6639220_0037	Boundary	True	True			
LA_T_6639220_0037	Interior_A	True	False	-160.0000000000108	-159.99999999999602	incomplete_strict_phone_support_for_nine_point_cpps_trajectory
LA_T_6639220_0037	Interior_B	True	False	-159.9999999999966	-159.99999999999602	incomplete_strict_phone_support_for_nine_point_cpps_trajectory
LA_T_6639220_0038	Boundary	True	False			official_v6_boundary_cpps_invalid_or_incomplete_support
LA_T_6639220_0038	Interior_A	True	False	-159.9999999999966	-159.99999999999602	incomplete_strict_phone_support_for_nine_point_cpps_trajectory
LA_T_6639220_0038	Interior_B	True	False	-80.0000000000125	-79.99999999999774	incomplete_strict_phone_support_for_nine_point_cpps_trajectory
LA_T_6639220_0041	Boundary	True	True			
LA_T_6639220_0041	Interior_A	True	False	-79.9999999999983	-79.99999999999774	incomplete_strict_phone_support_for_nine_point_cpps_trajectory
LA_T_6639220_0041	Interior_B	True	False	-79.9999999999983	-79.99999999999774	incomplete_strict_phone_support_for_nine_point_cpps_trajectory
LA_T_6639220_0042	Boundary	True	True			
LA_T_6639220_0042	Interior_A	True	False	-79.9999999999983	-79.99999999999774	incomplete_strict_phone_support_for_nine_point_cpps_trajectory
LA_T_6639220_0042	Interior_B	True	False	0.0	5.551115123125783e-13	incomplete_strict_phone_support_for_nine_point_cpps_trajectory
LA_T_6639220_0043	Boundary	True	False			official_v6_boundary_cpps_invalid_or_incomplete_support
LA_T_6639220_0043	Interior_A	True	False	0.0	5.551115123125783e-13	incomplete_strict_phone_support_for_nine_point_cpps_trajectory
LA_T_6639220_0043	Interior_B	True	True	319.9999999999932	319.99999999999375	
LA_T_6639220_0046	Boundary	True	False			official_v6_boundary_cpps_invalid_or_incomplete_support
LA_T_6639220_0046	Interior_A	True	True	400.0000000000057	400.00000000000625	
LA_T_6639220_0046	Interior_B	True	True	399.9999999999915	400.00000000000625	
LA_T_6639220_0047	Boundary	True	True			
LA_T_6639220_0047	Interior_A	True	True	399.9999999999915	400.00000000000625	
LA_T_6639220_0047	Interior_B	True	False	-159.9999999999966	-160.00000000001023	incomplete_strict_phone_support_for_nine_point_cpps_trajectory
LA_T_6639220_0050	Boundary	True	True			
LA_T_6639220_0050	Interior_A	True	False	0.0	5.551115123125783e-13	incomplete_strict_phone_support_for_nine_point_cpps_trajectory
LA_T_6639220_0050	Interior_B	True	True	79.9999999999983	79.99999999999885	
LA_T_6639220_0051	Boundary	True	True			
LA_T_6639220_0051	Interior_A	True	True	79.9999999999983	79.99999999999885	
LA_T_6639220_0051	Interior_B	True	False	-159.9999999999966	-159.99999999999602	incomplete_strict_phone_support_for_nine_point_cpps_trajectory
LA_T_6639220_0052	Boundary	True	True			
LA_T_6639220_0052	Interior_A	True	False	-159.9999999999966	-159.99999999999602	incomplete_strict_phone_support_for_nine_point_cpps_trajectory
LA_T_6639220_0052	Interior_B	True	False	-80.0000000000125	-79.99999999999774	incomplete_strict_phone_support_for_nine_point_cpps_trajectory
LA_T_6639220_0053	Boundary	True	True			
LA_T_6639220_0053	Interior_A	True	False	-80.0000000000125	-79.99999999999774	incomplete_strict_phone_support_for_nine_point_cpps_trajectory
LA_T_6639220_0053	Interior_B	True	False	-159.9999999999966	-159.99999999999602	incomplete_strict_phone_support_for_nine_point_cpps_trajectory
LA_T_6639220_0054	Boundary	True	True			
LA_T_6639220_0054	Interior_A	True	False	-159.9999999999966	-159.99999999999602	incomplete_strict_phone_support_for_nine_point_cpps_trajectory
LA_T_6639220_0054	Interior_B	True	False	-79.9999999999983	-79.99999999999774	incomplete_strict_phone_support_for_nine_point_cpps_trajectory
LA_T_6639220_0057	Boundary	True	False			official_v6_boundary_cpps_invalid_or_incomplete_support
LA_T_6639220_0057	Interior_A	True	True	159.9999999999966	159.99999999999716	
LA_T_6639220_0057	Interior_B	True	True	319.9999999999932	320.00000000000796	
LA_T_6639432_0001	Boundary	True	False			official_v6_boundary_cpps_invalid_or_incomplete_support
LA_T_6639432_0001	Interior_A	True	False	-8.881784197001252e-13	1.4432899320127035e-12	incomplete_strict_phone_support_for_nine_point_cpps_trajectory
LA_T_6639432_0001	Interior_B	True	False	0.0	5.551115123125783e-13	incomplete_strict_phone_support_for_nine_point_cpps_trajectory
LA_T_6639432_0003	Boundary	True	True			
LA_T_6639432_0003	Interior_A	True	False	-160.00000000000014	-159.99999999999957	incomplete_strict_phone_support_for_nine_point_cpps_trajectory
LA_T_6639432_0003	Interior_B	True	False	-80.00000000000185	-79.99999999999952	incomplete_strict_phone_support_for_nine_point_cpps_trajectory
LA_T_6639432_0004	Boundary	True	True			
LA_T_6639432_0004	Interior_A	True	False	-80.00000000000185	-79.99999999999952	incomplete_strict_phone_support_for_nine_point_cpps_trajectory
LA_T_6639432_0004	Interior_B	True	False	-160.00000000000014	-159.99999999999957	incomplete_strict_phone_support_for_nine_point_cpps_trajectory
LA_T_6639432_0006	Boundary	True	False			official_v6_boundary_cpps_invalid_or_incomplete_support
LA_T_6639432_0006	Interior_A	True	False	-160.00000000000193	-159.99999999999957	incomplete_strict_phone_support_for_nine_point_cpps_trajectory
LA_T_6639432_0006	Interior_B	True	False	0.0	5.551115123125783e-13	incomplete_strict_phone_support_for_nine_point_cpps_trajectory
LA_T_6639432_0007	Boundary	True	False			official_v6_boundary_cpps_invalid_or_incomplete_support
LA_T_6639432_0007	Interior_A	True	False	0.0	5.551115123125783e-13	incomplete_strict_phone_support_for_nine_point_cpps_trajectory
LA_T_6639432_0007	Interior_B	True	True	79.9999999999983	80.00000000000063	
LA_T_6639432_0010	Boundary	True	False			official_v6_boundary_cpps_invalid_or_incomplete_support
LA_T_6639432_0010	Interior_A	True	True	239.99999999999844	240.00000000000077	
LA_T_6639432_0010	Interior_B	True	False	-160.00000000000014	-159.99999999999957	incomplete_strict_phone_support_for_nine_point_cpps_trajectory
LA_T_6639432_0011	Boundary	True	False			official_v6_boundary_cpps_invalid_or_incomplete_support
LA_T_6639432_0011	Interior_A	True	False	-160.00000000000014	-159.99999999999957	incomplete_strict_phone_support_for_nine_point_cpps_trajectory
LA_T_6639432_0011	Interior_B	True	True	239.99999999999844	239.999999999999	
LA_T_6639432_0012	Boundary	True	True			
LA_T_6639432_0012	Interior_A	True	True	239.99999999999844	239.999999999999	
LA_T_6639432_0012	Interior_B	True	False	-160.00000000000014	-159.99999999999957	incomplete_strict_phone_support_for_nine_point_cpps_trajectory
LA_T_6639441_0000	Boundary	True	True			
LA_T_6639441_0000	Interior_A	True	False	-80.00000000000007	-79.99999999999996	incomplete_strict_phone_support_for_nine_point_cpps_trajectory
LA_T_6639441_0000	Interior_B	True	False	-80.00000000000007	-79.99999999999996	incomplete_strict_phone_support_for_nine_point_cpps_trajectory
LA_T_6639441_0004	Boundary	True	False			official_v6_boundary_cpps_invalid_or_incomplete_support
LA_T_6639441_0004	Interior_A	True	False	-80.00000000000007	-79.99999999999952	incomplete_strict_phone_support_for_nine_point_cpps_trajectory
LA_T_6639441_0004	Interior_B	True	False	-160.00000000000014	-159.99999999999957	incomplete_strict_phone_support_for_nine_point_cpps_trajectory
LA_T_6639441_0007	Boundary	True	False			official_v6_boundary_cpps_invalid_or_incomplete_support
LA_T_6639441_0007	Interior_A	True	False	-79.99999999999918	-79.99999999999952	incomplete_strict_phone_support_for_nine_point_cpps_trajectory
LA_T_6639441_0007	Interior_B	True	False	-160.00000000000014	-160.00000000000136	incomplete_strict_phone_support_for_nine_point_cpps_trajectory
LA_T_6639441_0010	Boundary	True	True			
LA_T_6639441_0010	Interior_A	True	False	-80.00000000000007	-80.0000000000013	incomplete_strict_phone_support_for_nine_point_cpps_trajectory
LA_T_6639441_0010	Interior_B	True	True	80.00000000000007	80.00000000000063	
LA_T_6639441_0011	Boundary	True	True			
LA_T_6639441_0011	Interior_A	True	True	80.00000000000007	80.00000000000063	
LA_T_6639441_0011	Interior_B	True	False	-80.00000000000185	-79.99999999999952	incomplete_strict_phone_support_for_nine_point_cpps_trajectory
LA_T_6639441_0016	Boundary	True	True			
LA_T_6639441_0016	Interior_A	True	False	0.0	5.551115123125783e-13	incomplete_strict_phone_support_for_nine_point_cpps_trajectory
LA_T_6639441_0016	Interior_B	True	False	0.0	-2.9976021664879227e-12	incomplete_strict_phone_support_for_nine_point_cpps_trajectory
LA_T_6639441_0019	Boundary	True	False			official_v6_boundary_cpps_invalid_or_incomplete_support
LA_T_6639441_0019	Interior_A	True	False	-79.9999999999983	-80.0000000000013	incomplete_strict_phone_support_for_nine_point_cpps_trajectory
LA_T_6639441_0019	Interior_B	True	False	-160.00000000000014	-159.99999999999957	incomplete_strict_phone_support_for_nine_point_cpps_trajectory
LA_T_6639441_0020	Boundary	True	False			official_v6_boundary_cpps_invalid_or_incomplete_support
LA_T_6639441_0020	Interior_A	True	False	-160.00000000000014	-159.99999999999957	incomplete_strict_phone_support_for_nine_point_cpps_trajectory
LA_T_6639441_0020	Interior_B	True	False	-160.00000000000014	-160.00000000000313	incomplete_strict_phone_support_for_nine_point_cpps_trajectory
LA_T_6639441_0026	Boundary	True	True			
LA_T_6639441_0026	Interior_A	True	False	-80.00000000000185	-80.0000000000013	incomplete_strict_phone_support_for_nine_point_cpps_trajectory
LA_T_6639441_0026	Interior_B	True	False	0.0	5.551115123125783e-13	incomplete_strict_phone_support_for_nine_point_cpps_trajectory
LA_T_6639441_0027	Boundary	True	False			official_v6_boundary_cpps_invalid_or_incomplete_support
LA_T_6639441_0027	Interior_A	True	False	0.0	5.551115123125783e-13	incomplete_strict_phone_support_for_nine_point_cpps_trajectory
LA_T_6639441_0027	Interior_B	True	True	160.00000000000014	160.0000000000007	
LA_T_6639441_0038	Boundary	True	False			official_v6_boundary_cpps_invalid_or_incomplete_support
LA_T_6639441_0038	Interior_A	True	True	239.99999999999488	240.00000000000256	
LA_T_6639441_0038	Interior_B	True	False	-159.9999999999966	-160.00000000000313	incomplete_strict_phone_support_for_nine_point_cpps_trajectory
LA_T_6639441_0039	Boundary	True	True			
LA_T_6639441_0039	Interior_A	True	False	-159.9999999999966	-160.00000000000313	incomplete_strict_phone_support_for_nine_point_cpps_trajectory
LA_T_6639441_0039	Interior_B	True	True	240.000000000002	239.99999999999545	
LA_T_6639441_0040	Boundary	True	True			
LA_T_6639441_0040	Interior_A	True	True	240.000000000002	239.99999999999545	
LA_T_6639441_0040	Interior_B	True	False	-159.9999999999966	-160.00000000000313	incomplete_strict_phone_support_for_nine_point_cpps_trajectory
LA_T_6639919_0002	Boundary	True	False			official_v6_boundary_cpps_invalid_or_incomplete_support
LA_T_6639919_0002	Interior_A	True	True	239.99999999999932	240.00000000000077	
LA_T_6639919_0002	Interior_B	True	True	319.9999999999985	320.00000000000085	
LA_T_6639919_0003	Boundary	True	True			
LA_T_6639919_0003	Interior_A	True	True	319.9999999999985	320.00000000000085	
LA_T_6639919_0003	Interior_B	True	False	-160.00000000000014	-159.99999999999957	incomplete_strict_phone_support_for_nine_point_cpps_trajectory
LA_T_6639919_0007	Boundary	True	True			
LA_T_6639919_0007	Interior_A	True	False	-160.00000000000193	-159.99999999999957	incomplete_strict_phone_support_for_nine_point_cpps_trajectory
LA_T_6639919_0007	Interior_B	True	False	-160.00000000000014	-159.99999999999957	incomplete_strict_phone_support_for_nine_point_cpps_trajectory
LA_T_6639919_0008	Boundary	True	True			
LA_T_6639919_0008	Interior_A	True	False	-160.00000000000014	-159.99999999999957	incomplete_strict_phone_support_for_nine_point_cpps_trajectory
LA_T_6639919_0008	Interior_B	True	False	-80.00000000000185	-79.99999999999774	incomplete_strict_phone_support_for_nine_point_cpps_trajectory
LA_T_6639919_0010	Boundary	True	True			
LA_T_6639919_0010	Interior_A	True	False	-160.0000000000037	-159.99999999999957	incomplete_strict_phone_support_for_nine_point_cpps_trajectory
LA_T_6639919_0010	Interior_B	True	True	80.00000000000185	79.99999999999885	
LA_T_6639919_0011	Boundary	True	True			
LA_T_6639919_0011	Interior_A	True	True	80.00000000000185	79.99999999999885	
LA_T_6639919_0011	Interior_B	True	False	0.0	5.551115123125783e-13	incomplete_strict_phone_support_for_nine_point_cpps_trajectory
LA_T_6639919_0014	Boundary	True	False			official_v6_boundary_cpps_invalid_or_incomplete_support
LA_T_6639919_0014	Interior_A	True	True	160.00000000000014	160.0000000000007	
LA_T_6639919_0014	Interior_B	True	False	0.0	5.551115123125783e-13	incomplete_strict_phone_support_for_nine_point_cpps_trajectory
LA_T_6639919_0015	Boundary	True	False			official_v6_boundary_cpps_invalid_or_incomplete_support
LA_T_6639919_0015	Interior_A	True	False	0.0	5.551115123125783e-13	incomplete_strict_phone_support_for_nine_point_cpps_trajectory
LA_T_6639919_0015	Interior_B	True	False	-160.00000000000014	-160.00000000000313	incomplete_strict_phone_support_for_nine_point_cpps_trajectory
LA_T_6639919_0019	Boundary	True	True			
LA_T_6639919_0019	Interior_A	True	False	-160.00000000000014	-159.99999999999957	incomplete_strict_phone_support_for_nine_point_cpps_trajectory
LA_T_6639919_0019	Interior_B	True	True	79.9999999999983	79.99999999999885	
LA_T_6639919_0020	Boundary	True	True			
LA_T_6639919_0020	Interior_A	True	True	79.9999999999983	79.99999999999885	
LA_T_6639919_0020	Interior_B	True	False	-79.9999999999983	-80.0000000000013	incomplete_strict_phone_support_for_nine_point_cpps_trajectory
LA_T_6639919_0021	Boundary	True	True			
LA_T_6639919_0021	Interior_A	True	False	-79.9999999999983	-80.0000000000013	incomplete_strict_phone_support_for_nine_point_cpps_trajectory
LA_T_6639919_0021	Interior_B	True	False	-80.00000000000185	-79.99999999999774	incomplete_strict_phone_support_for_nine_point_cpps_trajectory
LA_T_6639919_0022	Boundary	True	True			
LA_T_6639919_0022	Interior_A	True	False	-80.00000000000185	-79.99999999999774	incomplete_strict_phone_support_for_nine_point_cpps_trajectory
LA_T_6639919_0022	Interior_B	True	True	399.9999999999986	399.99999999999915	
LA_T_6639919_0023	Boundary	True	True			
LA_T_6639919_0023	Interior_A	True	True	399.9999999999986	399.99999999999915	
LA_T_6639919_0023	Interior_B	True	False	0.0	5.551115123125783e-13	incomplete_strict_phone_support_for_nine_point_cpps_trajectory
LA_T_6639919_0024	Boundary	True	True			
LA_T_6639919_0024	Interior_A	True	False	0.0	5.551115123125783e-13	incomplete_strict_phone_support_for_nine_point_cpps_trajectory
LA_T_6639919_0024	Interior_B	True	True	240.000000000002	239.99999999999545	
LA_T_6639919_0025	Boundary	True	True			
LA_T_6639919_0025	Interior_A	True	True	240.000000000002	239.99999999999545	
LA_T_6639919_0025	Interior_B	True	True	560.0000000000023	559.9999999999957	
LA_T_6639919_0030	Boundary	True	False			official_v6_boundary_cpps_invalid_or_incomplete_support
LA_T_6639919_0030	Interior_A	True	True	159.9999999999966	160.00000000000426	
LA_T_6639919_0030	Interior_B	True	False	-160.0000000000037	-159.99999999999602	incomplete_strict_phone_support_for_nine_point_cpps_trajectory
LA_T_6639919_0033	Boundary	True	True			
LA_T_6639919_0033	Interior_A	True	False	-160.0000000000037	-160.00000000000313	incomplete_strict_phone_support_for_nine_point_cpps_trajectory
LA_T_6639919_0033	Interior_B	True	True	80.0000000000054	79.99999999999885	
LA_T_6639919_0034	Boundary	True	True			
LA_T_6639919_0034	Interior_A	True	True	80.0000000000054	79.99999999999885	
LA_T_6639919_0034	Interior_B	True	True	79.9999999999983	79.99999999999885	
LA_T_6639919_0035	Boundary	True	True			
LA_T_6639919_0035	Interior_A	True	True	79.9999999999983	79.99999999999885	
LA_T_6639919_0035	Interior_B	True	False	-160.0000000000037	-159.99999999999602	incomplete_strict_phone_support_for_nine_point_cpps_trajectory
LA_T_6639919_0036	Boundary	True	True			
LA_T_6639919_0036	Interior_A	True	False	-160.0000000000037	-159.99999999999602	incomplete_strict_phone_support_for_nine_point_cpps_trajectory
LA_T_6639919_0036	Interior_B	True	True	79.9999999999983	79.99999999999885	
LA_T_6639919_0037	Boundary	True	False			official_v6_boundary_cpps_invalid_or_incomplete_support
LA_T_6639919_0037	Interior_A	True	True	79.9999999999983	79.99999999999885	
LA_T_6639919_0037	Interior_B	True	True	79.9999999999983	80.00000000000595	
LA_T_6639919_0040	Boundary	True	False			official_v6_boundary_cpps_invalid_or_incomplete_support
LA_T_6639919_0040	Interior_A	True	False	-79.9999999999983	-80.00000000000485	incomplete_strict_phone_support_for_nine_point_cpps_trajectory
LA_T_6639919_0040	Interior_B	True	True	80.0000000000054	79.99999999999885	
LA_T_6639919_0046	Boundary	True	False			official_v6_boundary_cpps_invalid_or_incomplete_support
LA_T_6639919_0046	Interior_A	True	False	-79.9999999999983	-79.99999999999774	incomplete_strict_phone_support_for_nine_point_cpps_trajectory
LA_T_6639919_0046	Interior_B	True	True	159.9999999999966	159.99999999999716	
LA_T_6639919_0047	Boundary	True	False			official_v6_boundary_cpps_invalid_or_incomplete_support
LA_T_6639919_0047	Interior_A	True	True	159.9999999999966	159.99999999999716	
LA_T_6639919_0047	Interior_B	True	True	240.0000000000091	239.99999999999545	
LA_T_6639919_0048	Boundary	True	False			official_v6_boundary_cpps_invalid_or_incomplete_support
LA_T_6639919_0048	Interior_A	True	True	240.0000000000091	239.99999999999545	
LA_T_6639919_0048	Interior_B	True	True	79.9999999999983	79.99999999999885	
LA_T_6639919_0057	Boundary	True	False			official_v6_boundary_cpps_invalid_or_incomplete_support
LA_T_6639919_0057	Interior_A	True	True	399.9999999999915	400.00000000000625	
LA_T_6639919_0057	Interior_B	True	True	79.9999999999983	79.99999999999885	
LA_T_6639919_0058	Boundary	True	True			
LA_T_6639919_0058	Interior_A	True	True	79.9999999999983	79.99999999999885	
LA_T_6639919_0058	Interior_B	True	True	159.9999999999966	159.99999999999716	
LA_T_6639919_0059	Boundary	True	True			
LA_T_6639919_0059	Interior_A	True	True	159.9999999999966	159.99999999999716	
LA_T_6639919_0059	Interior_B	True	False	-159.9999999999966	-159.99999999999602	incomplete_strict_phone_support_for_nine_point_cpps_trajectory
LA_T_6639919_0060	Boundary	True	True			
LA_T_6639919_0060	Interior_A	True	False	-159.9999999999966	-159.99999999999602	incomplete_strict_phone_support_for_nine_point_cpps_trajectory
LA_T_6639919_0060	Interior_B	True	False	-80.0000000000125	-79.99999999999774	incomplete_strict_phone_support_for_nine_point_cpps_trajectory
LA_T_6639919_0061	Boundary	True	True			
LA_T_6639919_0061	Interior_A	True	False	-80.0000000000125	-79.99999999999774	incomplete_strict_phone_support_for_nine_point_cpps_trajectory
LA_T_6639919_0061	Interior_B	True	False	0.0	5.551115123125783e-13	incomplete_strict_phone_support_for_nine_point_cpps_trajectory
LA_T_6639919_0062	Boundary	True	True			
LA_T_6639919_0062	Interior_A	True	False	0.0	5.551115123125783e-13	incomplete_strict_phone_support_for_nine_point_cpps_trajectory
LA_T_6639919_0062	Interior_B	True	True	79.9999999999983	80.00000000001306	
LA_T_6639919_0063	Boundary	True	True			
LA_T_6639919_0063	Interior_A	True	True	79.9999999999983	80.00000000001306	
LA_T_6639919_0063	Interior_B	True	True	79.9999999999983	79.99999999999885	
LA_T_6639919_0064	Boundary	True	False			official_v6_boundary_cpps_invalid_or_incomplete_support
LA_T_6639919_0064	Interior_A	True	True	79.9999999999983	79.99999999999885	
LA_T_6639919_0064	Interior_B	True	True	239.99999999999488	239.99999999999545	
LA_T_6639919_0065	Boundary	True	False			official_v6_boundary_cpps_invalid_or_incomplete_support
LA_T_6639919_0065	Interior_A	True	True	239.99999999999488	239.99999999999545	
LA_T_6639919_0065	Interior_B	True	False	0.0	5.551115123125783e-13	incomplete_strict_phone_support_for_nine_point_cpps_trajectory
LA_T_6639919_0066	Boundary	True	True			
LA_T_6639919_0066	Interior_A	True	False	0.0	5.551115123125783e-13	incomplete_strict_phone_support_for_nine_point_cpps_trajectory
LA_T_6639919_0066	Interior_B	True	False	-79.9999999999983	-79.99999999999774	incomplete_strict_phone_support_for_nine_point_cpps_trajectory
LA_T_6639919_0067	Boundary	True	True			
LA_T_6639919_0067	Interior_A	True	False	-79.9999999999983	-79.99999999999774	incomplete_strict_phone_support_for_nine_point_cpps_trajectory
LA_T_6639919_0067	Interior_B	True	False	0.0	5.551115123125783e-13	incomplete_strict_phone_support_for_nine_point_cpps_trajectory
LA_T_6639919_0068	Boundary	True	True			
LA_T_6639919_0068	Interior_A	True	False	0.0	5.551115123125783e-13	incomplete_strict_phone_support_for_nine_point_cpps_trajectory
LA_T_6639919_0068	Interior_B	True	True	400.0000000000057	399.99999999999204	
LA_T_6639919_0069	Boundary	True	False			official_v6_boundary_cpps_invalid_or_incomplete_support
LA_T_6639919_0069	Interior_A	True	True	400.0000000000057	399.99999999999204	
LA_T_6639919_0069	Interior_B	True	True	480.000000000004	479.99999999999034	
LA_T_6642132_0000	Boundary	True	False			official_v6_boundary_cpps_invalid_or_incomplete_support
LA_T_6642132_0000	Interior_A	True	True	80.00000000000097	79.99999999999974	
LA_T_6642132_0000	Interior_B	True	False	0.0	5.551115123125783e-13	incomplete_strict_phone_support_for_nine_point_cpps_trajectory
LA_T_6642132_0004	Boundary	True	True			
LA_T_6642132_0004	Interior_A	True	True	79.9999999999983	80.00000000000063	
LA_T_6642132_0004	Interior_B	True	False	-80.00000000000007	-80.0000000000013	incomplete_strict_phone_support_for_nine_point_cpps_trajectory
LA_T_6642132_0005	Boundary	True	True			
LA_T_6642132_0005	Interior_A	True	False	-80.00000000000007	-80.0000000000013	incomplete_strict_phone_support_for_nine_point_cpps_trajectory
LA_T_6642132_0005	Interior_B	True	True	80.00000000000007	80.00000000000063	
LA_T_6642132_0006	Boundary	True	True			
LA_T_6642132_0006	Interior_A	True	True	80.00000000000007	80.00000000000063	
LA_T_6642132_0006	Interior_B	True	False	-160.00000000000014	-160.00000000000136	incomplete_strict_phone_support_for_nine_point_cpps_trajectory
LA_T_6642132_0009	Boundary	True	True			
LA_T_6642132_0009	Interior_A	True	False	-1.7763568394002505e-12	5.551115123125783e-13	incomplete_strict_phone_support_for_nine_point_cpps_trajectory
LA_T_6642132_0009	Interior_B	True	False	-80.00000000000185	-79.99999999999774	incomplete_strict_phone_support_for_nine_point_cpps_trajectory
LA_T_6642132_0010	Boundary	True	True			
LA_T_6642132_0010	Interior_A	True	False	-80.00000000000185	-79.99999999999774	incomplete_strict_phone_support_for_nine_point_cpps_trajectory
LA_T_6642132_0010	Interior_B	True	False	-160.00000000000014	-160.00000000000313	incomplete_strict_phone_support_for_nine_point_cpps_trajectory
LA_T_6642132_0012	Boundary	True	False			official_v6_boundary_cpps_invalid_or_incomplete_support
LA_T_6642132_0012	Interior_A	True	False	-160.00000000000014	-159.99999999999957	incomplete_strict_phone_support_for_nine_point_cpps_trajectory
LA_T_6642132_0012	Interior_B	True	True	240.000000000002	239.999999999999	
LA_T_6642132_0013	Boundary	True	False			official_v6_boundary_cpps_invalid_or_incomplete_support
LA_T_6642132_0013	Interior_A	True	True	240.000000000002	239.999999999999	
LA_T_6642132_0013	Interior_B	True	False	-80.00000000000185	-79.99999999999774	incomplete_strict_phone_support_for_nine_point_cpps_trajectory
LA_T_6642132_0015	Boundary	True	True			
LA_T_6642132_0015	Interior_A	True	False	-79.9999999999983	-80.0000000000013	incomplete_strict_phone_support_for_nine_point_cpps_trajectory
LA_T_6642132_0015	Interior_B	True	False	-160.00000000000014	-159.99999999999957	incomplete_strict_phone_support_for_nine_point_cpps_trajectory
LA_T_6642132_0020	Boundary	True	False			official_v6_boundary_cpps_invalid_or_incomplete_support
LA_T_6642132_0020	Interior_A	True	True	160.00000000000014	160.0000000000007	
LA_T_6642132_0020	Interior_B	True	True	399.9999999999986	400.0000000000027	
LA_T_6642132_0021	Boundary	True	True			
LA_T_6642132_0021	Interior_A	True	True	399.9999999999986	400.0000000000027	
LA_T_6642132_0021	Interior_B	True	True	879.999999999999	879.9999999999995	
LA_T_6642132_0022	Boundary	True	True			
LA_T_6642132_0022	Interior_A	True	True	879.999999999999	879.9999999999995	
LA_T_6642132_0022	Interior_B	True	False	-79.9999999999983	-80.00000000000485	incomplete_strict_phone_support_for_nine_point_cpps_trajectory
LA_T_6642132_0023	Boundary	True	True			
LA_T_6642132_0023	Interior_A	True	False	-79.9999999999983	-80.00000000000485	incomplete_strict_phone_support_for_nine_point_cpps_trajectory
LA_T_6642132_0023	Interior_B	True	True	1120.0000000000045	1119.999999999998	
LA_T_6642832_0000	Boundary	True	False			official_v6_boundary_cpps_invalid_or_incomplete_support
LA_T_6642832_0000	Interior_A	True	False	-80.00000000000097	-79.99999999999862	incomplete_strict_phone_support_for_nine_point_cpps_trajectory
LA_T_6642832_0000	Interior_B	True	True	239.99999999999844	240.00000000000077	
LA_T_6642832_0001	Boundary	True	False			official_v6_boundary_cpps_invalid_or_incomplete_support
LA_T_6642832_0001	Interior_A	True	True	239.99999999999844	240.00000000000077	
LA_T_6642832_0001	Interior_B	True	False	-80.00000000000007	-79.99999999999952	incomplete_strict_phone_support_for_nine_point_cpps_trajectory
LA_T_6642832_0002	Boundary	True	True			
LA_T_6642832_0002	Interior_A	True	False	-80.00000000000007	-79.99999999999952	incomplete_strict_phone_support_for_nine_point_cpps_trajectory
LA_T_6642832_0002	Interior_B	True	False	-80.00000000000007	-80.0000000000013	incomplete_strict_phone_support_for_nine_point_cpps_trajectory
LA_T_6642832_0003	Boundary	True	False			official_v6_boundary_cpps_invalid_or_incomplete_support
LA_T_6642832_0003	Interior_A	True	False	-80.00000000000007	-80.0000000000013	incomplete_strict_phone_support_for_nine_point_cpps_trajectory
LA_T_6642832_0003	Interior_B	True	False	-80.00000000000007	-79.99999999999952	incomplete_strict_phone_support_for_nine_point_cpps_trajectory
LA_T_6642832_0004	Boundary	True	False			official_v6_boundary_cpps_invalid_or_incomplete_support
LA_T_6642832_0004	Interior_A	True	False	-80.00000000000007	-79.99999999999952	incomplete_strict_phone_support_for_nine_point_cpps_trajectory
LA_T_6642832_0004	Interior_B	True	False	-160.00000000000014	-160.00000000000136	incomplete_strict_phone_support_for_nine_point_cpps_trajectory
LA_T_6642832_0007	Boundary	True	False			official_v6_boundary_cpps_invalid_or_incomplete_support
LA_T_6642832_0007	Interior_A	True	True	239.99999999999844	240.00000000000077	
LA_T_6642832_0007	Interior_B	True	False	-160.00000000000014	-159.99999999999957	incomplete_strict_phone_support_for_nine_point_cpps_trajectory
LA_T_6642832_0011	Boundary	True	False			official_v6_boundary_cpps_invalid_or_incomplete_support
LA_T_6642832_0011	Interior_A	True	True	80.00000000000185	79.99999999999885	
LA_T_6642832_0011	Interior_B	True	False	-160.00000000000014	-159.99999999999957	incomplete_strict_phone_support_for_nine_point_cpps_trajectory
LA_T_6642832_0012	Boundary	True	True			
LA_T_6642832_0012	Interior_A	True	False	-160.00000000000014	-159.99999999999957	incomplete_strict_phone_support_for_nine_point_cpps_trajectory
LA_T_6642832_0012	Interior_B	True	True	239.99999999999844	239.999999999999	
LA_T_6642832_0013	Boundary	True	True			
LA_T_6642832_0013	Interior_A	True	True	239.99999999999844	239.999999999999	
LA_T_6642832_0013	Interior_B	True	True	320.0000000000003	320.00000000000085	
LA_T_6649517_0001	Boundary	True	False			official_v6_boundary_cpps_invalid_or_incomplete_support
LA_T_6649517_0001	Interior_A	True	False	-80.00000000000007	-79.99999999999952	incomplete_strict_phone_support_for_nine_point_cpps_trajectory
LA_T_6649517_0001	Interior_B	True	True	80.00000000000007	80.00000000000063	
LA_T_6649517_0002	Boundary	True	False			official_v6_boundary_cpps_invalid_or_incomplete_support
LA_T_6649517_0002	Interior_A	True	True	80.00000000000007	80.00000000000063	
LA_T_6649517_0002	Interior_B	True	False	-160.00000000000014	-160.00000000000136	incomplete_strict_phone_support_for_nine_point_cpps_trajectory
LA_T_6649517_0004	Boundary	True	False			official_v6_boundary_cpps_invalid_or_incomplete_support
LA_T_6649517_0004	Interior_A	True	True	159.99999999999835	160.0000000000007	
LA_T_6649517_0004	Interior_B	True	False	-80.00000000000007	-79.99999999999952	incomplete_strict_phone_support_for_nine_point_cpps_trajectory
LA_T_6649517_0005	Boundary	True	True			
LA_T_6649517_0005	Interior_A	True	False	-80.00000000000007	-79.99999999999952	incomplete_strict_phone_support_for_nine_point_cpps_trajectory
LA_T_6649517_0005	Interior_B	True	True	79.9999999999983	80.00000000000063	
LA_T_6649517_0006	Boundary	True	True			
LA_T_6649517_0006	Interior_A	True	True	79.9999999999983	80.00000000000063	
LA_T_6649517_0006	Interior_B	True	True	80.00000000000007	79.99999999999885	
LA_T_6649517_0007	Boundary	True	True			
LA_T_6649517_0007	Interior_A	True	True	80.00000000000007	79.99999999999885	
LA_T_6649517_0007	Interior_B	True	False	-160.00000000000014	-159.99999999999957	incomplete_strict_phone_support_for_nine_point_cpps_trajectory
LA_T_6649517_0013	Boundary	True	True			
LA_T_6649517_0013	Interior_A	True	True	80.00000000000185	79.99999999999885	
LA_T_6649517_0013	Interior_B	True	True	1439.9999999999977	1440.0000000000018	
LA_T_6650691_0000	Boundary	True	False			official_v6_boundary_cpps_invalid_or_incomplete_support
LA_T_6650691_0000	Interior_A	True	True	559.9999999999987	560.000000000001	
LA_T_6650691_0000	Interior_B	True	False	0.0	-2.9976021664879227e-12	incomplete_strict_phone_support_for_nine_point_cpps_trajectory
LA_T_6650691_0001	Boundary	True	True			
LA_T_6650691_0001	Interior_A	True	False	0.0	-2.9976021664879227e-12	incomplete_strict_phone_support_for_nine_point_cpps_trajectory
LA_T_6650691_0001	Interior_B	True	False	0.0	5.551115123125783e-13	incomplete_strict_phone_support_for_nine_point_cpps_trajectory
LA_T_6650691_0002	Boundary	True	True			
LA_T_6650691_0002	Interior_A	True	False	0.0	5.551115123125783e-13	incomplete_strict_phone_support_for_nine_point_cpps_trajectory
LA_T_6650691_0002	Interior_B	True	False	0.0	5.551115123125783e-13	incomplete_strict_phone_support_for_nine_point_cpps_trajectory
LA_T_6650691_0003	Boundary	True	True			
LA_T_6650691_0003	Interior_A	True	False	0.0	5.551115123125783e-13	incomplete_strict_phone_support_for_nine_point_cpps_trajectory
LA_T_6650691_0003	Interior_B	True	True	160.00000000000014	159.99999999999716	
LA_T_6650691_0004	Boundary	True	True			
LA_T_6650691_0004	Interior_A	True	True	160.00000000000014	159.99999999999716	
LA_T_6650691_0004	Interior_B	True	False	0.0	5.551115123125783e-13	incomplete_strict_phone_support_for_nine_point_cpps_trajectory
LA_T_6650691_0007	Boundary	True	True			
LA_T_6650691_0007	Interior_A	True	False	-160.00000000000014	-159.99999999999957	incomplete_strict_phone_support_for_nine_point_cpps_trajectory
LA_T_6650691_0007	Interior_B	True	False	-80.00000000000185	-80.0000000000013	incomplete_strict_phone_support_for_nine_point_cpps_trajectory
LA_T_6650691_0008	Boundary	True	False			official_v6_boundary_cpps_invalid_or_incomplete_support
LA_T_6650691_0008	Interior_A	True	False	-80.00000000000185	-80.0000000000013	incomplete_strict_phone_support_for_nine_point_cpps_trajectory
LA_T_6650691_0008	Interior_B	True	True	240.000000000002	239.999999999999	
LA_T_6650691_0011	Boundary	True	True			
LA_T_6650691_0011	Interior_A	True	False	-80.00000000000185	-80.0000000000013	incomplete_strict_phone_support_for_nine_point_cpps_trajectory
LA_T_6650691_0011	Interior_B	True	False	-79.9999999999983	-80.0000000000013	incomplete_strict_phone_support_for_nine_point_cpps_trajectory
LA_T_6650691_0012	Boundary	True	True			
LA_T_6650691_0012	Interior_A	True	False	-79.9999999999983	-80.0000000000013	incomplete_strict_phone_support_for_nine_point_cpps_trajectory
LA_T_6650691_0012	Interior_B	True	False	-79.9999999999983	-80.00000000000485	incomplete_strict_phone_support_for_nine_point_cpps_trajectory
LA_T_6650691_0013	Boundary	True	True			
LA_T_6650691_0013	Interior_A	True	False	-79.9999999999983	-80.00000000000485	incomplete_strict_phone_support_for_nine_point_cpps_trajectory
LA_T_6650691_0013	Interior_B	True	False	-79.9999999999983	-79.99999999999774	incomplete_strict_phone_support_for_nine_point_cpps_trajectory
LA_T_6650691_0014	Boundary	True	True			
LA_T_6650691_0014	Interior_A	True	False	-79.9999999999983	-79.99999999999774	incomplete_strict_phone_support_for_nine_point_cpps_trajectory
LA_T_6650691_0014	Interior_B	True	True	79.9999999999983	79.99999999999885	
LA_T_6650691_0015	Boundary	True	True			
LA_T_6650691_0015	Interior_A	True	True	79.9999999999983	79.99999999999885	
LA_T_6650691_0015	Interior_B	True	False	-159.9999999999966	-160.00000000000313	incomplete_strict_phone_support_for_nine_point_cpps_trajectory
LA_T_6650691_0020	Boundary	True	False			official_v6_boundary_cpps_invalid_or_incomplete_support
LA_T_6650691_0020	Interior_A	True	True	240.000000000002	239.99999999999545	
LA_T_6650691_0020	Interior_B	True	True	240.000000000002	240.00000000000256	
LA_T_6650691_0021	Boundary	True	True			
LA_T_6650691_0021	Interior_A	True	True	240.000000000002	240.00000000000256	
LA_T_6650691_0021	Interior_B	True	False	0.0	5.551115123125783e-13	incomplete_strict_phone_support_for_nine_point_cpps_trajectory
LA_T_6650691_0022	Boundary	True	False			official_v6_boundary_cpps_invalid_or_incomplete_support
LA_T_6650691_0022	Interior_A	True	False	0.0	5.551115123125783e-13	incomplete_strict_phone_support_for_nine_point_cpps_trajectory
LA_T_6650691_0022	Interior_B	True	False	-7.105427357601002e-12	5.551115123125783e-13	incomplete_strict_phone_support_for_nine_point_cpps_trajectory
LA_T_6650691_0023	Boundary	True	False			official_v6_boundary_cpps_invalid_or_incomplete_support
LA_T_6650691_0023	Interior_A	True	False	-7.105427357601002e-12	5.551115123125783e-13	incomplete_strict_phone_support_for_nine_point_cpps_trajectory
LA_T_6650691_0023	Interior_B	True	True	80.0000000000054	79.99999999999885	
LA_T_6651562_0000	Boundary	True	False			official_v6_boundary_cpps_invalid_or_incomplete_support
LA_T_6651562_0000	Interior_A	True	True	560.0000000000001	559.9999999999999	
LA_T_6651562_0000	Interior_B	True	True	79.99999999999963	80.00000000000063	
LA_T_6651562_0001	Boundary	True	False			official_v6_boundary_cpps_invalid_or_incomplete_support
LA_T_6651562_0001	Interior_A	True	True	79.99999999999963	80.00000000000063	
LA_T_6651562_0001	Interior_B	True	False	-80.00000000000007	-80.0000000000004	incomplete_strict_phone_support_for_nine_point_cpps_trajectory
LA_T_6651562_0002	Boundary	True	False			official_v6_boundary_cpps_invalid_or_incomplete_support
LA_T_6651562_0002	Interior_A	True	False	-80.00000000000007	-80.0000000000004	incomplete_strict_phone_support_for_nine_point_cpps_trajectory
LA_T_6651562_0002	Interior_B	True	False	-79.99999999999918	-80.0000000000004	incomplete_strict_phone_support_for_nine_point_cpps_trajectory
LA_T_6651562_0003	Boundary	True	False			official_v6_boundary_cpps_invalid_or_incomplete_support
LA_T_6651562_0003	Interior_A	True	False	-79.99999999999918	-80.0000000000004	incomplete_strict_phone_support_for_nine_point_cpps_trajectory
LA_T_6651562_0003	Interior_B	True	True	240.00000000000023	240.00000000000077	
LA_T_6651562_0004	Boundary	True	False			official_v6_boundary_cpps_invalid_or_incomplete_support
LA_T_6651562_0004	Interior_A	True	True	240.00000000000023	240.00000000000077	
LA_T_6651562_0004	Interior_B	True	True	320.0000000000003	319.9999999999991	
LA_T_6651562_0005	Boundary	True	True			
LA_T_6651562_0005	Interior_A	True	True	320.0000000000003	319.9999999999991	
LA_T_6651562_0005	Interior_B	True	False	-1.7763568394002505e-12	5.551115123125783e-13	incomplete_strict_phone_support_for_nine_point_cpps_trajectory
LA_T_6651562_0006	Boundary	True	True			
LA_T_6651562_0006	Interior_A	True	False	-1.7763568394002505e-12	5.551115123125783e-13	incomplete_strict_phone_support_for_nine_point_cpps_trajectory
LA_T_6651562_0006	Interior_B	True	False	0.0	5.551115123125783e-13	incomplete_strict_phone_support_for_nine_point_cpps_trajectory
LA_T_6651562_0007	Boundary	True	True			
LA_T_6651562_0007	Interior_A	True	False	0.0	5.551115123125783e-13	incomplete_strict_phone_support_for_nine_point_cpps_trajectory
LA_T_6651562_0007	Interior_B	True	False	-160.00000000000014	-160.00000000000136	incomplete_strict_phone_support_for_nine_point_cpps_trajectory
LA_T_6651562_0012	Boundary	True	False			official_v6_boundary_cpps_invalid_or_incomplete_support
LA_T_6651562_0012	Interior_A	True	True	160.00000000000014	159.99999999999716	
LA_T_6651562_0012	Interior_B	True	True	160.00000000000014	160.0000000000007	
LA_T_6651562_0013	Boundary	True	False			official_v6_boundary_cpps_invalid_or_incomplete_support
LA_T_6651562_0013	Interior_A	True	True	160.00000000000014	160.0000000000007	
LA_T_6651562_0013	Interior_B	True	False	0.0	5.551115123125783e-13	incomplete_strict_phone_support_for_nine_point_cpps_trajectory
LA_T_6651562_0018	Boundary	True	False			official_v6_boundary_cpps_invalid_or_incomplete_support
LA_T_6651562_0018	Interior_A	True	True	320.0000000000003	320.00000000000085	
LA_T_6651562_0018	Interior_B	True	True	399.9999999999986	399.99999999999915	
LA_T_6651562_0019	Boundary	True	False			official_v6_boundary_cpps_invalid_or_incomplete_support
LA_T_6651562_0019	Interior_A	True	True	399.9999999999986	399.99999999999915	
LA_T_6651562_0019	Interior_B	True	True	879.999999999999	879.9999999999995	
LA_T_6651613_0009	Boundary	True	False			official_v6_boundary_cpps_invalid_or_incomplete_support
LA_T_6651613_0009	Interior_A	True	True	159.99999999999835	160.0000000000007	
LA_T_6651613_0009	Interior_B	True	True	240.00000000000023	240.00000000000077	
LA_T_6651613_0010	Boundary	True	False			official_v6_boundary_cpps_invalid_or_incomplete_support
LA_T_6651613_0010	Interior_A	True	True	240.00000000000023	240.00000000000077	
LA_T_6651613_0010	Interior_B	True	False	-80.00000000000185	-79.99999999999774	incomplete_strict_phone_support_for_nine_point_cpps_trajectory
LA_T_6651613_0011	Boundary	True	False			official_v6_boundary_cpps_invalid_or_incomplete_support
LA_T_6651613_0011	Interior_A	True	False	-80.00000000000185	-79.99999999999774	incomplete_strict_phone_support_for_nine_point_cpps_trajectory
LA_T_6651613_0011	Interior_B	True	False	-3.552713678800501e-12	5.551115123125783e-13	incomplete_strict_phone_support_for_nine_point_cpps_trajectory
LA_T_6651613_0012	Boundary	True	False			official_v6_boundary_cpps_invalid_or_incomplete_support
LA_T_6651613_0012	Interior_A	True	False	-3.552713678800501e-12	5.551115123125783e-13	incomplete_strict_phone_support_for_nine_point_cpps_trajectory
LA_T_6651613_0012	Interior_B	True	True	719.9999999999989	720.000000000003	
LA_T_6651613_0013	Boundary	True	True			
LA_T_6651613_0013	Interior_A	True	True	719.9999999999989	720.000000000003	
LA_T_6651613_0013	Interior_B	True	True	320.0000000000003	319.99999999999727	
LA_T_6651613_0015	Boundary	True	False			official_v6_boundary_cpps_invalid_or_incomplete_support
LA_T_6651613_0015	Interior_A	True	False	-79.9999999999983	-80.0000000000013	incomplete_strict_phone_support_for_nine_point_cpps_trajectory
LA_T_6651613_0015	Interior_B	True	False	-160.00000000000014	-160.00000000000313	incomplete_strict_phone_support_for_nine_point_cpps_trajectory
LA_T_6651613_0024	Boundary	True	True			
LA_T_6651613_0024	Interior_A	True	True	320.0000000000003	320.00000000000085	
LA_T_6651613_0024	Interior_B	True	False	-79.9999999999983	-80.00000000000485	incomplete_strict_phone_support_for_nine_point_cpps_trajectory
LA_T_6653245_0002	Boundary	True	False			official_v6_boundary_cpps_invalid_or_incomplete_support
LA_T_6653245_0002	Interior_A	True	True	320.0000000000003	319.99999999999994	
LA_T_6653245_0002	Interior_B	True	False	-80.00000000000097	-79.99999999999862	incomplete_strict_phone_support_for_nine_point_cpps_trajectory
LA_T_6653245_0003	Boundary	True	True			
LA_T_6653245_0003	Interior_A	True	False	-80.00000000000097	-79.99999999999862	incomplete_strict_phone_support_for_nine_point_cpps_trajectory
LA_T_6653245_0003	Interior_B	True	False	-159.99999999999926	-159.99999999999957	incomplete_strict_phone_support_for_nine_point_cpps_trajectory
LA_T_6653245_0004	Boundary	True	False			official_v6_boundary_cpps_invalid_or_incomplete_support
LA_T_6653245_0004	Interior_A	True	False	-159.99999999999926	-159.99999999999957	incomplete_strict_phone_support_for_nine_point_cpps_trajectory
LA_T_6653245_0004	Interior_B	True	True	320.0000000000003	319.9999999999991	
LA_T_6653245_0010	Boundary	True	True			
LA_T_6653245_0010	Interior_A	True	False	-80.00000000000185	-79.99999999999952	incomplete_strict_phone_support_for_nine_point_cpps_trajectory
LA_T_6653245_0010	Interior_B	True	False	-160.00000000000014	-159.99999999999957	incomplete_strict_phone_support_for_nine_point_cpps_trajectory
LA_T_6653245_0011	Boundary	True	True			
LA_T_6653245_0011	Interior_A	True	False	-160.00000000000014	-159.99999999999957	incomplete_strict_phone_support_for_nine_point_cpps_trajectory
LA_T_6653245_0011	Interior_B	True	False	-80.00000000000185	-80.0000000000013	incomplete_strict_phone_support_for_nine_point_cpps_trajectory
LA_T_6653245_0012	Boundary	True	True			
LA_T_6653245_0012	Interior_A	True	False	-80.00000000000185	-80.0000000000013	incomplete_strict_phone_support_for_nine_point_cpps_trajectory
LA_T_6653245_0012	Interior_B	True	False	-160.00000000000014	-159.99999999999957	incomplete_strict_phone_support_for_nine_point_cpps_trajectory
LA_T_6653245_0013	Boundary	True	True			
LA_T_6653245_0013	Interior_A	True	False	-160.00000000000014	-159.99999999999957	incomplete_strict_phone_support_for_nine_point_cpps_trajectory
LA_T_6653245_0013	Interior_B	True	True	80.00000000000185	79.99999999999885	
LA_T_6653245_0017	Boundary	True	True			
LA_T_6653245_0017	Interior_A	True	False	-3.552713678800501e-12	5.551115123125783e-13	incomplete_strict_phone_support_for_nine_point_cpps_trajectory
LA_T_6653245_0017	Interior_B	True	True	160.00000000000014	160.0000000000007	
LA_T_6653245_0018	Boundary	True	False			official_v6_boundary_cpps_invalid_or_incomplete_support
LA_T_6653245_0018	Interior_A	True	True	160.00000000000014	160.0000000000007	
LA_T_6653245_0018	Interior_B	True	True	79.9999999999983	79.99999999999885	
LA_T_6653245_0021	Boundary	True	False			official_v6_boundary_cpps_invalid_or_incomplete_support
LA_T_6653245_0021	Interior_A	True	False	-79.9999999999983	-80.0000000000013	incomplete_strict_phone_support_for_nine_point_cpps_trajectory
LA_T_6653245_0021	Interior_B	True	False	-160.00000000000014	-159.99999999999957	incomplete_strict_phone_support_for_nine_point_cpps_trajectory
LA_T_6653245_0022	Boundary	True	True			
LA_T_6653245_0022	Interior_A	True	False	-160.00000000000014	-159.99999999999957	incomplete_strict_phone_support_for_nine_point_cpps_trajectory
LA_T_6653245_0022	Interior_B	True	False	0.0	-2.9976021664879227e-12	incomplete_strict_phone_support_for_nine_point_cpps_trajectory
LA_T_6653245_0026	Boundary	True	True			
LA_T_6653245_0026	Interior_A	True	False	-160.0000000000037	-159.99999999999602	incomplete_strict_phone_support_for_nine_point_cpps_trajectory
LA_T_6653245_0026	Interior_B	True	False	-159.9999999999966	-160.00000000000313	incomplete_strict_phone_support_for_nine_point_cpps_trajectory
LA_T_6653245_0027	Boundary	True	True			
LA_T_6653245_0027	Interior_A	True	False	-159.9999999999966	-160.00000000000313	incomplete_strict_phone_support_for_nine_point_cpps_trajectory
LA_T_6653245_0027	Interior_B	True	True	160.0000000000037	159.99999999999716	
LA_T_6653245_0028	Boundary	True	True			
LA_T_6653245_0028	Interior_A	True	True	160.0000000000037	159.99999999999716	
LA_T_6653245_0028	Interior_B	True	False	-160.0000000000037	-160.00000000000313	incomplete_strict_phone_support_for_nine_point_cpps_trajectory
LA_T_6653245_0029	Boundary	True	True			
LA_T_6653245_0029	Interior_A	True	False	-160.0000000000037	-160.00000000000313	incomplete_strict_phone_support_for_nine_point_cpps_trajectory
LA_T_6653245_0029	Interior_B	True	True	80.0000000000054	79.99999999999885	
LA_T_6653245_0032	Boundary	True	True			
LA_T_6653245_0032	Interior_A	True	False	-79.9999999999983	-79.99999999999774	incomplete_strict_phone_support_for_nine_point_cpps_trajectory
LA_T_6653245_0032	Interior_B	True	False	-80.0000000000054	-79.99999999999774	incomplete_strict_phone_support_for_nine_point_cpps_trajectory
LA_T_6653245_0037	Boundary	True	False			official_v6_boundary_cpps_invalid_or_incomplete_support
LA_T_6653245_0037	Interior_A	True	False	0.0	5.551115123125783e-13	incomplete_strict_phone_support_for_nine_point_cpps_trajectory
LA_T_6653245_0037	Interior_B	True	False	-159.9999999999966	-160.00000000000313	incomplete_strict_phone_support_for_nine_point_cpps_trajectory
LA_T_6653245_0038	Boundary	True	True			
LA_T_6653245_0038	Interior_A	True	False	-159.9999999999966	-160.00000000000313	incomplete_strict_phone_support_for_nine_point_cpps_trajectory
LA_T_6653245_0038	Interior_B	True	False	-80.0000000000054	-79.99999999999774	incomplete_strict_phone_support_for_nine_point_cpps_trajectory
LA_T_6653245_0039	Boundary	True	True			
LA_T_6653245_0039	Interior_A	True	False	-80.0000000000054	-79.99999999999774	incomplete_strict_phone_support_for_nine_point_cpps_trajectory
LA_T_6653245_0039	Interior_B	True	True	320.0000000000003	320.00000000000085	
LA_T_6653245_0040	Boundary	True	True			
LA_T_6653245_0040	Interior_A	True	True	320.0000000000003	320.00000000000085	
LA_T_6653245_0040	Interior_B	True	True	159.9999999999966	160.00000000000426	
LA_T_6653245_0041	Boundary	True	True			
LA_T_6653245_0041	Interior_A	True	True	159.9999999999966	160.00000000000426	
LA_T_6653245_0041	Interior_B	True	False	0.0	5.551115123125783e-13	incomplete_strict_phone_support_for_nine_point_cpps_trajectory
LA_T_6653245_0042	Boundary	True	True			
LA_T_6653245_0042	Interior_A	True	False	0.0	5.551115123125783e-13	incomplete_strict_phone_support_for_nine_point_cpps_trajectory
LA_T_6653245_0042	Interior_B	True	False	-7.105427357601002e-12	5.551115123125783e-13	incomplete_strict_phone_support_for_nine_point_cpps_trajectory
LA_T_6653245_0043	Boundary	True	False			official_v6_boundary_cpps_invalid_or_incomplete_support
LA_T_6653245_0043	Interior_A	True	False	-7.105427357601002e-12	5.551115123125783e-13	incomplete_strict_phone_support_for_nine_point_cpps_trajectory
LA_T_6653245_0043	Interior_B	True	True	640.0000000000006	640.0000000000011	
LA_T_6653374_0000	Boundary	True	True			
LA_T_6653374_0000	Interior_A	True	True	400.0	400.0000000000016	
LA_T_6653374_0000	Interior_B	True	False	-160.00000000000014	-160.00000000000003	incomplete_strict_phone_support_for_nine_point_cpps_trajectory
LA_T_6653374_0001	Boundary	True	True			
LA_T_6653374_0001	Interior_A	True	False	-160.00000000000014	-160.00000000000003	incomplete_strict_phone_support_for_nine_point_cpps_trajectory
LA_T_6653374_0001	Interior_B	True	False	4.440892098500626e-13	-3.3306690738754696e-13	incomplete_strict_phone_support_for_nine_point_cpps_trajectory
LA_T_6653374_0003	Boundary	True	False			official_v6_boundary_cpps_invalid_or_incomplete_support
LA_T_6653374_0003	Interior_A	True	False	-160.00000000000014	-159.99999999999957	incomplete_strict_phone_support_for_nine_point_cpps_trajectory
LA_T_6653374_0003	Interior_B	True	False	-160.00000000000014	-159.99999999999957	incomplete_strict_phone_support_for_nine_point_cpps_trajectory
LA_T_6653374_0005	Boundary	True	True			
LA_T_6653374_0005	Interior_A	True	False	-80.00000000000007	-79.99999999999952	incomplete_strict_phone_support_for_nine_point_cpps_trajectory
LA_T_6653374_0005	Interior_B	True	False	0.0	-1.2212453270876722e-12	incomplete_strict_phone_support_for_nine_point_cpps_trajectory
LA_T_6653374_0006	Boundary	True	True			
LA_T_6653374_0006	Interior_A	True	False	0.0	-1.2212453270876722e-12	incomplete_strict_phone_support_for_nine_point_cpps_trajectory
LA_T_6653374_0006	Interior_B	True	True	80.00000000000007	80.00000000000063	
LA_T_6653374_0007	Boundary	True	False			official_v6_boundary_cpps_invalid_or_incomplete_support
LA_T_6653374_0007	Interior_A	True	True	80.00000000000007	80.00000000000063	
LA_T_6653374_0007	Interior_B	True	False	-80.00000000000007	-80.0000000000013	incomplete_strict_phone_support_for_nine_point_cpps_trajectory
LA_T_6653374_0012	Boundary	True	False			official_v6_boundary_cpps_invalid_or_incomplete_support
LA_T_6653374_0012	Interior_A	True	False	-1.7763568394002505e-12	5.551115123125783e-13	incomplete_strict_phone_support_for_nine_point_cpps_trajectory
LA_T_6653374_0012	Interior_B	True	True	79.9999999999983	80.0000000000024	
LA_T_6653374_0013	Boundary	True	False			official_v6_boundary_cpps_invalid_or_incomplete_support
LA_T_6653374_0013	Interior_A	True	True	79.9999999999983	80.0000000000024	
LA_T_6653374_0013	Interior_B	True	True	159.9999999999966	160.0000000000007	
LA_T_6653374_0014	Boundary	True	True			
LA_T_6653374_0014	Interior_A	True	True	159.9999999999966	160.0000000000007	
LA_T_6653374_0014	Interior_B	True	False	-79.9999999999983	-80.0000000000013	incomplete_strict_phone_support_for_nine_point_cpps_trajectory
LA_T_6653374_0015	Boundary	True	False			official_v6_boundary_cpps_invalid_or_incomplete_support
LA_T_6653374_0015	Interior_A	True	False	-79.9999999999983	-80.0000000000013	incomplete_strict_phone_support_for_nine_point_cpps_trajectory
LA_T_6653374_0015	Interior_B	True	True	399.9999999999986	399.99999999999915	
LA_T_6653374_0016	Boundary	True	False			official_v6_boundary_cpps_invalid_or_incomplete_support
LA_T_6653374_0016	Interior_A	True	True	399.9999999999986	399.99999999999915	
LA_T_6653374_0016	Interior_B	True	False	-80.00000000000185	-79.99999999999774	incomplete_strict_phone_support_for_nine_point_cpps_trajectory
LA_T_6653374_0017	Boundary	True	False			official_v6_boundary_cpps_invalid_or_incomplete_support
LA_T_6653374_0017	Interior_A	True	False	-80.00000000000185	-79.99999999999774	incomplete_strict_phone_support_for_nine_point_cpps_trajectory
LA_T_6653374_0017	Interior_B	True	True	239.99999999999844	240.00000000000256	
LA_T_6654546_0000	Boundary	True	False			official_v6_boundary_cpps_invalid_or_incomplete_support
LA_T_6654546_0000	Interior_A	True	True	320.0000000000003	319.99999999999727	
LA_T_6654546_0000	Interior_B	True	True	160.00000000000014	160.0000000000007	
LA_T_6654546_0001	Boundary	True	True			
LA_T_6654546_0001	Interior_A	True	True	160.00000000000014	160.0000000000007	
LA_T_6654546_0001	Interior_B	True	True	160.00000000000014	160.0000000000007	
LA_T_6654546_0002	Boundary	True	True			
LA_T_6654546_0002	Interior_A	True	True	160.00000000000014	160.0000000000007	
LA_T_6654546_0002	Interior_B	True	False	-80.00000000000185	-80.0000000000013	incomplete_strict_phone_support_for_nine_point_cpps_trajectory
LA_T_6654546_0003	Boundary	True	True			
LA_T_6654546_0003	Interior_A	True	False	-80.00000000000185	-80.0000000000013	incomplete_strict_phone_support_for_nine_point_cpps_trajectory
LA_T_6654546_0003	Interior_B	True	True	559.9999999999987	560.0000000000028	
LA_T_6654546_0011	Boundary	True	True			
LA_T_6654546_0011	Interior_A	True	True	400.0000000000057	399.99999999999915	
LA_T_6654546_0011	Interior_B	True	False	-160.0000000000037	-159.99999999999602	incomplete_strict_phone_support_for_nine_point_cpps_trajectory
LA_T_6654546_0012	Boundary	True	True			
LA_T_6654546_0012	Interior_A	True	False	-160.0000000000037	-159.99999999999602	incomplete_strict_phone_support_for_nine_point_cpps_trajectory
LA_T_6654546_0012	Interior_B	True	False	-79.9999999999983	-80.00000000000485	incomplete_strict_phone_support_for_nine_point_cpps_trajectory
LA_T_6654546_0013	Boundary	True	True			
LA_T_6654546_0013	Interior_A	True	False	-79.9999999999983	-80.00000000000485	incomplete_strict_phone_support_for_nine_point_cpps_trajectory
LA_T_6654546_0013	Interior_B	True	False	-160.0000000000037	-159.99999999999602	incomplete_strict_phone_support_for_nine_point_cpps_trajectory
LA_T_6654546_0014	Boundary	True	False			official_v6_boundary_cpps_invalid_or_incomplete_support
LA_T_6654546_0014	Interior_A	True	False	-160.0000000000037	-159.99999999999602	incomplete_strict_phone_support_for_nine_point_cpps_trajectory
LA_T_6654546_0014	Interior_B	True	False	0.0	5.551115123125783e-13	incomplete_strict_phone_support_for_nine_point_cpps_trajectory
LA_T_6654546_0017	Boundary	True	False			official_v6_boundary_cpps_invalid_or_incomplete_support
LA_T_6654546_0017	Interior_A	True	False	-159.9999999999966	-160.00000000000313	incomplete_strict_phone_support_for_nine_point_cpps_trajectory
LA_T_6654546_0017	Interior_B	True	True	240.000000000002	239.99999999999545	
LA_T_6654546_0018	Boundary	True	False			official_v6_boundary_cpps_invalid_or_incomplete_support
LA_T_6654546_0018	Interior_A	True	True	240.000000000002	239.99999999999545	
LA_T_6654546_0018	Interior_B	True	False	0.0	5.551115123125783e-13	incomplete_strict_phone_support_for_nine_point_cpps_trajectory
LA_T_6654546_0025	Boundary	True	False			official_v6_boundary_cpps_invalid_or_incomplete_support
LA_T_6654546_0025	Interior_A	True	False	0.0	5.551115123125783e-13	incomplete_strict_phone_support_for_nine_point_cpps_trajectory
LA_T_6654546_0025	Interior_B	True	True	240.000000000002	240.00000000000256	
LA_T_6654546_0026	Boundary	True	True			
LA_T_6654546_0026	Interior_A	True	True	240.000000000002	240.00000000000256	
LA_T_6654546_0026	Interior_B	True	False	-160.0000000000037	-160.00000000000313	incomplete_strict_phone_support_for_nine_point_cpps_trajectory
LA_T_6654546_0027	Boundary	True	True			
LA_T_6654546_0027	Interior_A	True	False	-160.0000000000037	-160.00000000000313	incomplete_strict_phone_support_for_nine_point_cpps_trajectory
LA_T_6654546_0027	Interior_B	True	False	0.0	5.551115123125783e-13	incomplete_strict_phone_support_for_nine_point_cpps_trajectory
LA_T_6654546_0028	Boundary	True	True			
LA_T_6654546_0028	Interior_A	True	False	0.0	5.551115123125783e-13	incomplete_strict_phone_support_for_nine_point_cpps_trajectory
LA_T_6654546_0028	Interior_B	True	False	-79.9999999999983	-79.99999999999774	incomplete_strict_phone_support_for_nine_point_cpps_trajectory
LA_T_6654546_0029	Boundary	True	True			
LA_T_6654546_0029	Interior_A	True	False	-79.9999999999983	-79.99999999999774	incomplete_strict_phone_support_for_nine_point_cpps_trajectory
LA_T_6654546_0029	Interior_B	True	False	-159.9999999999966	-160.00000000000313	incomplete_strict_phone_support_for_nine_point_cpps_trajectory
LA_T_6654546_0030	Boundary	True	True			
LA_T_6654546_0030	Interior_A	True	False	-159.9999999999966	-160.00000000000313	incomplete_strict_phone_support_for_nine_point_cpps_trajectory
LA_T_6654546_0030	Interior_B	True	False	-7.105427357601002e-12	5.551115123125783e-13	incomplete_strict_phone_support_for_nine_point_cpps_trajectory
LA_T_6654546_0031	Boundary	True	True			
LA_T_6654546_0031	Interior_A	True	False	-7.105427357601002e-12	5.551115123125783e-13	incomplete_strict_phone_support_for_nine_point_cpps_trajectory
LA_T_6654546_0031	Interior_B	True	False	0.0	5.551115123125783e-13	incomplete_strict_phone_support_for_nine_point_cpps_trajectory
LA_T_6654546_0032	Boundary	True	False			official_v6_boundary_cpps_invalid_or_incomplete_support
LA_T_6654546_0032	Interior_A	True	False	0.0	5.551115123125783e-13	incomplete_strict_phone_support_for_nine_point_cpps_trajectory
LA_T_6654546_0032	Interior_B	True	False	-159.9999999999966	-160.00000000000313	incomplete_strict_phone_support_for_nine_point_cpps_trajectory
LA_T_6654546_0033	Boundary	True	False			official_v6_boundary_cpps_invalid_or_incomplete_support
LA_T_6654546_0033	Interior_A	True	False	-159.9999999999966	-160.00000000000313	incomplete_strict_phone_support_for_nine_point_cpps_trajectory
LA_T_6654546_0033	Interior_B	True	True	160.0000000000037	159.99999999999716	
LA_T_6654546_0036	Boundary	True	False			official_v6_boundary_cpps_invalid_or_incomplete_support
LA_T_6654546_0036	Interior_A	True	False	-160.0000000000037	-159.99999999999602	incomplete_strict_phone_support_for_nine_point_cpps_trajectory
LA_T_6654546_0036	Interior_B	True	False	0.0	5.551115123125783e-13	incomplete_strict_phone_support_for_nine_point_cpps_trajectory
LA_T_6654546_0037	Boundary	True	False			official_v6_boundary_cpps_invalid_or_incomplete_support
LA_T_6654546_0037	Interior_A	True	False	0.0	5.551115123125783e-13	incomplete_strict_phone_support_for_nine_point_cpps_trajectory
LA_T_6654546_0037	Interior_B	True	True	320.0000000000003	319.99999999999375	
LA_T_6654546_0046	Boundary	True	False			official_v6_boundary_cpps_invalid_or_incomplete_support
LA_T_6654546_0046	Interior_A	True	True	79.9999999999983	79.99999999999885	
LA_T_6654546_0046	Interior_B	True	True	399.9999999999915	400.00000000000625	
LA_T_6654546_0053	Boundary	True	False			official_v6_boundary_cpps_invalid_or_incomplete_support
LA_T_6654546_0053	Interior_A	True	False	-79.9999999999983	-79.99999999999774	incomplete_strict_phone_support_for_nine_point_cpps_trajectory
LA_T_6654546_0053	Interior_B	True	True	320.0000000000074	319.99999999999375	
LA_T_6654546_0057	Boundary	True	True			
LA_T_6654546_0057	Interior_A	True	False	0.0	5.551115123125783e-13	incomplete_strict_phone_support_for_nine_point_cpps_trajectory
LA_T_6654546_0057	Interior_B	True	False	-79.9999999999983	-80.00000000001195	incomplete_strict_phone_support_for_nine_point_cpps_trajectory
LA_T_6654546_0058	Boundary	True	True			
LA_T_6654546_0058	Interior_A	True	False	-79.9999999999983	-80.00000000001195	incomplete_strict_phone_support_for_nine_point_cpps_trajectory
LA_T_6654546_0058	Interior_B	True	False	-79.9999999999983	-79.99999999999774	incomplete_strict_phone_support_for_nine_point_cpps_trajectory
LA_T_6654546_0059	Boundary	True	False			official_v6_boundary_cpps_invalid_or_incomplete_support
LA_T_6654546_0059	Interior_A	True	False	-79.9999999999983	-79.99999999999774	incomplete_strict_phone_support_for_nine_point_cpps_trajectory
LA_T_6654546_0059	Interior_B	True	True	79.9999999999983	79.99999999999885	
LA_T_6654546_0062	Boundary	True	True			
LA_T_6654546_0062	Interior_A	True	False	-79.9999999999983	-79.99999999999774	incomplete_strict_phone_support_for_nine_point_cpps_trajectory
LA_T_6654546_0062	Interior_B	True	True	320.0000000000074	319.99999999999375	
LA_T_6654546_0063	Boundary	True	True			
LA_T_6654546_0063	Interior_A	True	True	320.0000000000074	319.99999999999375	
LA_T_6654546_0063	Interior_B	True	False	-159.9999999999966	-160.00000000001023	incomplete_strict_phone_support_for_nine_point_cpps_trajectory
LA_T_6654546_0064	Boundary	True	True			
LA_T_6654546_0064	Interior_A	True	False	-159.9999999999966	-160.00000000001023	incomplete_strict_phone_support_for_nine_point_cpps_trajectory
LA_T_6654546_0064	Interior_B	True	False	0.0	5.551115123125783e-13	incomplete_strict_phone_support_for_nine_point_cpps_trajectory
LA_T_6654546_0065	Boundary	True	True			
LA_T_6654546_0065	Interior_A	True	False	0.0	5.551115123125783e-13	incomplete_strict_phone_support_for_nine_point_cpps_trajectory
LA_T_6654546_0065	Interior_B	True	True	79.9999999999983	79.99999999999885	
LA_T_6654546_0066	Boundary	True	True			
LA_T_6654546_0066	Interior_A	True	True	79.9999999999983	79.99999999999885	
LA_T_6654546_0066	Interior_B	True	True	160.0000000000108	159.99999999999716	
LA_T_6654668_0001	Boundary	True	False			official_v6_boundary_cpps_invalid_or_incomplete_support
LA_T_6654668_0001	Interior_A	True	True	160.00000000000014	159.9999999999998	
LA_T_6654668_0001	Interior_B	True	True	240.00000000000023	239.9999999999999	
LA_T_6654668_0003	Boundary	True	True			
LA_T_6654668_0003	Interior_A	True	False	-160.00000000000014	-159.99999999999957	incomplete_strict_phone_support_for_nine_point_cpps_trajectory
LA_T_6654668_0003	Interior_B	True	False	0.0	-1.2212453270876722e-12	incomplete_strict_phone_support_for_nine_point_cpps_trajectory
LA_T_6654668_0007	Boundary	True	True			
LA_T_6654668_0007	Interior_A	True	False	-1.7763568394002505e-12	5.551115123125783e-13	incomplete_strict_phone_support_for_nine_point_cpps_trajectory
LA_T_6654668_0007	Interior_B	True	False	-80.00000000000185	-79.99999999999952	incomplete_strict_phone_support_for_nine_point_cpps_trajectory
LA_T_6654668_0010	Boundary	True	True			
LA_T_6654668_0010	Interior_A	True	False	-80.00000000000007	-79.99999999999952	incomplete_strict_phone_support_for_nine_point_cpps_trajectory
LA_T_6654668_0010	Interior_B	True	False	-80.00000000000185	-79.99999999999952	incomplete_strict_phone_support_for_nine_point_cpps_trajectory
LA_T_6654668_0011	Boundary	True	True			
LA_T_6654668_0011	Interior_A	True	False	-80.00000000000185	-79.99999999999952	incomplete_strict_phone_support_for_nine_point_cpps_trajectory
LA_T_6654668_0011	Interior_B	True	False	-80.00000000000185	-79.99999999999774	incomplete_strict_phone_support_for_nine_point_cpps_trajectory
LA_T_6654668_0012	Boundary	True	True			
LA_T_6654668_0012	Interior_A	True	False	-80.00000000000185	-79.99999999999774	incomplete_strict_phone_support_for_nine_point_cpps_trajectory
LA_T_6654668_0012	Interior_B	True	False	-160.00000000000014	-160.00000000000313	incomplete_strict_phone_support_for_nine_point_cpps_trajectory
LA_T_6654668_0014	Boundary	True	False			official_v6_boundary_cpps_invalid_or_incomplete_support
LA_T_6654668_0014	Interior_A	True	False	-79.9999999999983	-80.0000000000013	incomplete_strict_phone_support_for_nine_point_cpps_trajectory
LA_T_6654668_0014	Interior_B	True	False	0.0	5.551115123125783e-13	incomplete_strict_phone_support_for_nine_point_cpps_trajectory
LA_T_6654668_0017	Boundary	True	True			
LA_T_6654668_0017	Interior_A	True	False	0.0	-2.9976021664879227e-12	incomplete_strict_phone_support_for_nine_point_cpps_trajectory
LA_T_6654668_0017	Interior_B	True	False	-160.00000000000014	-159.99999999999957	incomplete_strict_phone_support_for_nine_point_cpps_trajectory
LA_T_6654668_0024	Boundary	True	False			official_v6_boundary_cpps_invalid_or_incomplete_support
LA_T_6654668_0024	Interior_A	True	True	239.99999999999844	240.00000000000256	
LA_T_6654668_0024	Interior_B	True	True	159.9999999999966	160.0000000000007	
LA_T_6654668_0025	Boundary	True	False			official_v6_boundary_cpps_invalid_or_incomplete_support
LA_T_6654668_0025	Interior_A	True	True	159.9999999999966	160.0000000000007	
LA_T_6654668_0025	Interior_B	True	True	480.00000000000045	479.99999999999744	
LA_T_6654668_0026	Boundary	True	True			
LA_T_6654668_0026	Interior_A	True	True	480.00000000000045	479.99999999999744	
LA_T_6654668_0026	Interior_B	True	True	79.9999999999983	80.00000000000595	
LA_T_6654668_0029	Boundary	True	False			official_v6_boundary_cpps_invalid_or_incomplete_support
LA_T_6654668_0029	Interior_A	True	False	0.0	5.551115123125783e-13	incomplete_strict_phone_support_for_nine_point_cpps_trajectory
LA_T_6654668_0029	Interior_B	True	True	79.9999999999983	79.99999999999885	
LA_T_6654668_0030	Boundary	True	True			
LA_T_6654668_0030	Interior_A	True	True	79.9999999999983	79.99999999999885	
LA_T_6654668_0030	Interior_B	True	True	320.0000000000003	320.00000000000085	
LA_T_6654897_0007	Boundary	True	False			official_v6_boundary_cpps_invalid_or_incomplete_support
LA_T_6654897_0007	Interior_A	True	True	79.9999999999983	79.99999999999885	
LA_T_6654897_0007	Interior_B	True	False	-160.00000000000014	-159.99999999999957	incomplete_strict_phone_support_for_nine_point_cpps_trajectory
LA_T_6654897_0008	Boundary	True	False			official_v6_boundary_cpps_invalid_or_incomplete_support
LA_T_6654897_0008	Interior_A	True	False	-160.00000000000014	-159.99999999999957	incomplete_strict_phone_support_for_nine_point_cpps_trajectory
LA_T_6654897_0008	Interior_B	True	True	160.00000000000014	160.0000000000007	
LA_T_6654897_0009	Boundary	True	False			official_v6_boundary_cpps_invalid_or_incomplete_support
LA_T_6654897_0009	Interior_A	True	True	160.00000000000014	160.0000000000007	
LA_T_6654897_0009	Interior_B	True	False	-3.552713678800501e-12	5.551115123125783e-13	incomplete_strict_phone_support_for_nine_point_cpps_trajectory
LA_T_6654897_0012	Boundary	True	False			official_v6_boundary_cpps_invalid_or_incomplete_support
LA_T_6654897_0012	Interior_A	True	True	79.9999999999983	79.99999999999885	
LA_T_6654897_0012	Interior_B	True	False	-159.9999999999966	-160.00000000000313	incomplete_strict_phone_support_for_nine_point_cpps_trajectory
LA_T_6654897_0013	Boundary	True	False			official_v6_boundary_cpps_invalid_or_incomplete_support
LA_T_6654897_0013	Interior_A	True	False	-159.9999999999966	-160.00000000000313	incomplete_strict_phone_support_for_nine_point_cpps_trajectory
LA_T_6654897_0013	Interior_B	True	False	-79.9999999999983	-79.99999999999774	incomplete_strict_phone_support_for_nine_point_cpps_trajectory
LA_T_6654897_0014	Boundary	True	False			official_v6_boundary_cpps_invalid_or_incomplete_support
LA_T_6654897_0014	Interior_A	True	False	-79.9999999999983	-79.99999999999774	incomplete_strict_phone_support_for_nine_point_cpps_trajectory
LA_T_6654897_0014	Interior_B	True	True	319.9999999999932	320.00000000000085	
LA_T_6654897_0015	Boundary	True	False			official_v6_boundary_cpps_invalid_or_incomplete_support
LA_T_6654897_0015	Interior_A	True	True	319.9999999999932	320.00000000000085	
LA_T_6654897_0015	Interior_B	True	False	-79.9999999999983	-79.99999999999774	incomplete_strict_phone_support_for_nine_point_cpps_trajectory
LA_T_6654897_0016	Boundary	True	False			official_v6_boundary_cpps_invalid_or_incomplete_support
LA_T_6654897_0016	Interior_A	True	False	-79.9999999999983	-79.99999999999774	incomplete_strict_phone_support_for_nine_point_cpps_trajectory
LA_T_6654897_0016	Interior_B	True	True	160.0000000000037	159.99999999999716	
LA_T_6654897_0017	Boundary	True	False			official_v6_boundary_cpps_invalid_or_incomplete_support
LA_T_6654897_0017	Interior_A	True	True	160.0000000000037	159.99999999999716	
LA_T_6654897_0017	Interior_B	True	True	239.99999999999488	240.00000000000256	
LA_T_6654897_0023	Boundary	True	True			
LA_T_6654897_0023	Interior_A	True	False	-79.9999999999983	-80.00000000000485	incomplete_strict_phone_support_for_nine_point_cpps_trajectory
LA_T_6654897_0023	Interior_B	True	True	880.0000000000025	879.999999999996	
LA_T_6654897_0024	Boundary	True	True			
LA_T_6654897_0024	Interior_A	True	True	880.0000000000025	879.999999999996	
LA_T_6654897_0024	Interior_B	True	True	480.000000000004	479.99999999999744	
LA_T_6655535_0006	Boundary	True	True			
LA_T_6655535_0006	Interior_A	True	False	-160.00000000000014	-159.99999999999957	incomplete_strict_phone_support_for_nine_point_cpps_trajectory
LA_T_6655535_0006	Interior_B	True	False	-79.9999999999983	-80.0000000000013	incomplete_strict_phone_support_for_nine_point_cpps_trajectory
LA_T_6655535_0009	Boundary	True	True			
LA_T_6655535_0009	Interior_A	True	False	-160.00000000000014	-160.00000000000313	incomplete_strict_phone_support_for_nine_point_cpps_trajectory
LA_T_6655535_0009	Interior_B	True	True	80.00000000000185	79.99999999999885	
LA_T_6655535_0010	Boundary	True	False			official_v6_boundary_cpps_invalid_or_incomplete_support
LA_T_6655535_0010	Interior_A	True	True	80.00000000000185	79.99999999999885	
LA_T_6655535_0010	Interior_B	True	False	-80.00000000000185	-79.99999999999774	incomplete_strict_phone_support_for_nine_point_cpps_trajectory
LA_T_6655535_0011	Boundary	True	False			official_v6_boundary_cpps_invalid_or_incomplete_support
LA_T_6655535_0011	Interior_A	True	False	-80.00000000000185	-79.99999999999774	incomplete_strict_phone_support_for_nine_point_cpps_trajectory
LA_T_6655535_0011	Interior_B	True	True	160.00000000000014	159.99999999999716	
LA_T_6655535_0012	Boundary	True	False			official_v6_boundary_cpps_invalid_or_incomplete_support
LA_T_6655535_0012	Interior_A	True	True	160.00000000000014	159.99999999999716	
LA_T_6655535_0012	Interior_B	True	True	160.00000000000014	160.0000000000007	
LA_T_6655535_0013	Boundary	True	True			
LA_T_6655535_0013	Interior_A	True	True	160.00000000000014	160.0000000000007	
LA_T_6655535_0013	Interior_B	True	True	240.000000000002	239.99999999999545	
LA_T_6655535_0014	Boundary	True	False			official_v6_boundary_cpps_invalid_or_incomplete_support
LA_T_6655535_0014	Interior_A	True	True	240.000000000002	239.99999999999545	
LA_T_6655535_0014	Interior_B	True	True	880.0000000000025	879.999999999996	
LA_T_6655694_0002	Boundary	True	False			official_v6_boundary_cpps_invalid_or_incomplete_support
LA_T_6655694_0002	Interior_A	True	True	159.9999999999966	160.0000000000007	
LA_T_6655694_0002	Interior_B	True	True	79.9999999999983	80.0000000000024	
LA_T_6655694_0003	Boundary	True	False			official_v6_boundary_cpps_invalid_or_incomplete_support
LA_T_6655694_0003	Interior_A	True	True	79.9999999999983	80.0000000000024	
LA_T_6655694_0003	Interior_B	True	True	239.99999999999844	239.999999999999	
LA_T_6655694_0004	Boundary	True	False			official_v6_boundary_cpps_invalid_or_incomplete_support
LA_T_6655694_0004	Interior_A	True	True	239.99999999999844	239.999999999999	
LA_T_6655694_0004	Interior_B	True	False	-160.00000000000014	-159.99999999999957	incomplete_strict_phone_support_for_nine_point_cpps_trajectory
LA_T_6655694_0007	Boundary	True	False			official_v6_boundary_cpps_invalid_or_incomplete_support
LA_T_6655694_0007	Interior_A	True	True	160.00000000000014	160.0000000000007	
LA_T_6655694_0007	Interior_B	True	False	-160.0000000000037	-159.99999999999957	incomplete_strict_phone_support_for_nine_point_cpps_trajectory
LA_T_6655694_0009	Boundary	True	True			
LA_T_6655694_0009	Interior_A	True	True	320.0000000000003	320.00000000000085	
LA_T_6655694_0009	Interior_B	True	True	79.9999999999983	79.99999999999885	
LA_T_6655694_0010	Boundary	True	True			
LA_T_6655694_0010	Interior_A	True	True	79.9999999999983	79.99999999999885	
LA_T_6655694_0010	Interior_B	True	False	-79.9999999999983	-80.0000000000013	incomplete_strict_phone_support_for_nine_point_cpps_trajectory
LA_T_6655694_0011	Boundary	True	True			
LA_T_6655694_0011	Interior_A	True	False	-79.9999999999983	-80.0000000000013	incomplete_strict_phone_support_for_nine_point_cpps_trajectory
LA_T_6655694_0011	Interior_B	True	False	0.0	-2.9976021664879227e-12	incomplete_strict_phone_support_for_nine_point_cpps_trajectory
LA_T_6655694_0012	Boundary	True	True			
LA_T_6655694_0012	Interior_A	True	False	0.0	-2.9976021664879227e-12	incomplete_strict_phone_support_for_nine_point_cpps_trajectory
LA_T_6655694_0012	Interior_B	True	False	-159.9999999999966	-160.00000000000313	incomplete_strict_phone_support_for_nine_point_cpps_trajectory
LA_T_6655694_0013	Boundary	True	True			
LA_T_6655694_0013	Interior_A	True	False	-159.9999999999966	-160.00000000000313	incomplete_strict_phone_support_for_nine_point_cpps_trajectory
LA_T_6655694_0013	Interior_B	True	False	-159.9999999999966	-160.00000000000313	incomplete_strict_phone_support_for_nine_point_cpps_trajectory
LA_T_6655694_0014	Boundary	True	False			official_v6_boundary_cpps_invalid_or_incomplete_support
LA_T_6655694_0014	Interior_A	True	False	-159.9999999999966	-160.00000000000313	incomplete_strict_phone_support_for_nine_point_cpps_trajectory
LA_T_6655694_0014	Interior_B	True	False	-79.9999999999983	-79.99999999999774	incomplete_strict_phone_support_for_nine_point_cpps_trajectory
LA_T_6655694_0015	Boundary	True	False			official_v6_boundary_cpps_invalid_or_incomplete_support
LA_T_6655694_0015	Interior_A	True	False	-79.9999999999983	-79.99999999999774	incomplete_strict_phone_support_for_nine_point_cpps_trajectory
LA_T_6655694_0015	Interior_B	True	False	-7.105427357601002e-12	5.551115123125783e-13	incomplete_strict_phone_support_for_nine_point_cpps_trajectory
LA_T_6655694_0016	Boundary	True	True			
LA_T_6655694_0016	Interior_A	True	False	-7.105427357601002e-12	5.551115123125783e-13	incomplete_strict_phone_support_for_nine_point_cpps_trajectory
LA_T_6655694_0016	Interior_B	True	False	-159.9999999999966	-160.00000000000313	incomplete_strict_phone_support_for_nine_point_cpps_trajectory
LA_T_6655694_0017	Boundary	True	True			
LA_T_6655694_0017	Interior_A	True	False	-159.9999999999966	-160.00000000000313	incomplete_strict_phone_support_for_nine_point_cpps_trajectory
LA_T_6655694_0017	Interior_B	True	False	-159.9999999999966	-160.00000000000313	incomplete_strict_phone_support_for_nine_point_cpps_trajectory
LA_T_6655694_0018	Boundary	True	True			
LA_T_6655694_0018	Interior_A	True	False	-159.9999999999966	-160.00000000000313	incomplete_strict_phone_support_for_nine_point_cpps_trajectory
LA_T_6655694_0018	Interior_B	True	False	-159.9999999999966	-160.00000000000313	incomplete_strict_phone_support_for_nine_point_cpps_trajectory
LA_T_6655694_0019	Boundary	True	True			
LA_T_6655694_0019	Interior_A	True	False	-159.9999999999966	-160.00000000000313	incomplete_strict_phone_support_for_nine_point_cpps_trajectory
LA_T_6655694_0019	Interior_B	True	False	-79.9999999999983	-80.00000000000485	incomplete_strict_phone_support_for_nine_point_cpps_trajectory
LA_T_6655694_0023	Boundary	True	False			official_v6_boundary_cpps_invalid_or_incomplete_support
LA_T_6655694_0023	Interior_A	True	True	240.000000000002	239.99999999999545	
LA_T_6655694_0023	Interior_B	True	True	240.000000000002	239.99999999999545	
LA_T_6655694_0024	Boundary	True	True			
LA_T_6655694_0024	Interior_A	True	True	240.000000000002	239.99999999999545	
LA_T_6655694_0024	Interior_B	True	False	-159.9999999999966	-160.00000000000313	incomplete_strict_phone_support_for_nine_point_cpps_trajectory
LA_T_6655694_0031	Boundary	True	False			official_v6_boundary_cpps_invalid_or_incomplete_support
LA_T_6655694_0031	Interior_A	True	False	-79.9999999999983	-80.00000000000485	incomplete_strict_phone_support_for_nine_point_cpps_trajectory
LA_T_6655694_0031	Interior_B	True	True	240.000000000002	240.00000000000256	
LA_T_6655694_0036	Boundary	True	True			
LA_T_6655694_0036	Interior_A	True	True	320.0000000000003	320.00000000000085	
LA_T_6655694_0036	Interior_B	True	False	-80.0000000000054	-79.99999999999774	incomplete_strict_phone_support_for_nine_point_cpps_trajectory
LA_T_6655694_0041	Boundary	True	True			
LA_T_6655694_0041	Interior_A	True	False	-159.9999999999966	-160.00000000000313	incomplete_strict_phone_support_for_nine_point_cpps_trajectory
LA_T_6655694_0041	Interior_B	True	False	-159.9999999999966	-160.00000000000313	incomplete_strict_phone_support_for_nine_point_cpps_trajectory
LA_T_6655694_0042	Boundary	True	True			
LA_T_6655694_0042	Interior_A	True	False	-159.9999999999966	-160.00000000000313	incomplete_strict_phone_support_for_nine_point_cpps_trajectory
LA_T_6655694_0042	Interior_B	True	True	79.9999999999983	79.99999999999885	
LA_T_6655694_0043	Boundary	True	False			official_v6_boundary_cpps_invalid_or_incomplete_support
LA_T_6655694_0043	Interior_A	True	True	79.9999999999983	79.99999999999885	
LA_T_6655694_0043	Interior_B	True	True	79.9999999999983	79.99999999999885	
LA_T_6655694_0046	Boundary	True	False			official_v6_boundary_cpps_invalid_or_incomplete_support
LA_T_6655694_0046	Interior_A	True	True	79.9999999999983	79.99999999999885	
LA_T_6655694_0046	Interior_B	True	False	-160.0000000000108	-159.99999999999602	incomplete_strict_phone_support_for_nine_point_cpps_trajectory
LA_T_6655694_0047	Boundary	True	True			
LA_T_6655694_0047	Interior_A	True	False	-160.0000000000108	-159.99999999999602	incomplete_strict_phone_support_for_nine_point_cpps_trajectory
LA_T_6655694_0047	Interior_B	True	True	479.99999999998977	480.00000000000455	
LA_T_6655694_0048	Boundary	True	True			
LA_T_6655694_0048	Interior_A	True	True	479.99999999998977	480.00000000000455	
LA_T_6655694_0048	Interior_B	True	True	320.0000000000074	319.99999999999375	
LA_T_6655694_0049	Boundary	True	True			
LA_T_6655694_0049	Interior_A	True	True	320.0000000000074	319.99999999999375	
LA_T_6655694_0049	Interior_B	True	True	480.000000000004	480.00000000000455	
LA_T_6655694_0055	Boundary	True	True			
LA_T_6655694_0055	Interior_A	True	True	400.0000000000057	399.99999999999204	
LA_T_6655694_0055	Interior_B	True	False	-159.9999999999966	-159.99999999999602	incomplete_strict_phone_support_for_nine_point_cpps_trajectory
LA_T_6655694_0056	Boundary	True	True			
LA_T_6655694_0056	Interior_A	True	False	-159.9999999999966	-159.99999999999602	incomplete_strict_phone_support_for_nine_point_cpps_trajectory
LA_T_6655694_0056	Interior_B	True	False	-79.9999999999983	-80.00000000001195	incomplete_strict_phone_support_for_nine_point_cpps_trajectory
LA_T_6655694_0057	Boundary	True	True			
LA_T_6655694_0057	Interior_A	True	False	-79.9999999999983	-80.00000000001195	incomplete_strict_phone_support_for_nine_point_cpps_trajectory
LA_T_6655694_0057	Interior_B	True	False	-159.9999999999966	-159.99999999999602	incomplete_strict_phone_support_for_nine_point_cpps_trajectory
LA_T_6655694_0058	Boundary	True	True			
LA_T_6655694_0058	Interior_A	True	False	-159.9999999999966	-159.99999999999602	incomplete_strict_phone_support_for_nine_point_cpps_trajectory
LA_T_6655694_0058	Interior_B	True	False	-79.9999999999983	-80.00000000001195	incomplete_strict_phone_support_for_nine_point_cpps_trajectory
LA_T_6655694_0059	Boundary	True	False			official_v6_boundary_cpps_invalid_or_incomplete_support
LA_T_6655694_0059	Interior_A	True	False	-79.9999999999983	-80.00000000001195	incomplete_strict_phone_support_for_nine_point_cpps_trajectory
LA_T_6655694_0059	Interior_B	True	True	400.0000000000057	400.00000000000625	
LA_T_6655694_0064	Boundary	True	True			
LA_T_6655694_0064	Interior_A	True	True	159.9999999999966	160.00000000001137	
LA_T_6655694_0064	Interior_B	True	False	-160.0000000000108	-159.99999999999602	incomplete_strict_phone_support_for_nine_point_cpps_trajectory
LA_T_6655694_0067	Boundary	True	True			
LA_T_6655694_0067	Interior_A	True	False	-159.9999999999966	-159.99999999999602	incomplete_strict_phone_support_for_nine_point_cpps_trajectory
LA_T_6655694_0067	Interior_B	True	True	239.99999999999488	239.99999999999545	
LA_T_6655694_0068	Boundary	True	True			
LA_T_6655694_0068	Interior_A	True	True	239.99999999999488	239.99999999999545	
LA_T_6655694_0068	Interior_B	True	True	160.0000000000108	159.99999999999716	
LA_T_6655694_0069	Boundary	True	True			
LA_T_6655694_0069	Interior_A	True	True	160.0000000000108	159.99999999999716	
LA_T_6655694_0069	Interior_B	True	False	-159.9999999999966	-160.00000000001023	incomplete_strict_phone_support_for_nine_point_cpps_trajectory
LA_T_6655694_0074	Boundary	True	True			
LA_T_6655694_0074	Interior_A	True	False	-79.9999999999983	-79.99999999999774	incomplete_strict_phone_support_for_nine_point_cpps_trajectory
LA_T_6655694_0074	Interior_B	True	True	79.9999999999983	79.99999999999885	
LA_T_6655694_0077	Boundary	True	True			
LA_T_6655694_0077	Interior_A	True	False	-79.9999999999983	-79.99999999999774	incomplete_strict_phone_support_for_nine_point_cpps_trajectory
LA_T_6655694_0077	Interior_B	True	True	79.9999999999983	79.99999999999885	
LA_T_6655694_0078	Boundary	True	True			
LA_T_6655694_0078	Interior_A	True	True	79.9999999999983	79.99999999999885	
LA_T_6655694_0078	Interior_B	True	False	0.0	5.551115123125783e-13	incomplete_strict_phone_support_for_nine_point_cpps_trajectory
LA_T_6655694_0081	Boundary	True	False			official_v6_boundary_cpps_invalid_or_incomplete_support
LA_T_6655694_0081	Interior_A	True	True	560.0000000000023	560.0000000000028	
LA_T_6655694_0081	Interior_B	True	True	79.9999999999983	79.99999999999885	
LA_T_6655694_0082	Boundary	True	False			official_v6_boundary_cpps_invalid_or_incomplete_support
LA_T_6655694_0082	Interior_A	True	True	79.9999999999983	79.99999999999885	
LA_T_6655694_0082	Interior_B	True	True	159.9999999999966	160.00000000001137	
LA_T_6655694_0085	Boundary	True	True			
LA_T_6655694_0085	Interior_A	True	False	0.0	-1.3655743202889425e-11	incomplete_strict_phone_support_for_nine_point_cpps_trajectory
LA_T_6655694_0085	Interior_B	True	True	79.99999999998408	80.00000000002727	
LA_T_6655694_0088	Boundary	True	True			
LA_T_6655694_0088	Interior_A	True	False	0.0	5.551115123125783e-13	incomplete_strict_phone_support_for_nine_point_cpps_trajectory
LA_T_6655694_0088	Interior_B	True	True	559.9999999999881	560.0000000000028	
LA_T_6655694_0089	Boundary	True	False			official_v6_boundary_cpps_invalid_or_incomplete_support
LA_T_6655694_0089	Interior_A	True	True	559.9999999999881	560.0000000000028	
LA_T_6655694_0089	Interior_B	True	True	79.9999999999983	79.99999999999885	
LA_T_6655694_0090	Boundary	True	False			official_v6_boundary_cpps_invalid_or_incomplete_support
LA_T_6655694_0090	Interior_A	True	True	79.9999999999983	79.99999999999885	
LA_T_6655694_0090	Interior_B	True	False	-80.0000000000125	-79.99999999999774	incomplete_strict_phone_support_for_nine_point_cpps_trajectory
LA_T_6655694_0091	Boundary	True	True			
LA_T_6655694_0091	Interior_A	True	False	-80.0000000000125	-79.99999999999774	incomplete_strict_phone_support_for_nine_point_cpps_trajectory
LA_T_6655694_0091	Interior_B	True	True	400.0000000000341	399.99999999999204	
LA_T_6657564_0000	Boundary	True	False			official_v6_boundary_cpps_invalid_or_incomplete_support
LA_T_6657564_0000	Interior_A	True	True	480.00000000000045	480.0000000000001	
LA_T_6657564_0000	Interior_B	True	False	-80.00000000000007	-79.99999999999952	incomplete_strict_phone_support_for_nine_point_cpps_trajectory
LA_T_6657564_0001	Boundary	True	False			official_v6_boundary_cpps_invalid_or_incomplete_support
LA_T_6657564_0001	Interior_A	True	False	-80.00000000000007	-79.99999999999952	incomplete_strict_phone_support_for_nine_point_cpps_trajectory
LA_T_6657564_0001	Interior_B	True	False	-160.00000000000014	-160.00000000000136	incomplete_strict_phone_support_for_nine_point_cpps_trajectory
LA_T_6657564_0004	Boundary	True	False			official_v6_boundary_cpps_invalid_or_incomplete_support
LA_T_6657564_0004	Interior_A	True	False	-80.00000000000007	-80.0000000000013	incomplete_strict_phone_support_for_nine_point_cpps_trajectory
LA_T_6657564_0004	Interior_B	True	True	320.0000000000003	319.9999999999991	
LA_T_6657564_0005	Boundary	True	False			official_v6_boundary_cpps_invalid_or_incomplete_support
LA_T_6657564_0005	Interior_A	True	True	320.0000000000003	319.9999999999991	
LA_T_6657564_0005	Interior_B	True	True	240.00000000000023	240.00000000000077	
LA_T_6657564_0006	Boundary	True	True			
LA_T_6657564_0006	Interior_A	True	True	240.00000000000023	240.00000000000077	
LA_T_6657564_0006	Interior_B	True	False	-1.7763568394002505e-12	5.551115123125783e-13	incomplete_strict_phone_support_for_nine_point_cpps_trajectory
LA_T_6657564_0007	Boundary	True	True			
LA_T_6657564_0007	Interior_A	True	False	-1.7763568394002505e-12	5.551115123125783e-13	incomplete_strict_phone_support_for_nine_point_cpps_trajectory
LA_T_6657564_0007	Interior_B	True	False	-160.00000000000014	-159.99999999999957	incomplete_strict_phone_support_for_nine_point_cpps_trajectory
LA_T_6657564_0010	Boundary	True	True			
LA_T_6657564_0010	Interior_A	True	False	-3.552713678800501e-12	5.551115123125783e-13	incomplete_strict_phone_support_for_nine_point_cpps_trajectory
LA_T_6657564_0010	Interior_B	True	True	239.99999999999844	240.00000000000256	
LA_T_6657564_0013	Boundary	True	True			
LA_T_6657564_0013	Interior_A	True	True	159.9999999999966	160.0000000000007	
LA_T_6657564_0013	Interior_B	True	True	320.0000000000003	320.00000000000085	
LA_T_6657564_0014	Boundary	True	True			
LA_T_6657564_0014	Interior_A	True	True	320.0000000000003	320.00000000000085	
LA_T_6657564_0014	Interior_B	True	False	-80.00000000000185	-80.0000000000013	incomplete_strict_phone_support_for_nine_point_cpps_trajectory
LA_T_6657564_0015	Boundary	True	True			
LA_T_6657564_0015	Interior_A	True	False	-80.00000000000185	-80.0000000000013	incomplete_strict_phone_support_for_nine_point_cpps_trajectory
LA_T_6657564_0015	Interior_B	True	False	-160.00000000000014	-159.99999999999957	incomplete_strict_phone_support_for_nine_point_cpps_trajectory
LA_T_6657564_0018	Boundary	True	False			official_v6_boundary_cpps_invalid_or_incomplete_support
LA_T_6657564_0018	Interior_A	True	False	0.0	5.551115123125783e-13	incomplete_strict_phone_support_for_nine_point_cpps_trajectory
LA_T_6657564_0018	Interior_B	True	False	-80.00000000000185	-80.0000000000013	incomplete_strict_phone_support_for_nine_point_cpps_trajectory
LA_T_6657564_0019	Boundary	True	False			official_v6_boundary_cpps_invalid_or_incomplete_support
LA_T_6657564_0019	Interior_A	True	False	-80.00000000000185	-80.0000000000013	incomplete_strict_phone_support_for_nine_point_cpps_trajectory
LA_T_6657564_0019	Interior_B	True	False	-160.00000000000014	-159.99999999999957	incomplete_strict_phone_support_for_nine_point_cpps_trajectory
LA_T_6657564_0020	Boundary	True	False			official_v6_boundary_cpps_invalid_or_incomplete_support
LA_T_6657564_0020	Interior_A	True	False	-160.00000000000014	-159.99999999999957	incomplete_strict_phone_support_for_nine_point_cpps_trajectory
LA_T_6657564_0020	Interior_B	True	True	80.00000000000185	79.99999999999885	
LA_T_6657564_0026	Boundary	True	False			official_v6_boundary_cpps_invalid_or_incomplete_support
LA_T_6657564_0026	Interior_A	True	False	-79.9999999999983	-80.00000000000485	incomplete_strict_phone_support_for_nine_point_cpps_trajectory
LA_T_6657564_0026	Interior_B	True	True	240.000000000002	240.00000000000256	
LA_T_6657564_0027	Boundary	True	True			
LA_T_6657564_0027	Interior_A	True	True	240.000000000002	240.00000000000256	
LA_T_6657564_0027	Interior_B	True	True	399.9999999999986	399.99999999999915	
LA_T_6657564_0028	Boundary	True	True			
LA_T_6657564_0028	Interior_A	True	True	399.9999999999986	399.99999999999915	
LA_T_6657564_0028	Interior_B	True	False	-79.9999999999983	-80.00000000000485	incomplete_strict_phone_support_for_nine_point_cpps_trajectory
LA_T_6657564_0029	Boundary	True	True			
LA_T_6657564_0029	Interior_A	True	False	-79.9999999999983	-80.00000000000485	incomplete_strict_phone_support_for_nine_point_cpps_trajectory
LA_T_6657564_0029	Interior_B	True	True	800.0000000000043	799.9999999999977	
LA_T_6657568_0003	Boundary	True	False			official_v6_boundary_cpps_invalid_or_incomplete_support
LA_T_6657568_0003	Interior_A	True	True	159.9999999999966	160.0000000000007	
LA_T_6657568_0003	Interior_B	True	True	79.9999999999983	80.0000000000024	
LA_T_6657568_0010	Boundary	True	False			official_v6_boundary_cpps_invalid_or_incomplete_support
LA_T_6657568_0010	Interior_A	True	False	0.0	5.551115123125783e-13	incomplete_strict_phone_support_for_nine_point_cpps_trajectory
LA_T_6657568_0010	Interior_B	True	True	159.9999999999966	160.0000000000007	
LA_T_6657568_0013	Boundary	True	True			
LA_T_6657568_0013	Interior_A	True	False	-79.9999999999983	-80.00000000000485	incomplete_strict_phone_support_for_nine_point_cpps_trajectory
LA_T_6657568_0013	Interior_B	True	False	0.0	5.551115123125783e-13	incomplete_strict_phone_support_for_nine_point_cpps_trajectory
LA_T_6657568_0014	Boundary	True	True			
LA_T_6657568_0014	Interior_A	True	False	0.0	5.551115123125783e-13	incomplete_strict_phone_support_for_nine_point_cpps_trajectory
LA_T_6657568_0014	Interior_B	True	False	-79.9999999999983	-79.99999999999774	incomplete_strict_phone_support_for_nine_point_cpps_trajectory
LA_T_6657568_0015	Boundary	True	False			official_v6_boundary_cpps_invalid_or_incomplete_support
LA_T_6657568_0015	Interior_A	True	False	-79.9999999999983	-79.99999999999774	incomplete_strict_phone_support_for_nine_point_cpps_trajectory
LA_T_6657568_0015	Interior_B	True	False	-79.9999999999983	-80.00000000000485	incomplete_strict_phone_support_for_nine_point_cpps_trajectory
LA_T_6657568_0018	Boundary	True	True			
LA_T_6657568_0018	Interior_A	True	False	-159.9999999999966	-160.00000000000313	incomplete_strict_phone_support_for_nine_point_cpps_trajectory
LA_T_6657568_0018	Interior_B	True	False	0.0	5.551115123125783e-13	incomplete_strict_phone_support_for_nine_point_cpps_trajectory
LA_T_6657568_0021	Boundary	True	False			official_v6_boundary_cpps_invalid_or_incomplete_support
LA_T_6657568_0021	Interior_A	True	True	160.0000000000037	159.99999999999716	
LA_T_6657568_0021	Interior_B	True	False	0.0	5.551115123125783e-13	incomplete_strict_phone_support_for_nine_point_cpps_trajectory
LA_T_6657568_0022	Boundary	True	True			
LA_T_6657568_0022	Interior_A	True	False	0.0	5.551115123125783e-13	incomplete_strict_phone_support_for_nine_point_cpps_trajectory
LA_T_6657568_0022	Interior_B	True	False	-160.0000000000037	-159.99999999999602	incomplete_strict_phone_support_for_nine_point_cpps_trajectory
LA_T_6657568_0023	Boundary	True	False			official_v6_boundary_cpps_invalid_or_incomplete_support
LA_T_6657568_0023	Interior_A	True	False	-160.0000000000037	-159.99999999999602	incomplete_strict_phone_support_for_nine_point_cpps_trajectory
LA_T_6657568_0023	Interior_B	True	True	399.9999999999986	399.99999999999915	
LA_T_6657568_0024	Boundary	True	False			official_v6_boundary_cpps_invalid_or_incomplete_support
LA_T_6657568_0024	Interior_A	True	True	399.9999999999986	399.99999999999915	
LA_T_6657568_0024	Interior_B	True	False	-79.9999999999983	-79.99999999999774	incomplete_strict_phone_support_for_nine_point_cpps_trajectory
LA_T_6657568_0027	Boundary	True	False			official_v6_boundary_cpps_invalid_or_incomplete_support
LA_T_6657568_0027	Interior_A	True	False	-159.9999999999966	-160.00000000000313	incomplete_strict_phone_support_for_nine_point_cpps_trajectory
LA_T_6657568_0027	Interior_B	True	False	-160.0000000000037	-159.99999999999602	incomplete_strict_phone_support_for_nine_point_cpps_trajectory
LA_T_6657568_0028	Boundary	True	True			
LA_T_6657568_0028	Interior_A	True	False	-160.0000000000037	-159.99999999999602	incomplete_strict_phone_support_for_nine_point_cpps_trajectory
LA_T_6657568_0028	Interior_B	True	True	79.9999999999983	79.99999999999885	
LA_T_6657568_0033	Boundary	True	False			official_v6_boundary_cpps_invalid_or_incomplete_support
LA_T_6657568_0033	Interior_A	True	True	160.0000000000037	159.99999999999716	
LA_T_6657568_0033	Interior_B	True	False	0.0	5.551115123125783e-13	incomplete_strict_phone_support_for_nine_point_cpps_trajectory
LA_T_6657568_0034	Boundary	True	False			official_v6_boundary_cpps_invalid_or_incomplete_support
LA_T_6657568_0034	Interior_A	True	False	0.0	5.551115123125783e-13	incomplete_strict_phone_support_for_nine_point_cpps_trajectory
LA_T_6657568_0034	Interior_B	True	False	-79.9999999999983	-80.00000000000485	incomplete_strict_phone_support_for_nine_point_cpps_trajectory
LA_T_6657568_0035	Boundary	True	False			official_v6_boundary_cpps_invalid_or_incomplete_support
LA_T_6657568_0035	Interior_A	True	False	-79.9999999999983	-80.00000000000485	incomplete_strict_phone_support_for_nine_point_cpps_trajectory
LA_T_6657568_0035	Interior_B	True	True	320.0000000000003	320.00000000000085	
LA_T_6657568_0038	Boundary	True	False			official_v6_boundary_cpps_invalid_or_incomplete_support
LA_T_6657568_0038	Interior_A	True	False	-159.9999999999966	-160.00000000000313	incomplete_strict_phone_support_for_nine_point_cpps_trajectory
LA_T_6657568_0038	Interior_B	True	True	160.0000000000037	159.99999999999716	
LA_T_6657568_0044	Boundary	True	True			
LA_T_6657568_0044	Interior_A	True	False	-159.9999999999966	-159.99999999999602	incomplete_strict_phone_support_for_nine_point_cpps_trajectory
LA_T_6657568_0044	Interior_B	True	True	239.99999999999488	239.99999999999545	
LA_T_6657568_0045	Boundary	True	True			
LA_T_6657568_0045	Interior_A	True	True	239.99999999999488	239.99999999999545	
LA_T_6657568_0045	Interior_B	True	False	0.0	5.551115123125783e-13	incomplete_strict_phone_support_for_nine_point_cpps_trajectory
LA_T_6657568_0046	Boundary	True	True			
LA_T_6657568_0046	Interior_A	True	False	0.0	5.551115123125783e-13	incomplete_strict_phone_support_for_nine_point_cpps_trajectory
LA_T_6657568_0046	Interior_B	True	False	-159.9999999999966	-159.99999999999602	incomplete_strict_phone_support_for_nine_point_cpps_trajectory
LA_T_6657568_0051	Boundary	True	False			official_v6_boundary_cpps_invalid_or_incomplete_support
LA_T_6657568_0051	Interior_A	True	True	239.99999999999488	240.00000000000966	
LA_T_6657568_0051	Interior_B	True	True	1120.0000000000045	1119.9999999999907	
LA_T_6657568_0056	Boundary	True	False			official_v6_boundary_cpps_invalid_or_incomplete_support
LA_T_6657568_0056	Interior_A	True	False	0.0	5.551115123125783e-13	incomplete_strict_phone_support_for_nine_point_cpps_trajectory
LA_T_6657568_0056	Interior_B	True	True	239.99999999999488	239.99999999999545	
LA_T_6657568_0059	Boundary	True	True			
LA_T_6657568_0059	Interior_A	True	False	-79.9999999999983	-79.99999999999774	incomplete_strict_phone_support_for_nine_point_cpps_trajectory
LA_T_6657568_0059	Interior_B	True	False	-79.9999999999983	-79.99999999999774	incomplete_strict_phone_support_for_nine_point_cpps_trajectory
LA_T_6657568_0060	Boundary	True	True			
LA_T_6657568_0060	Interior_A	True	False	-79.9999999999983	-79.99999999999774	incomplete_strict_phone_support_for_nine_point_cpps_trajectory
LA_T_6657568_0060	Interior_B	True	False	0.0	5.551115123125783e-13	incomplete_strict_phone_support_for_nine_point_cpps_trajectory
LA_T_6657568_0061	Boundary	True	False			official_v6_boundary_cpps_invalid_or_incomplete_support
LA_T_6657568_0061	Interior_A	True	False	0.0	5.551115123125783e-13	incomplete_strict_phone_support_for_nine_point_cpps_trajectory
LA_T_6657568_0061	Interior_B	True	False	-79.9999999999983	-80.00000000001195	incomplete_strict_phone_support_for_nine_point_cpps_trajectory
LA_T_6657568_0064	Boundary	True	True			
LA_T_6657568_0064	Interior_A	True	False	-79.9999999999983	-79.99999999999774	incomplete_strict_phone_support_for_nine_point_cpps_trajectory
LA_T_6657568_0064	Interior_B	True	True	79.9999999999983	79.99999999999885	
LA_T_6657568_0065	Boundary	True	False			official_v6_boundary_cpps_invalid_or_incomplete_support
LA_T_6657568_0065	Interior_A	True	True	79.9999999999983	79.99999999999885	
LA_T_6657568_0065	Interior_B	True	False	0.0	5.551115123125783e-13	incomplete_strict_phone_support_for_nine_point_cpps_trajectory
LA_T_6657568_0066	Boundary	True	False			official_v6_boundary_cpps_invalid_or_incomplete_support
LA_T_6657568_0066	Interior_A	True	False	0.0	5.551115123125783e-13	incomplete_strict_phone_support_for_nine_point_cpps_trajectory
LA_T_6657568_0066	Interior_B	True	True	320.0000000000074	319.99999999999375	
LA_T_6657568_0067	Boundary	True	False			official_v6_boundary_cpps_invalid_or_incomplete_support
LA_T_6657568_0067	Interior_A	True	True	320.0000000000074	319.99999999999375	
LA_T_6657568_0067	Interior_B	True	False	0.0	5.551115123125783e-13	incomplete_strict_phone_support_for_nine_point_cpps_trajectory
LA_T_6657568_0068	Boundary	True	False			official_v6_boundary_cpps_invalid_or_incomplete_support
LA_T_6657568_0068	Interior_A	True	False	0.0	5.551115123125783e-13	incomplete_strict_phone_support_for_nine_point_cpps_trajectory
LA_T_6657568_0068	Interior_B	True	True	79.9999999999983	79.99999999999885	
LA_T_6657568_0069	Boundary	True	True			
LA_T_6657568_0069	Interior_A	True	True	79.9999999999983	79.99999999999885	
LA_T_6657568_0069	Interior_B	True	False	-159.9999999999966	-159.99999999999602	incomplete_strict_phone_support_for_nine_point_cpps_trajectory
LA_T_6657568_0072	Boundary	True	True			
LA_T_6657568_0072	Interior_A	True	False	-160.0000000000108	-159.99999999999602	incomplete_strict_phone_support_for_nine_point_cpps_trajectory
LA_T_6657568_0072	Interior_B	True	False	-159.9999999999966	-160.00000000001023	incomplete_strict_phone_support_for_nine_point_cpps_trajectory
LA_T_6657568_0073	Boundary	True	True			
LA_T_6657568_0073	Interior_A	True	False	-159.9999999999966	-160.00000000001023	incomplete_strict_phone_support_for_nine_point_cpps_trajectory
LA_T_6657568_0073	Interior_B	True	True	239.99999999999488	240.00000000000966	
LA_T_6657568_0074	Boundary	True	True			
LA_T_6657568_0074	Interior_A	True	True	239.99999999999488	240.00000000000966	
LA_T_6657568_0074	Interior_B	True	False	0.0	5.551115123125783e-13	incomplete_strict_phone_support_for_nine_point_cpps_trajectory
LA_T_6657568_0075	Boundary	True	True			
LA_T_6657568_0075	Interior_A	True	False	0.0	5.551115123125783e-13	incomplete_strict_phone_support_for_nine_point_cpps_trajectory
LA_T_6657568_0075	Interior_B	True	True	400.0000000000057	399.99999999999204	
LA_T_6659831_0003	Boundary	True	True			
LA_T_6659831_0003	Interior_A	True	False	-80.00000000000007	-79.99999999999952	incomplete_strict_phone_support_for_nine_point_cpps_trajectory
LA_T_6659831_0003	Interior_B	True	False	-80.00000000000007	-80.0000000000004	incomplete_strict_phone_support_for_nine_point_cpps_trajectory
LA_T_6659831_0004	Boundary	True	True			
LA_T_6659831_0004	Interior_A	True	False	-80.00000000000007	-80.0000000000004	incomplete_strict_phone_support_for_nine_point_cpps_trajectory
LA_T_6659831_0004	Interior_B	True	False	-79.99999999999918	-80.0000000000004	incomplete_strict_phone_support_for_nine_point_cpps_trajectory
LA_T_6659831_0005	Boundary	True	True			
LA_T_6659831_0005	Interior_A	True	False	-79.99999999999918	-80.0000000000004	incomplete_strict_phone_support_for_nine_point_cpps_trajectory
LA_T_6659831_0005	Interior_B	True	False	-80.00000000000097	-79.99999999999862	incomplete_strict_phone_support_for_nine_point_cpps_trajectory
LA_T_6659831_0006	Boundary	True	True			
LA_T_6659831_0006	Interior_A	True	False	-80.00000000000097	-79.99999999999862	incomplete_strict_phone_support_for_nine_point_cpps_trajectory
LA_T_6659831_0006	Interior_B	True	False	-159.99999999999926	-159.99999999999957	incomplete_strict_phone_support_for_nine_point_cpps_trajectory
LA_T_6659831_0012	Boundary	True	True			
LA_T_6659831_0012	Interior_A	True	False	-160.00000000000014	-159.99999999999957	incomplete_strict_phone_support_for_nine_point_cpps_trajectory
LA_T_6659831_0012	Interior_B	True	True	559.9999999999987	559.9999999999993	
LA_T_6659831_0013	Boundary	True	False			official_v6_boundary_cpps_invalid_or_incomplete_support
LA_T_6659831_0013	Interior_A	True	True	559.9999999999987	559.9999999999993	
LA_T_6659831_0013	Interior_B	True	False	-160.00000000000014	-159.99999999999957	incomplete_strict_phone_support_for_nine_point_cpps_trajectory
LA_T_6659831_0014	Boundary	True	False			official_v6_boundary_cpps_invalid_or_incomplete_support
LA_T_6659831_0014	Interior_A	True	False	-160.00000000000014	-159.99999999999957	incomplete_strict_phone_support_for_nine_point_cpps_trajectory
LA_T_6659831_0014	Interior_B	True	False	-79.9999999999983	-80.0000000000013	incomplete_strict_phone_support_for_nine_point_cpps_trajectory
LA_T_6659831_0022	Boundary	True	True			
LA_T_6659831_0022	Interior_A	True	False	0.0	5.551115123125783e-13	incomplete_strict_phone_support_for_nine_point_cpps_trajectory
LA_T_6659831_0022	Interior_B	True	False	-80.00000000000185	-80.0000000000013	incomplete_strict_phone_support_for_nine_point_cpps_trajectory
LA_T_6659831_0023	Boundary	True	False			official_v6_boundary_cpps_invalid_or_incomplete_support
LA_T_6659831_0023	Interior_A	True	False	-80.00000000000185	-80.0000000000013	incomplete_strict_phone_support_for_nine_point_cpps_trajectory
LA_T_6659831_0023	Interior_B	True	True	320.0000000000003	320.00000000000085	
LA_T_6661397_0000	Boundary	True	True			
LA_T_6661397_0000	Interior_A	True	True	79.99999999999984	80.00000000000018	
LA_T_6661397_0000	Interior_B	True	False	-80.00000000000051	-79.99999999999996	incomplete_strict_phone_support_for_nine_point_cpps_trajectory
LA_T_6661397_0001	Boundary	True	True			
LA_T_6661397_0001	Interior_A	True	False	-80.00000000000051	-79.99999999999996	incomplete_strict_phone_support_for_nine_point_cpps_trajectory
LA_T_6661397_0001	Interior_B	True	False	4.440892098500626e-13	-3.3306690738754696e-13	incomplete_strict_phone_support_for_nine_point_cpps_trajectory
LA_T_6661397_0003	Boundary	True	False			official_v6_boundary_cpps_invalid_or_incomplete_support
LA_T_6661397_0003	Interior_A	True	False	-160.00000000000014	-159.99999999999957	incomplete_strict_phone_support_for_nine_point_cpps_trajectory
LA_T_6661397_0003	Interior_B	True	False	-80.00000000000007	-79.99999999999952	incomplete_strict_phone_support_for_nine_point_cpps_trajectory
LA_T_6661397_0004	Boundary	True	False			official_v6_boundary_cpps_invalid_or_incomplete_support
LA_T_6661397_0004	Interior_A	True	False	-80.00000000000007	-79.99999999999952	incomplete_strict_phone_support_for_nine_point_cpps_trajectory
LA_T_6661397_0004	Interior_B	True	True	80.00000000000007	80.00000000000063	
LA_T_6661397_0005	Boundary	True	True			
LA_T_6661397_0005	Interior_A	True	True	80.00000000000007	80.00000000000063	
LA_T_6661397_0005	Interior_B	True	False	-160.00000000000014	-160.00000000000136	incomplete_strict_phone_support_for_nine_point_cpps_trajectory
LA_T_6661397_0007	Boundary	True	True			
LA_T_6661397_0007	Interior_A	True	True	80.00000000000007	79.99999999999885	
LA_T_6661397_0007	Interior_B	True	False	-80.00000000000007	-79.99999999999952	incomplete_strict_phone_support_for_nine_point_cpps_trajectory
LA_T_6661397_0008	Boundary	True	True			
LA_T_6661397_0008	Interior_A	True	False	-80.00000000000007	-79.99999999999952	incomplete_strict_phone_support_for_nine_point_cpps_trajectory
LA_T_6661397_0008	Interior_B	True	False	-80.00000000000185	-79.99999999999952	incomplete_strict_phone_support_for_nine_point_cpps_trajectory
LA_T_6661397_0009	Boundary	True	True			
LA_T_6661397_0009	Interior_A	True	False	-80.00000000000185	-79.99999999999952	incomplete_strict_phone_support_for_nine_point_cpps_trajectory
LA_T_6661397_0009	Interior_B	True	False	-160.00000000000014	-159.99999999999957	incomplete_strict_phone_support_for_nine_point_cpps_trajectory
LA_T_6661397_0011	Boundary	True	False			official_v6_boundary_cpps_invalid_or_incomplete_support
LA_T_6661397_0011	Interior_A	True	False	-160.00000000000014	-160.00000000000136	incomplete_strict_phone_support_for_nine_point_cpps_trajectory
LA_T_6661397_0011	Interior_B	True	False	-160.00000000000014	-159.99999999999957	incomplete_strict_phone_support_for_nine_point_cpps_trajectory
LA_T_6661397_0015	Boundary	True	True			
LA_T_6661397_0015	Interior_A	True	True	79.9999999999983	79.99999999999885	
LA_T_6661397_0015	Interior_B	True	False	0.0	5.551115123125783e-13	incomplete_strict_phone_support_for_nine_point_cpps_trajectory
LA_T_6661397_0016	Boundary	True	True			
LA_T_6661397_0016	Interior_A	True	False	0.0	5.551115123125783e-13	incomplete_strict_phone_support_for_nine_point_cpps_trajectory
LA_T_6661397_0016	Interior_B	True	False	-160.00000000000014	-159.99999999999957	incomplete_strict_phone_support_for_nine_point_cpps_trajectory
LA_T_6661397_0017	Boundary	True	True			
LA_T_6661397_0017	Interior_A	True	False	-160.00000000000014	-159.99999999999957	incomplete_strict_phone_support_for_nine_point_cpps_trajectory
LA_T_6661397_0017	Interior_B	True	False	-80.00000000000185	-80.0000000000013	incomplete_strict_phone_support_for_nine_point_cpps_trajectory
LA_T_6661397_0018	Boundary	True	True			
LA_T_6661397_0018	Interior_A	True	False	-80.00000000000185	-80.0000000000013	incomplete_strict_phone_support_for_nine_point_cpps_trajectory
LA_T_6661397_0018	Interior_B	True	False	-80.00000000000185	-79.99999999999774	incomplete_strict_phone_support_for_nine_point_cpps_trajectory
LA_T_6661397_0019	Boundary	True	True			
LA_T_6661397_0019	Interior_A	True	False	-80.00000000000185	-79.99999999999774	incomplete_strict_phone_support_for_nine_point_cpps_trajectory
LA_T_6661397_0019	Interior_B	True	False	-160.00000000000014	-159.99999999999957	incomplete_strict_phone_support_for_nine_point_cpps_trajectory
LA_T_6661397_0022	Boundary	True	False			official_v6_boundary_cpps_invalid_or_incomplete_support
LA_T_6661397_0022	Interior_A	True	False	0.0	-2.9976021664879227e-12	incomplete_strict_phone_support_for_nine_point_cpps_trajectory
LA_T_6661397_0022	Interior_B	True	False	-79.9999999999983	-80.0000000000013	incomplete_strict_phone_support_for_nine_point_cpps_trajectory
LA_T_6661397_0025	Boundary	True	True			
LA_T_6661397_0025	Interior_A	True	False	-80.00000000000185	-79.99999999999774	incomplete_strict_phone_support_for_nine_point_cpps_trajectory
LA_T_6661397_0025	Interior_B	True	True	79.9999999999983	79.99999999999885	
LA_T_6661397_0026	Boundary	True	True			
LA_T_6661397_0026	Interior_A	True	True	79.9999999999983	79.99999999999885	
LA_T_6661397_0026	Interior_B	True	True	80.00000000000185	79.9999999999953	
LA_T_6661397_0027	Boundary	True	True			
LA_T_6661397_0027	Interior_A	True	True	80.00000000000185	79.9999999999953	
LA_T_6661397_0027	Interior_B	True	True	80.0000000000054	79.99999999999885	
LA_T_6661397_0028	Boundary	True	True			
LA_T_6661397_0028	Interior_A	True	True	80.0000000000054	79.99999999999885	
LA_T_6661397_0028	Interior_B	True	False	-160.0000000000037	-159.99999999999602	incomplete_strict_phone_support_for_nine_point_cpps_trajectory
LA_T_6661397_0029	Boundary	True	True			
LA_T_6661397_0029	Interior_A	True	False	-160.0000000000037	-159.99999999999602	incomplete_strict_phone_support_for_nine_point_cpps_trajectory
LA_T_6661397_0029	Interior_B	True	True	79.9999999999983	79.99999999999885	
LA_T_6661397_0030	Boundary	True	False			official_v6_boundary_cpps_invalid_or_incomplete_support
LA_T_6661397_0030	Interior_A	True	True	79.9999999999983	79.99999999999885	
LA_T_6661397_0030	Interior_B	True	True	240.000000000002	239.99999999999545	
LA_T_6661397_0033	Boundary	True	False			official_v6_boundary_cpps_invalid_or_incomplete_support
LA_T_6661397_0033	Interior_A	True	True	159.9999999999966	159.99999999999716	
LA_T_6661397_0033	Interior_B	True	False	-159.9999999999966	-160.00000000000313	incomplete_strict_phone_support_for_nine_point_cpps_trajectory
LA_T_6661397_0034	Boundary	True	True			
LA_T_6661397_0034	Interior_A	True	False	-159.9999999999966	-160.00000000000313	incomplete_strict_phone_support_for_nine_point_cpps_trajectory
LA_T_6661397_0034	Interior_B	True	False	-159.9999999999966	-160.00000000000313	incomplete_strict_phone_support_for_nine_point_cpps_trajectory
LA_T_6661397_0039	Boundary	True	False			official_v6_boundary_cpps_invalid_or_incomplete_support
LA_T_6661397_0039	Interior_A	True	True	160.0000000000037	159.99999999999716	
LA_T_6661397_0039	Interior_B	True	False	-79.9999999999983	-79.99999999999774	incomplete_strict_phone_support_for_nine_point_cpps_trajectory
LA_T_6661397_0042	Boundary	True	False			official_v6_boundary_cpps_invalid_or_incomplete_support
LA_T_6661397_0042	Interior_A	True	False	0.0	5.551115123125783e-13	incomplete_strict_phone_support_for_nine_point_cpps_trajectory
LA_T_6661397_0042	Interior_B	True	False	-80.0000000000054	-79.99999999999774	incomplete_strict_phone_support_for_nine_point_cpps_trajectory
LA_T_6661397_0046	Boundary	True	True			
LA_T_6661397_0046	Interior_A	True	False	-160.0000000000037	-159.99999999999602	incomplete_strict_phone_support_for_nine_point_cpps_trajectory
LA_T_6661397_0046	Interior_B	True	False	-79.9999999999983	-80.00000000000485	incomplete_strict_phone_support_for_nine_point_cpps_trajectory
LA_T_6661397_0049	Boundary	True	False			official_v6_boundary_cpps_invalid_or_incomplete_support
LA_T_6661397_0049	Interior_A	True	True	79.9999999999983	79.99999999999885	
LA_T_6661397_0049	Interior_B	True	False	-79.9999999999983	-80.00000000000485	incomplete_strict_phone_support_for_nine_point_cpps_trajectory
LA_T_6661397_0050	Boundary	True	False			official_v6_boundary_cpps_invalid_or_incomplete_support
LA_T_6661397_0050	Interior_A	True	False	-79.9999999999983	-80.00000000000485	incomplete_strict_phone_support_for_nine_point_cpps_trajectory
LA_T_6661397_0050	Interior_B	True	False	-79.9999999999983	-79.99999999999774	incomplete_strict_phone_support_for_nine_point_cpps_trajectory
LA_T_6661397_0051	Boundary	True	False			official_v6_boundary_cpps_invalid_or_incomplete_support
LA_T_6661397_0051	Interior_A	True	False	-79.9999999999983	-79.99999999999774	incomplete_strict_phone_support_for_nine_point_cpps_trajectory
LA_T_6661397_0051	Interior_B	True	True	79.9999999999983	79.99999999999885	
LA_T_6661397_0054	Boundary	True	False			official_v6_boundary_cpps_invalid_or_incomplete_support
LA_T_6661397_0054	Interior_A	True	True	399.9999999999986	399.99999999999915	
LA_T_6661397_0054	Interior_B	True	True	160.0000000000037	159.99999999999716	
LA_T_6661397_0055	Boundary	True	False			official_v6_boundary_cpps_invalid_or_incomplete_support
LA_T_6661397_0055	Interior_A	True	True	160.0000000000037	159.99999999999716	
LA_T_6661397_0055	Interior_B	True	True	319.9999999999932	320.00000000000796	
LA_T_6661397_0058	Boundary	True	False			official_v6_boundary_cpps_invalid_or_incomplete_support
LA_T_6661397_0058	Interior_A	True	True	79.9999999999983	79.99999999999885	
LA_T_6661397_0058	Interior_B	True	True	159.9999999999966	160.00000000001137	
LA_T_6661397_0059	Boundary	True	False			official_v6_boundary_cpps_invalid_or_incomplete_support
LA_T_6661397_0059	Interior_A	True	True	159.9999999999966	160.00000000001137	
LA_T_6661397_0059	Interior_B	True	True	1040.0000000000064	1039.9999999999925	
LA_T_6661974_0006	Boundary	True	True			
LA_T_6661974_0006	Interior_A	True	True	1119.9999999999993	1119.9999999999998	
LA_T_6661974_0006	Interior_B	True	False	0.0	5.551115123125783e-13	incomplete_strict_phone_support_for_nine_point_cpps_trajectory
LA_T_6661974_0015	Boundary	True	False			official_v6_boundary_cpps_invalid_or_incomplete_support
LA_T_6661974_0015	Interior_A	True	True	400.00000000000216	399.99999999999915	
LA_T_6661974_0015	Interior_B	True	True	239.99999999999844	239.999999999999	
LA_T_6662313_0000	Boundary	True	True			
LA_T_6662313_0000	Interior_A	True	True	79.9999999999983	79.99999999999885	
LA_T_6662313_0000	Interior_B	True	True	320.0000000000003	320.00000000000085	
LA_T_6662313_0010	Boundary	True	False			official_v6_boundary_cpps_invalid_or_incomplete_support
LA_T_6662313_0010	Interior_A	True	True	160.0000000000037	159.99999999999716	
LA_T_6662313_0010	Interior_B	True	True	79.9999999999983	79.99999999999885	
LA_T_6662313_0013	Boundary	True	True			
LA_T_6662313_0013	Interior_A	True	False	-79.9999999999983	-79.99999999999774	incomplete_strict_phone_support_for_nine_point_cpps_trajectory
LA_T_6662313_0013	Interior_B	True	False	-159.9999999999966	-160.00000000000313	incomplete_strict_phone_support_for_nine_point_cpps_trajectory
LA_T_6662313_0016	Boundary	True	True			
LA_T_6662313_0016	Interior_A	True	False	0.0	5.551115123125783e-13	incomplete_strict_phone_support_for_nine_point_cpps_trajectory
LA_T_6662313_0016	Interior_B	True	False	0.0	5.551115123125783e-13	incomplete_strict_phone_support_for_nine_point_cpps_trajectory
LA_T_6662313_0019	Boundary	True	True			
LA_T_6662313_0019	Interior_A	True	True	240.000000000002	239.99999999999545	
LA_T_6662313_0019	Interior_B	True	False	-159.9999999999966	-160.00000000000313	incomplete_strict_phone_support_for_nine_point_cpps_trajectory
LA_T_6662313_0020	Boundary	True	True			
LA_T_6662313_0020	Interior_A	True	False	-159.9999999999966	-160.00000000000313	incomplete_strict_phone_support_for_nine_point_cpps_trajectory
LA_T_6662313_0020	Interior_B	True	False	-79.9999999999983	-79.99999999999774	incomplete_strict_phone_support_for_nine_point_cpps_trajectory
LA_T_6662313_0025	Boundary	True	True			
LA_T_6662313_0025	Interior_A	True	True	160.0000000000037	159.99999999999716	
LA_T_6662313_0025	Interior_B	True	False	0.0	5.551115123125783e-13	incomplete_strict_phone_support_for_nine_point_cpps_trajectory
LA_T_6662313_0028	Boundary	True	True			
LA_T_6662313_0028	Interior_A	True	True	80.0000000000054	79.99999999999885	
LA_T_6662313_0028	Interior_B	True	True	79.9999999999983	79.99999999999885	
LA_T_6662313_0029	Boundary	True	True			
LA_T_6662313_0029	Interior_A	True	True	79.9999999999983	79.99999999999885	
LA_T_6662313_0029	Interior_B	True	True	320.0000000000003	320.00000000000085	
LA_T_6663894_0002	Boundary	True	False			official_v6_boundary_cpps_invalid_or_incomplete_support
LA_T_6663894_0002	Interior_A	True	True	160.00000000000014	159.9999999999998	
LA_T_6663894_0002	Interior_B	True	False	-80.00000000000097	-79.99999999999862	incomplete_strict_phone_support_for_nine_point_cpps_trajectory
LA_T_6663894_0003	Boundary	True	True			
LA_T_6663894_0003	Interior_A	True	False	-80.00000000000097	-79.99999999999862	incomplete_strict_phone_support_for_nine_point_cpps_trajectory
LA_T_6663894_0003	Interior_B	True	False	-159.99999999999926	-159.99999999999957	incomplete_strict_phone_support_for_nine_point_cpps_trajectory
LA_T_6663894_0009	Boundary	True	False			official_v6_boundary_cpps_invalid_or_incomplete_support
LA_T_6663894_0009	Interior_A	True	False	-80.00000000000185	-79.99999999999952	incomplete_strict_phone_support_for_nine_point_cpps_trajectory
LA_T_6663894_0009	Interior_B	True	True	320.0000000000003	319.9999999999991	
LA_T_6663894_0010	Boundary	True	False			official_v6_boundary_cpps_invalid_or_incomplete_support
LA_T_6663894_0010	Interior_A	True	True	320.0000000000003	319.9999999999991	
LA_T_6663894_0010	Interior_B	True	True	239.99999999999844	240.00000000000256	
LA_T_6663894_0011	Boundary	True	False			official_v6_boundary_cpps_invalid_or_incomplete_support
LA_T_6663894_0011	Interior_A	True	True	239.99999999999844	240.00000000000256	
LA_T_6663894_0011	Interior_B	True	False	-3.552713678800501e-12	5.551115123125783e-13	incomplete_strict_phone_support_for_nine_point_cpps_trajectory
LA_T_6663894_0016	Boundary	True	True			
LA_T_6663894_0016	Interior_A	True	False	-80.00000000000185	-80.0000000000013	incomplete_strict_phone_support_for_nine_point_cpps_trajectory
LA_T_6663894_0016	Interior_B	True	False	-80.00000000000185	-79.99999999999774	incomplete_strict_phone_support_for_nine_point_cpps_trajectory
LA_T_6663894_0017	Boundary	True	True			
LA_T_6663894_0017	Interior_A	True	False	-80.00000000000185	-79.99999999999774	incomplete_strict_phone_support_for_nine_point_cpps_trajectory
LA_T_6663894_0017	Interior_B	True	True	79.9999999999983	80.0000000000024	
LA_T_6663894_0018	Boundary	True	False			official_v6_boundary_cpps_invalid_or_incomplete_support
LA_T_6663894_0018	Interior_A	True	True	79.9999999999983	80.0000000000024	
LA_T_6663894_0018	Interior_B	True	True	79.9999999999983	79.99999999999885	
LA_T_6663894_0019	Boundary	True	False			official_v6_boundary_cpps_invalid_or_incomplete_support
LA_T_6663894_0019	Interior_A	True	True	79.9999999999983	79.99999999999885	
LA_T_6663894_0019	Interior_B	True	False	0.0	5.551115123125783e-13	incomplete_strict_phone_support_for_nine_point_cpps_trajectory
LA_T_6663894_0020	Boundary	True	True			
LA_T_6663894_0020	Interior_A	True	False	0.0	5.551115123125783e-13	incomplete_strict_phone_support_for_nine_point_cpps_trajectory
LA_T_6663894_0020	Interior_B	True	False	-160.00000000000014	-159.99999999999957	incomplete_strict_phone_support_for_nine_point_cpps_trajectory
LA_T_6663894_0021	Boundary	True	True			
LA_T_6663894_0021	Interior_A	True	False	-160.00000000000014	-159.99999999999957	incomplete_strict_phone_support_for_nine_point_cpps_trajectory
LA_T_6663894_0021	Interior_B	True	False	-80.00000000000185	-79.99999999999774	incomplete_strict_phone_support_for_nine_point_cpps_trajectory
LA_T_6663894_0022	Boundary	True	True			
LA_T_6663894_0022	Interior_A	True	False	-80.00000000000185	-79.99999999999774	incomplete_strict_phone_support_for_nine_point_cpps_trajectory
LA_T_6663894_0022	Interior_B	True	True	239.99999999999844	239.999999999999	
LA_T_6663894_0023	Boundary	True	True			
LA_T_6663894_0023	Interior_A	True	True	239.99999999999844	239.999999999999	
LA_T_6663894_0023	Interior_B	True	False	0.0	5.551115123125783e-13	incomplete_strict_phone_support_for_nine_point_cpps_trajectory
LA_T_6663894_0024	Boundary	True	True			
LA_T_6663894_0024	Interior_A	True	False	0.0	5.551115123125783e-13	incomplete_strict_phone_support_for_nine_point_cpps_trajectory
LA_T_6663894_0024	Interior_B	True	False	-160.0000000000037	-159.99999999999602	incomplete_strict_phone_support_for_nine_point_cpps_trajectory
LA_T_6663894_0028	Boundary	True	False			official_v6_boundary_cpps_invalid_or_incomplete_support
LA_T_6663894_0028	Interior_A	True	True	240.000000000002	239.99999999999545	
LA_T_6663894_0028	Interior_B	True	False	-159.9999999999966	-160.00000000000313	incomplete_strict_phone_support_for_nine_point_cpps_trajectory
LA_T_6663894_0031	Boundary	True	True			
LA_T_6663894_0031	Interior_A	True	False	0.0	5.551115123125783e-13	incomplete_strict_phone_support_for_nine_point_cpps_trajectory
LA_T_6663894_0031	Interior_B	True	False	0.0	5.551115123125783e-13	incomplete_strict_phone_support_for_nine_point_cpps_trajectory
LA_T_6663894_0032	Boundary	True	False			official_v6_boundary_cpps_invalid_or_incomplete_support
LA_T_6663894_0032	Interior_A	True	False	0.0	5.551115123125783e-13	incomplete_strict_phone_support_for_nine_point_cpps_trajectory
LA_T_6663894_0032	Interior_B	True	True	399.9999999999986	399.99999999999915	
LA_T_6663894_0036	Boundary	True	False			official_v6_boundary_cpps_invalid_or_incomplete_support
LA_T_6663894_0036	Interior_A	True	True	480.000000000004	479.99999999999744	
LA_T_6663894_0036	Interior_B	True	True	79.9999999999983	79.99999999999885	
LA_T_6663894_0037	Boundary	True	False			official_v6_boundary_cpps_invalid_or_incomplete_support
LA_T_6663894_0037	Interior_A	True	True	79.9999999999983	79.99999999999885	
LA_T_6663894_0037	Interior_B	True	True	640.0000000000006	640.0000000000011	
LA_T_6664482_0000	Boundary	True	True			
LA_T_6664482_0000	Interior_A	True	False	0.0	-3.3306690738754696e-13	incomplete_strict_phone_support_for_nine_point_cpps_trajectory
LA_T_6664482_0000	Interior_B	True	True	159.99999999999926	160.0000000000016	
LA_T_6664482_0004	Boundary	True	True			
LA_T_6664482_0004	Interior_A	True	False	-160.00000000000014	-159.99999999999957	incomplete_strict_phone_support_for_nine_point_cpps_trajectory
LA_T_6664482_0004	Interior_B	True	False	-80.00000000000007	-80.0000000000013	incomplete_strict_phone_support_for_nine_point_cpps_trajectory
LA_T_6664482_0005	Boundary	True	False			official_v6_boundary_cpps_invalid_or_incomplete_support
LA_T_6664482_0005	Interior_A	True	False	-80.00000000000007	-80.0000000000013	incomplete_strict_phone_support_for_nine_point_cpps_trajectory
LA_T_6664482_0005	Interior_B	True	False	-80.00000000000007	-79.99999999999952	incomplete_strict_phone_support_for_nine_point_cpps_trajectory
LA_T_6664482_0006	Boundary	True	False			official_v6_boundary_cpps_invalid_or_incomplete_support
LA_T_6664482_0006	Interior_A	True	False	-80.00000000000007	-79.99999999999952	incomplete_strict_phone_support_for_nine_point_cpps_trajectory
LA_T_6664482_0006	Interior_B	True	False	-160.00000000000014	-160.00000000000136	incomplete_strict_phone_support_for_nine_point_cpps_trajectory
LA_T_6664482_0015	Boundary	True	True			
LA_T_6664482_0015	Interior_A	True	True	160.00000000000014	160.0000000000007	
LA_T_6664482_0015	Interior_B	True	False	-80.00000000000185	-80.0000000000013	incomplete_strict_phone_support_for_nine_point_cpps_trajectory
LA_T_6664482_0016	Boundary	True	True			
LA_T_6664482_0016	Interior_A	True	False	-80.00000000000185	-80.0000000000013	incomplete_strict_phone_support_for_nine_point_cpps_trajectory
LA_T_6664482_0016	Interior_B	True	True	320.0000000000003	320.00000000000085	
LA_T_6664482_0017	Boundary	True	False			official_v6_boundary_cpps_invalid_or_incomplete_support
LA_T_6664482_0017	Interior_A	True	True	320.0000000000003	320.00000000000085	
LA_T_6664482_0017	Interior_B	True	True	79.9999999999983	79.99999999999885	
LA_T_6664482_0018	Boundary	True	False			official_v6_boundary_cpps_invalid_or_incomplete_support
LA_T_6664482_0018	Interior_A	True	True	79.9999999999983	79.99999999999885	
LA_T_6664482_0018	Interior_B	True	True	160.00000000000014	160.0000000000007	
LA_T_6664482_0019	Boundary	True	False			official_v6_boundary_cpps_invalid_or_incomplete_support
LA_T_6664482_0019	Interior_A	True	True	160.00000000000014	160.0000000000007	
LA_T_6664482_0019	Interior_B	True	False	-160.00000000000014	-159.99999999999957	incomplete_strict_phone_support_for_nine_point_cpps_trajectory
LA_T_6664482_0020	Boundary	True	True			
LA_T_6664482_0020	Interior_A	True	False	-160.00000000000014	-159.99999999999957	incomplete_strict_phone_support_for_nine_point_cpps_trajectory
LA_T_6664482_0020	Interior_B	True	False	-160.00000000000014	-159.99999999999957	incomplete_strict_phone_support_for_nine_point_cpps_trajectory
LA_T_6664482_0023	Boundary	True	False			official_v6_boundary_cpps_invalid_or_incomplete_support
LA_T_6664482_0023	Interior_A	True	False	-79.9999999999983	-80.0000000000013	incomplete_strict_phone_support_for_nine_point_cpps_trajectory
LA_T_6664482_0023	Interior_B	True	True	159.9999999999966	160.00000000000426	
LA_T_6664482_0024	Boundary	True	False			official_v6_boundary_cpps_invalid_or_incomplete_support
LA_T_6664482_0024	Interior_A	True	True	159.9999999999966	160.00000000000426	
LA_T_6664482_0024	Interior_B	True	False	-159.9999999999966	-160.00000000000313	incomplete_strict_phone_support_for_nine_point_cpps_trajectory
LA_T_6664482_0025	Boundary	True	True			
LA_T_6664482_0025	Interior_A	True	False	-159.9999999999966	-160.00000000000313	incomplete_strict_phone_support_for_nine_point_cpps_trajectory
LA_T_6664482_0025	Interior_B	True	True	240.000000000002	239.99999999999545	
LA_T_6664482_0026	Boundary	True	True			
LA_T_6664482_0026	Interior_A	True	True	240.000000000002	239.99999999999545	
LA_T_6664482_0026	Interior_B	True	True	320.0000000000003	320.00000000000085	
LA_T_6664482_0027	Boundary	True	False			official_v6_boundary_cpps_invalid_or_incomplete_support
LA_T_6664482_0027	Interior_A	True	True	320.0000000000003	320.00000000000085	
LA_T_6664482_0027	Interior_B	True	True	239.99999999999488	240.00000000000256	
LA_T_6664482_0030	Boundary	True	False			official_v6_boundary_cpps_invalid_or_incomplete_support
LA_T_6664482_0030	Interior_A	True	False	-159.9999999999966	-160.00000000000313	incomplete_strict_phone_support_for_nine_point_cpps_trajectory
LA_T_6664482_0030	Interior_B	True	True	240.000000000002	240.00000000000256	
LA_T_6664482_0031	Boundary	True	False			official_v6_boundary_cpps_invalid_or_incomplete_support
LA_T_6664482_0031	Interior_A	True	True	240.000000000002	240.00000000000256	
LA_T_6664482_0031	Interior_B	True	False	-160.0000000000037	-159.99999999999602	incomplete_strict_phone_support_for_nine_point_cpps_trajectory
LA_T_6664482_0032	Boundary	True	True			
LA_T_6664482_0032	Interior_A	True	False	-160.0000000000037	-159.99999999999602	incomplete_strict_phone_support_for_nine_point_cpps_trajectory
LA_T_6664482_0032	Interior_B	True	False	-79.9999999999983	-80.00000000000485	incomplete_strict_phone_support_for_nine_point_cpps_trajectory
LA_T_6664482_0033	Boundary	True	True			
LA_T_6664482_0033	Interior_A	True	False	-79.9999999999983	-80.00000000000485	incomplete_strict_phone_support_for_nine_point_cpps_trajectory
LA_T_6664482_0033	Interior_B	True	False	-79.9999999999983	-80.00000000000485	incomplete_strict_phone_support_for_nine_point_cpps_trajectory
LA_T_6664482_0034	Boundary	True	True			
LA_T_6664482_0034	Interior_A	True	False	-79.9999999999983	-80.00000000000485	incomplete_strict_phone_support_for_nine_point_cpps_trajectory
LA_T_6664482_0034	Interior_B	True	False	-79.9999999999983	-79.99999999999774	incomplete_strict_phone_support_for_nine_point_cpps_trajectory
LA_T_6664482_0035	Boundary	True	True			
LA_T_6664482_0035	Interior_A	True	False	-79.9999999999983	-79.99999999999774	incomplete_strict_phone_support_for_nine_point_cpps_trajectory
LA_T_6664482_0035	Interior_B	True	False	-79.9999999999983	-80.00000000000485	incomplete_strict_phone_support_for_nine_point_cpps_trajectory
LA_T_6664482_0036	Boundary	True	False			official_v6_boundary_cpps_invalid_or_incomplete_support
LA_T_6664482_0036	Interior_A	True	False	-79.9999999999983	-80.00000000000485	incomplete_strict_phone_support_for_nine_point_cpps_trajectory
LA_T_6664482_0036	Interior_B	True	True	320.0000000000003	320.00000000000085	
LA_T_6664482_0037	Boundary	True	False			official_v6_boundary_cpps_invalid_or_incomplete_support
LA_T_6664482_0037	Interior_A	True	True	320.0000000000003	320.00000000000085	
LA_T_6664482_0037	Interior_B	True	True	880.0000000000025	879.999999999996	
LA_T_6666635_0003	Boundary	True	False			official_v6_boundary_cpps_invalid_or_incomplete_support
LA_T_6666635_0003	Interior_A	True	False	-160.00000000000014	-160.00000000000313	incomplete_strict_phone_support_for_nine_point_cpps_trajectory
LA_T_6666635_0003	Interior_B	True	True	239.99999999999844	240.00000000000256	
LA_T_6666635_0004	Boundary	True	False			official_v6_boundary_cpps_invalid_or_incomplete_support
LA_T_6666635_0004	Interior_A	True	True	239.99999999999844	240.00000000000256	
LA_T_6666635_0004	Interior_B	True	True	800.0000000000007	799.9999999999977	
LA_T_6666635_0005	Boundary	True	False			official_v6_boundary_cpps_invalid_or_incomplete_support
LA_T_6666635_0005	Interior_A	True	True	800.0000000000007	799.9999999999977	
LA_T_6666635_0005	Interior_B	True	True	1039.999999999999	1039.9999999999995	
LA_T_6666635_0008	Boundary	True	True			
LA_T_6666635_0008	Interior_A	True	False	-160.00000000000014	-159.99999999999957	incomplete_strict_phone_support_for_nine_point_cpps_trajectory
LA_T_6666635_0008	Interior_B	True	True	160.00000000000014	159.99999999999716	
LA_T_6666635_0009	Boundary	True	True			
LA_T_6666635_0009	Interior_A	True	True	160.00000000000014	159.99999999999716	
LA_T_6666635_0009	Interior_B	True	False	-159.9999999999966	-160.00000000000313	incomplete_strict_phone_support_for_nine_point_cpps_trajectory
LA_T_6666635_0010	Boundary	True	True			
LA_T_6666635_0010	Interior_A	True	False	-159.9999999999966	-160.00000000000313	incomplete_strict_phone_support_for_nine_point_cpps_trajectory
LA_T_6666635_0010	Interior_B	True	True	800.0000000000043	799.9999999999977	
LA_T_6666635_0011	Boundary	True	True			
LA_T_6666635_0011	Interior_A	True	True	800.0000000000043	799.9999999999977	
LA_T_6666635_0011	Interior_B	True	True	79.9999999999983	79.99999999999885	
LA_T_6666635_0012	Boundary	True	True			
LA_T_6666635_0012	Interior_A	True	True	79.9999999999983	79.99999999999885	
LA_T_6666635_0012	Interior_B	True	True	399.9999999999986	399.99999999999915	
LA_T_6666635_0014	Boundary	True	False			official_v6_boundary_cpps_invalid_or_incomplete_support
LA_T_6666635_0014	Interior_A	True	False	-79.9999999999983	-79.99999999999774	incomplete_strict_phone_support_for_nine_point_cpps_trajectory
LA_T_6666635_0014	Interior_B	True	False	-80.0000000000054	-79.99999999999774	incomplete_strict_phone_support_for_nine_point_cpps_trajectory
LA_T_6666635_0015	Boundary	True	True			
LA_T_6666635_0015	Interior_A	True	False	-80.0000000000054	-79.99999999999774	incomplete_strict_phone_support_for_nine_point_cpps_trajectory
LA_T_6666635_0015	Interior_B	True	False	-79.9999999999983	-80.00000000000485	incomplete_strict_phone_support_for_nine_point_cpps_trajectory
LA_T_6666635_0016	Boundary	True	True			
LA_T_6666635_0016	Interior_A	True	False	-79.9999999999983	-80.00000000000485	incomplete_strict_phone_support_for_nine_point_cpps_trajectory
LA_T_6666635_0016	Interior_B	True	False	-79.9999999999983	-79.99999999999774	incomplete_strict_phone_support_for_nine_point_cpps_trajectory
LA_T_6666635_0019	Boundary	True	True			
LA_T_6666635_0019	Interior_A	True	False	-160.0000000000037	-159.99999999999602	incomplete_strict_phone_support_for_nine_point_cpps_trajectory
LA_T_6666635_0019	Interior_B	True	True	159.9999999999966	160.00000000000426	
LA_T_6666635_0020	Boundary	True	False			official_v6_boundary_cpps_invalid_or_incomplete_support
LA_T_6666635_0020	Interior_A	True	True	159.9999999999966	160.00000000000426	
LA_T_6666635_0020	Interior_B	True	True	79.9999999999983	79.99999999999885	
LA_T_6666635_0023	Boundary	True	True			
LA_T_6666635_0023	Interior_A	True	False	0.0	5.551115123125783e-13	incomplete_strict_phone_support_for_nine_point_cpps_trajectory
LA_T_6666635_0023	Interior_B	True	False	-79.9999999999983	-79.99999999999774	incomplete_strict_phone_support_for_nine_point_cpps_trajectory
LA_T_6666635_0026	Boundary	True	True			
LA_T_6666635_0026	Interior_A	True	False	-7.105427357601002e-12	5.551115123125783e-13	incomplete_strict_phone_support_for_nine_point_cpps_trajectory
LA_T_6666635_0026	Interior_B	True	False	0.0	5.551115123125783e-13	incomplete_strict_phone_support_for_nine_point_cpps_trajectory
LA_T_6666635_0027	Boundary	True	True			
LA_T_6666635_0027	Interior_A	True	False	0.0	5.551115123125783e-13	incomplete_strict_phone_support_for_nine_point_cpps_trajectory
LA_T_6666635_0027	Interior_B	True	False	-159.9999999999966	-160.00000000000313	incomplete_strict_phone_support_for_nine_point_cpps_trajectory
LA_T_6666635_0032	Boundary	True	True			
LA_T_6666635_0032	Interior_A	True	True	640.0000000000006	639.999999999994	
LA_T_6666635_0032	Interior_B	True	True	399.9999999999915	400.00000000000625	
LA_T_6666635_0033	Boundary	True	True			
LA_T_6666635_0033	Interior_A	True	True	399.9999999999915	400.00000000000625	
LA_T_6666635_0033	Interior_B	True	True	1039.999999999992	1040.0000000000066	
LA_T_6668405_0008	Boundary	True	False			official_v6_boundary_cpps_invalid_or_incomplete_support
LA_T_6668405_0008	Interior_A	True	True	320.0000000000003	320.00000000000085	
LA_T_6668405_0008	Interior_B	True	True	79.9999999999983	80.0000000000024	
LA_T_6668405_0009	Boundary	True	True			
LA_T_6668405_0009	Interior_A	True	True	79.9999999999983	80.0000000000024	
LA_T_6668405_0009	Interior_B	True	False	-160.00000000000014	-160.00000000000313	incomplete_strict_phone_support_for_nine_point_cpps_trajectory
LA_T_6668405_0012	Boundary	True	True			
LA_T_6668405_0012	Interior_A	True	True	80.00000000000185	79.99999999999885	
LA_T_6668405_0012	Interior_B	True	True	399.9999999999986	399.99999999999915	
LA_T_6668405_0015	Boundary	True	True			
LA_T_6668405_0015	Interior_A	True	False	-80.00000000000185	-79.99999999999774	incomplete_strict_phone_support_for_nine_point_cpps_trajectory
LA_T_6668405_0015	Interior_B	True	True	79.9999999999983	79.99999999999885	
LA_T_6668405_0016	Boundary	True	False			official_v6_boundary_cpps_invalid_or_incomplete_support
LA_T_6668405_0016	Interior_A	True	True	79.9999999999983	79.99999999999885	
LA_T_6668405_0016	Interior_B	True	True	240.000000000002	240.00000000000256	
LA_T_6668405_0017	Boundary	True	False			official_v6_boundary_cpps_invalid_or_incomplete_support
LA_T_6668405_0017	Interior_A	True	True	240.000000000002	240.00000000000256	
LA_T_6668405_0017	Interior_B	True	True	1119.9999999999975	1119.999999999998	
LA_T_6669388_0004	Boundary	True	False			official_v6_boundary_cpps_invalid_or_incomplete_support
LA_T_6669388_0004	Interior_A	True	False	-3.552713678800501e-12	5.551115123125783e-13	incomplete_strict_phone_support_for_nine_point_cpps_trajectory
LA_T_6669388_0004	Interior_B	True	False	0.0	5.551115123125783e-13	incomplete_strict_phone_support_for_nine_point_cpps_trajectory
LA_T_6669388_0005	Boundary	True	False			official_v6_boundary_cpps_invalid_or_incomplete_support
LA_T_6669388_0005	Interior_A	True	False	0.0	5.551115123125783e-13	incomplete_strict_phone_support_for_nine_point_cpps_trajectory
LA_T_6669388_0005	Interior_B	True	True	160.00000000000014	160.0000000000007	
LA_T_6669388_0011	Boundary	True	False			official_v6_boundary_cpps_invalid_or_incomplete_support
LA_T_6669388_0011	Interior_A	True	False	-80.00000000000185	-80.0000000000013	incomplete_strict_phone_support_for_nine_point_cpps_trajectory
LA_T_6669388_0011	Interior_B	True	False	-160.00000000000014	-159.99999999999957	incomplete_strict_phone_support_for_nine_point_cpps_trajectory
LA_T_6669388_0012	Boundary	True	False			official_v6_boundary_cpps_invalid_or_incomplete_support
LA_T_6669388_0012	Interior_A	True	False	-160.00000000000014	-159.99999999999957	incomplete_strict_phone_support_for_nine_point_cpps_trajectory
LA_T_6669388_0012	Interior_B	True	False	0.0	5.551115123125783e-13	incomplete_strict_phone_support_for_nine_point_cpps_trajectory
LA_T_6669388_0013	Boundary	True	False			official_v6_boundary_cpps_invalid_or_incomplete_support
LA_T_6669388_0013	Interior_A	True	False	0.0	5.551115123125783e-13	incomplete_strict_phone_support_for_nine_point_cpps_trajectory
LA_T_6669388_0013	Interior_B	True	True	79.9999999999983	79.99999999999885	
LA_T_6669388_0014	Boundary	True	False			official_v6_boundary_cpps_invalid_or_incomplete_support
LA_T_6669388_0014	Interior_A	True	True	79.9999999999983	79.99999999999885	
LA_T_6669388_0014	Interior_B	True	False	0.0	5.551115123125783e-13	incomplete_strict_phone_support_for_nine_point_cpps_trajectory
LA_T_6669388_0015	Boundary	True	False			official_v6_boundary_cpps_invalid_or_incomplete_support
LA_T_6669388_0015	Interior_A	True	False	0.0	5.551115123125783e-13	incomplete_strict_phone_support_for_nine_point_cpps_trajectory
LA_T_6669388_0015	Interior_B	True	False	-159.9999999999966	-160.00000000000313	incomplete_strict_phone_support_for_nine_point_cpps_trajectory
LA_T_6669388_0016	Boundary	True	False			official_v6_boundary_cpps_invalid_or_incomplete_support
LA_T_6669388_0016	Interior_A	True	False	-159.9999999999966	-160.00000000000313	incomplete_strict_phone_support_for_nine_point_cpps_trajectory
LA_T_6669388_0016	Interior_B	True	False	-79.9999999999983	-80.00000000000485	incomplete_strict_phone_support_for_nine_point_cpps_trajectory
LA_T_6669388_0019	Boundary	True	False			official_v6_boundary_cpps_invalid_or_incomplete_support
LA_T_6669388_0019	Interior_A	True	True	79.9999999999983	79.99999999999885	
LA_T_6669388_0019	Interior_B	True	True	79.9999999999983	79.99999999999885	
LA_T_6669388_0020	Boundary	True	False			official_v6_boundary_cpps_invalid_or_incomplete_support
LA_T_6669388_0020	Interior_A	True	True	79.9999999999983	79.99999999999885	
LA_T_6669388_0020	Interior_B	True	True	399.9999999999986	400.00000000000625	
LA_T_6669388_0021	Boundary	True	False			official_v6_boundary_cpps_invalid_or_incomplete_support
LA_T_6669388_0021	Interior_A	True	True	399.9999999999986	400.00000000000625	
LA_T_6669388_0021	Interior_B	True	True	79.9999999999983	79.99999999999885	
LA_T_6669388_0022	Boundary	True	True			
LA_T_6669388_0022	Interior_A	True	True	79.9999999999983	79.99999999999885	
LA_T_6669388_0022	Interior_B	True	False	0.0	5.551115123125783e-13	incomplete_strict_phone_support_for_nine_point_cpps_trajectory
LA_T_6669388_0023	Boundary	True	True			
LA_T_6669388_0023	Interior_A	True	False	0.0	5.551115123125783e-13	incomplete_strict_phone_support_for_nine_point_cpps_trajectory
LA_T_6669388_0023	Interior_B	True	False	-80.0000000000054	-79.99999999999774	incomplete_strict_phone_support_for_nine_point_cpps_trajectory
LA_T_6669388_0024	Boundary	True	False			official_v6_boundary_cpps_invalid_or_incomplete_support
LA_T_6669388_0024	Interior_A	True	False	-80.0000000000054	-79.99999999999774	incomplete_strict_phone_support_for_nine_point_cpps_trajectory
LA_T_6669388_0024	Interior_B	True	False	0.0	5.551115123125783e-13	incomplete_strict_phone_support_for_nine_point_cpps_trajectory
LA_T_6669388_0025	Boundary	True	False			official_v6_boundary_cpps_invalid_or_incomplete_support
LA_T_6669388_0025	Interior_A	True	False	0.0	5.551115123125783e-13	incomplete_strict_phone_support_for_nine_point_cpps_trajectory
LA_T_6669388_0025	Interior_B	True	False	-160.0000000000037	-159.99999999999602	incomplete_strict_phone_support_for_nine_point_cpps_trajectory
LA_T_6669388_0026	Boundary	True	True			
LA_T_6669388_0026	Interior_A	True	False	-160.0000000000037	-159.99999999999602	incomplete_strict_phone_support_for_nine_point_cpps_trajectory
LA_T_6669388_0026	Interior_B	True	False	-159.9999999999966	-160.00000000000313	incomplete_strict_phone_support_for_nine_point_cpps_trajectory
LA_T_6669388_0027	Boundary	True	False			official_v6_boundary_cpps_invalid_or_incomplete_support
LA_T_6669388_0027	Interior_A	True	False	-159.9999999999966	-160.00000000000313	incomplete_strict_phone_support_for_nine_point_cpps_trajectory
LA_T_6669388_0027	Interior_B	True	True	160.0000000000037	159.99999999999716	
LA_T_6669388_0030	Boundary	True	False			official_v6_boundary_cpps_invalid_or_incomplete_support
LA_T_6669388_0030	Interior_A	True	False	-79.9999999999983	-80.00000000000485	incomplete_strict_phone_support_for_nine_point_cpps_trajectory
LA_T_6669388_0030	Interior_B	True	False	-79.9999999999983	-79.99999999999774	incomplete_strict_phone_support_for_nine_point_cpps_trajectory
LA_T_6669388_0031	Boundary	True	False			official_v6_boundary_cpps_invalid_or_incomplete_support
LA_T_6669388_0031	Interior_A	True	False	-79.9999999999983	-79.99999999999774	incomplete_strict_phone_support_for_nine_point_cpps_trajectory
LA_T_6669388_0031	Interior_B	True	False	-159.9999999999966	-160.00000000000313	incomplete_strict_phone_support_for_nine_point_cpps_trajectory
LA_T_6669388_0037	Boundary	True	True			
LA_T_6669388_0037	Interior_A	True	False	-159.9999999999966	-160.00000000000313	incomplete_strict_phone_support_for_nine_point_cpps_trajectory
LA_T_6669388_0037	Interior_B	True	True	560.0000000000023	559.9999999999957	
LA_T_6669388_0040	Boundary	True	False			official_v6_boundary_cpps_invalid_or_incomplete_support
LA_T_6669388_0040	Interior_A	True	True	79.9999999999983	80.00000000000595	
LA_T_6669388_0040	Interior_B	True	False	0.0	5.551115123125783e-13	incomplete_strict_phone_support_for_nine_point_cpps_trajectory
LA_T_6669388_0041	Boundary	True	True			
LA_T_6669388_0041	Interior_A	True	False	0.0	5.551115123125783e-13	incomplete_strict_phone_support_for_nine_point_cpps_trajectory
LA_T_6669388_0041	Interior_B	True	True	399.9999999999915	400.00000000000625	
LA_T_6669388_0042	Boundary	True	True			
LA_T_6669388_0042	Interior_A	True	True	399.9999999999915	400.00000000000625	
LA_T_6669388_0042	Interior_B	True	True	960.000000000008	959.9999999999943	
LA_T_6669763_0002	Boundary	True	True			
LA_T_6669763_0002	Interior_A	True	False	-80.00000000000007	-80.0000000000004	incomplete_strict_phone_support_for_nine_point_cpps_trajectory
LA_T_6669763_0002	Interior_B	True	False	-79.99999999999918	-79.99999999999952	incomplete_strict_phone_support_for_nine_point_cpps_trajectory
LA_T_6669763_0003	Boundary	True	True			
LA_T_6669763_0003	Interior_A	True	False	-79.99999999999918	-79.99999999999952	incomplete_strict_phone_support_for_nine_point_cpps_trajectory
LA_T_6669763_0003	Interior_B	True	False	-80.00000000000185	-79.99999999999952	incomplete_strict_phone_support_for_nine_point_cpps_trajectory
LA_T_6669763_0009	Boundary	True	False			official_v6_boundary_cpps_invalid_or_incomplete_support
LA_T_6669763_0009	Interior_A	True	True	400.00000000000034	399.99999999999915	
LA_T_6669763_0009	Interior_B	True	False	0.0	5.551115123125783e-13	incomplete_strict_phone_support_for_nine_point_cpps_trajectory
LA_T_6669763_0010	Boundary	True	False			official_v6_boundary_cpps_invalid_or_incomplete_support
LA_T_6669763_0010	Interior_A	True	False	0.0	5.551115123125783e-13	incomplete_strict_phone_support_for_nine_point_cpps_trajectory
LA_T_6669763_0010	Interior_B	True	False	-80.00000000000185	-79.99999999999774	incomplete_strict_phone_support_for_nine_point_cpps_trajectory
LA_T_6669763_0011	Boundary	True	True			
LA_T_6669763_0011	Interior_A	True	False	-80.00000000000185	-79.99999999999774	incomplete_strict_phone_support_for_nine_point_cpps_trajectory
LA_T_6669763_0011	Interior_B	True	True	719.9999999999989	719.9999999999994	
LA_T_6669763_0012	Boundary	True	False			official_v6_boundary_cpps_invalid_or_incomplete_support
LA_T_6669763_0012	Interior_A	True	True	719.9999999999989	719.9999999999994	
LA_T_6669763_0012	Interior_B	True	True	239.99999999999844	239.999999999999	
LA_T_6669852_0000	Boundary	True	False			official_v6_boundary_cpps_invalid_or_incomplete_support
LA_T_6669852_0000	Interior_A	True	True	160.00000000000014	159.9999999999998	
LA_T_6669852_0000	Interior_B	True	True	79.99999999999918	80.00000000000152	
LA_T_6669852_0006	Boundary	True	False			official_v6_boundary_cpps_invalid_or_incomplete_support
LA_T_6669852_0006	Interior_A	True	False	0.0	5.551115123125783e-13	incomplete_strict_phone_support_for_nine_point_cpps_trajectory
LA_T_6669852_0006	Interior_B	True	False	0.0	-1.2212453270876722e-12	incomplete_strict_phone_support_for_nine_point_cpps_trajectory
LA_T_6671639_0000	Boundary	True	True			
LA_T_6671639_0000	Interior_A	True	False	0.0	5.551115123125783e-13	incomplete_strict_phone_support_for_nine_point_cpps_trajectory
LA_T_6671639_0000	Interior_B	True	False	-160.00000000000014	-159.99999999999957	incomplete_strict_phone_support_for_nine_point_cpps_trajectory
LA_T_6671639_0001	Boundary	True	False			official_v6_boundary_cpps_invalid_or_incomplete_support
LA_T_6671639_0001	Interior_A	True	False	-160.00000000000014	-159.99999999999957	incomplete_strict_phone_support_for_nine_point_cpps_trajectory
LA_T_6671639_0001	Interior_B	True	False	0.0	5.551115123125783e-13	incomplete_strict_phone_support_for_nine_point_cpps_trajectory
LA_T_6671639_0004	Boundary	True	True			
LA_T_6671639_0004	Interior_A	True	True	160.00000000000014	160.0000000000007	
LA_T_6671639_0004	Interior_B	True	False	-160.00000000000014	-159.99999999999957	incomplete_strict_phone_support_for_nine_point_cpps_trajectory
LA_T_6671639_0005	Boundary	True	True			
LA_T_6671639_0005	Interior_A	True	False	-160.00000000000014	-159.99999999999957	incomplete_strict_phone_support_for_nine_point_cpps_trajectory
LA_T_6671639_0005	Interior_B	True	False	0.0	-2.9976021664879227e-12	incomplete_strict_phone_support_for_nine_point_cpps_trajectory
LA_T_6671639_0008	Boundary	True	False			official_v6_boundary_cpps_invalid_or_incomplete_support
LA_T_6671639_0008	Interior_A	True	True	320.0000000000003	320.00000000000085	
LA_T_6671639_0008	Interior_B	True	False	-80.00000000000185	-80.0000000000013	incomplete_strict_phone_support_for_nine_point_cpps_trajectory
LA_T_6671639_0009	Boundary	True	False			official_v6_boundary_cpps_invalid_or_incomplete_support
LA_T_6671639_0009	Interior_A	True	False	-80.00000000000185	-80.0000000000013	incomplete_strict_phone_support_for_nine_point_cpps_trajectory
LA_T_6671639_0009	Interior_B	True	True	160.00000000000014	160.0000000000007	
LA_T_6671639_0010	Boundary	True	False			official_v6_boundary_cpps_invalid_or_incomplete_support
LA_T_6671639_0010	Interior_A	True	True	160.00000000000014	160.0000000000007	
LA_T_6671639_0010	Interior_B	True	False	0.0	5.551115123125783e-13	incomplete_strict_phone_support_for_nine_point_cpps_trajectory
LA_T_6671639_0011	Boundary	True	False			official_v6_boundary_cpps_invalid_or_incomplete_support
LA_T_6671639_0011	Interior_A	True	False	0.0	5.551115123125783e-13	incomplete_strict_phone_support_for_nine_point_cpps_trajectory
LA_T_6671639_0011	Interior_B	True	True	79.9999999999983	79.99999999999885	
LA_T_6671639_0014	Boundary	True	True			
LA_T_6671639_0014	Interior_A	True	False	-79.9999999999983	-79.99999999999774	incomplete_strict_phone_support_for_nine_point_cpps_trajectory
LA_T_6671639_0014	Interior_B	True	False	-160.0000000000037	-160.00000000000313	incomplete_strict_phone_support_for_nine_point_cpps_trajectory
LA_T_6671639_0020	Boundary	True	False			official_v6_boundary_cpps_invalid_or_incomplete_support
LA_T_6671639_0020	Interior_A	True	True	399.9999999999986	399.99999999999915	
LA_T_6671639_0020	Interior_B	True	True	399.9999999999986	399.99999999999915	
LA_T_6671639_0023	Boundary	True	True			
LA_T_6671639_0023	Interior_A	True	False	-160.0000000000037	-159.99999999999602	incomplete_strict_phone_support_for_nine_point_cpps_trajectory
LA_T_6671639_0023	Interior_B	True	True	399.9999999999986	399.99999999999915	
LA_T_6671639_0024	Boundary	True	False			official_v6_boundary_cpps_invalid_or_incomplete_support
LA_T_6671639_0024	Interior_A	True	True	399.9999999999986	399.99999999999915	
LA_T_6671639_0024	Interior_B	True	False	0.0	5.551115123125783e-13	incomplete_strict_phone_support_for_nine_point_cpps_trajectory
LA_T_6671639_0026	Boundary	True	True			
LA_T_6671639_0026	Interior_A	True	True	79.9999999999983	79.99999999999885	
LA_T_6671639_0026	Interior_B	True	True	79.9999999999983	79.99999999999885	
LA_T_6671639_0029	Boundary	True	True			
LA_T_6671639_0029	Interior_A	True	True	319.9999999999932	320.00000000000796	
LA_T_6671639_0029	Interior_B	True	False	0.0	5.551115123125783e-13	incomplete_strict_phone_support_for_nine_point_cpps_trajectory
LA_T_6671639_0030	Boundary	True	True			
LA_T_6671639_0030	Interior_A	True	False	0.0	5.551115123125783e-13	incomplete_strict_phone_support_for_nine_point_cpps_trajectory
LA_T_6671639_0030	Interior_B	True	False	-160.0000000000108	-159.99999999999602	incomplete_strict_phone_support_for_nine_point_cpps_trajectory
LA_T_6671639_0037	Boundary	True	False			official_v6_boundary_cpps_invalid_or_incomplete_support
LA_T_6671639_0037	Interior_A	True	True	159.9999999999966	159.99999999999716	
LA_T_6671639_0037	Interior_B	True	False	-159.9999999999966	-159.99999999999602	incomplete_strict_phone_support_for_nine_point_cpps_trajectory
LA_T_6671639_0038	Boundary	True	False			official_v6_boundary_cpps_invalid_or_incomplete_support
LA_T_6671639_0038	Interior_A	True	False	-159.9999999999966	-159.99999999999602	incomplete_strict_phone_support_for_nine_point_cpps_trajectory
LA_T_6671639_0038	Interior_B	True	True	319.9999999999932	320.00000000000796	
LA_T_6671639_0044	Boundary	True	True			
LA_T_6671639_0044	Interior_A	True	True	79.9999999999983	79.99999999999885	
LA_T_6671639_0044	Interior_B	True	True	399.9999999999915	400.00000000000625	
LA_T_6671639_0045	Boundary	True	True			
LA_T_6671639_0045	Interior_A	True	True	399.9999999999915	400.00000000000625	
LA_T_6671639_0045	Interior_B	True	True	800.0000000000114	799.9999999999977	
LA_T_6671639_0047	Boundary	True	False			official_v6_boundary_cpps_invalid_or_incomplete_support
LA_T_6671639_0047	Interior_A	True	False	0.0	5.551115123125783e-13	incomplete_strict_phone_support_for_nine_point_cpps_trajectory
LA_T_6671639_0047	Interior_B	True	False	-160.0000000000108	-159.99999999999602	incomplete_strict_phone_support_for_nine_point_cpps_trajectory
LA_T_6671639_0048	Boundary	True	True			
LA_T_6671639_0048	Interior_A	True	False	-160.0000000000108	-159.99999999999602	incomplete_strict_phone_support_for_nine_point_cpps_trajectory
LA_T_6671639_0048	Interior_B	True	True	79.9999999999983	79.99999999999885	
LA_T_6671639_0049	Boundary	True	False			official_v6_boundary_cpps_invalid_or_incomplete_support
LA_T_6671639_0049	Interior_A	True	True	79.9999999999983	79.99999999999885	
LA_T_6671639_0049	Interior_B	True	False	-79.9999999999983	-79.99999999999774	incomplete_strict_phone_support_for_nine_point_cpps_trajectory
LA_T_6671639_0050	Boundary	True	False			official_v6_boundary_cpps_invalid_or_incomplete_support
LA_T_6671639_0050	Interior_A	True	False	-79.9999999999983	-79.99999999999774	incomplete_strict_phone_support_for_nine_point_cpps_trajectory
LA_T_6671639_0050	Interior_B	True	True	319.9999999999932	320.00000000000796	
LA_T_6671639_0051	Boundary	True	True			
LA_T_6671639_0051	Interior_A	True	True	319.9999999999932	320.00000000000796	
LA_T_6671639_0051	Interior_B	True	False	-79.9999999999983	-80.00000000001195	incomplete_strict_phone_support_for_nine_point_cpps_trajectory
LA_T_6671639_0052	Boundary	True	False			official_v6_boundary_cpps_invalid_or_incomplete_support
LA_T_6671639_0052	Interior_A	True	False	-79.9999999999983	-80.00000000001195	incomplete_strict_phone_support_for_nine_point_cpps_trajectory
LA_T_6671639_0052	Interior_B	True	False	-79.9999999999983	-79.99999999999774	incomplete_strict_phone_support_for_nine_point_cpps_trajectory
LA_T_6671639_0059	Boundary	True	False			official_v6_boundary_cpps_invalid_or_incomplete_support
LA_T_6671639_0059	Interior_A	True	True	240.0000000000091	239.99999999999545	
LA_T_6671639_0059	Interior_B	True	False	-160.0000000000108	-159.99999999999602	incomplete_strict_phone_support_for_nine_point_cpps_trajectory
LA_T_6671639_0060	Boundary	True	False			official_v6_boundary_cpps_invalid_or_incomplete_support
LA_T_6671639_0060	Interior_A	True	False	-160.0000000000108	-159.99999999999602	incomplete_strict_phone_support_for_nine_point_cpps_trajectory
LA_T_6671639_0060	Interior_B	True	False	-159.9999999999966	-160.00000000001023	incomplete_strict_phone_support_for_nine_point_cpps_trajectory
LA_T_6671639_0061	Boundary	True	False			official_v6_boundary_cpps_invalid_or_incomplete_support
LA_T_6671639_0061	Interior_A	True	False	-159.9999999999966	-160.00000000001023	incomplete_strict_phone_support_for_nine_point_cpps_trajectory
LA_T_6671639_0061	Interior_B	True	False	0.0	5.551115123125783e-13	incomplete_strict_phone_support_for_nine_point_cpps_trajectory
LA_T_6671639_0062	Boundary	True	False			official_v6_boundary_cpps_invalid_or_incomplete_support
LA_T_6671639_0062	Interior_A	True	False	0.0	5.551115123125783e-13	incomplete_strict_phone_support_for_nine_point_cpps_trajectory
LA_T_6671639_0062	Interior_B	True	False	-79.9999999999983	-79.99999999999774	incomplete_strict_phone_support_for_nine_point_cpps_trajectory
LA_T_6671639_0063	Boundary	True	False			official_v6_boundary_cpps_invalid_or_incomplete_support
LA_T_6671639_0063	Interior_A	True	False	-79.9999999999983	-79.99999999999774	incomplete_strict_phone_support_for_nine_point_cpps_trajectory
LA_T_6671639_0063	Interior_B	True	True	400.0000000000057	399.99999999999204	
LA_T_6671639_0070	Boundary	True	True			
LA_T_6671639_0070	Interior_A	True	False	-79.9999999999983	-79.99999999999774	incomplete_strict_phone_support_for_nine_point_cpps_trajectory
LA_T_6671639_0070	Interior_B	True	False	0.0	-1.3655743202889425e-11	incomplete_strict_phone_support_for_nine_point_cpps_trajectory
LA_T_6671639_0071	Boundary	True	False			official_v6_boundary_cpps_invalid_or_incomplete_support
LA_T_6671639_0071	Interior_A	True	False	0.0	-1.3655743202889425e-11	incomplete_strict_phone_support_for_nine_point_cpps_trajectory
LA_T_6671639_0071	Interior_B	True	True	400.0000000000057	400.00000000000625	
LA_T_6671639_0074	Boundary	True	False			official_v6_boundary_cpps_invalid_or_incomplete_support
LA_T_6671639_0074	Interior_A	True	False	0.0	-1.3655743202889425e-11	incomplete_strict_phone_support_for_nine_point_cpps_trajectory
LA_T_6671639_0074	Interior_B	True	False	-79.9999999999983	-79.99999999999774	incomplete_strict_phone_support_for_nine_point_cpps_trajectory
LA_T_6671639_0075	Boundary	True	False			official_v6_boundary_cpps_invalid_or_incomplete_support
LA_T_6671639_0075	Interior_A	True	False	-79.9999999999983	-79.99999999999774	incomplete_strict_phone_support_for_nine_point_cpps_trajectory
LA_T_6671639_0075	Interior_B	True	True	79.9999999999983	79.99999999999885	
LA_T_6671639_0076	Boundary	True	False			official_v6_boundary_cpps_invalid_or_incomplete_support
LA_T_6671639_0076	Interior_A	True	True	79.9999999999983	79.99999999999885	
LA_T_6671639_0076	Interior_B	True	True	160.0000000000108	159.99999999999716	
LA_T_6671639_0079	Boundary	True	True			
LA_T_6671639_0079	Interior_A	True	True	480.000000000004	479.99999999999034	
LA_T_6671639_0079	Interior_B	True	False	-159.9999999999966	-160.00000000001023	incomplete_strict_phone_support_for_nine_point_cpps_trajectory
LA_T_6671639_0080	Boundary	True	True			
LA_T_6671639_0080	Interior_A	True	False	-159.9999999999966	-160.00000000001023	incomplete_strict_phone_support_for_nine_point_cpps_trajectory
LA_T_6671639_0080	Interior_B	True	True	80.0000000000125	79.99999999999885	
LA_T_6671639_0081	Boundary	True	False			official_v6_boundary_cpps_invalid_or_incomplete_support
LA_T_6671639_0081	Interior_A	True	True	80.0000000000125	79.99999999999885	
LA_T_6671639_0081	Interior_B	True	False	-79.99999999998408	-79.99999999999774	incomplete_strict_phone_support_for_nine_point_cpps_trajectory
LA_T_6671639_0093	Boundary	True	True			
LA_T_6671639_0093	Interior_A	True	False	-159.99999999996817	-160.00000000001023	incomplete_strict_phone_support_for_nine_point_cpps_trajectory
LA_T_6671639_0093	Interior_B	True	True	80.0000000000125	79.99999999999885	
LA_T_6671639_0097	Boundary	True	True			
LA_T_6671639_0097	Interior_A	True	True	560.0000000000023	560.000000000017	
LA_T_6671639_0097	Interior_B	True	False	-79.99999999998408	-79.99999999999774	incomplete_strict_phone_support_for_nine_point_cpps_trajectory
LA_T_6671639_0098	Boundary	True	False			official_v6_boundary_cpps_invalid_or_incomplete_support
LA_T_6671639_0098	Interior_A	True	False	-79.99999999998408	-79.99999999999774	incomplete_strict_phone_support_for_nine_point_cpps_trajectory
LA_T_6671639_0098	Interior_B	True	True	159.9999999999966	160.00000000001137	
LA_T_6671639_0099	Boundary	True	False			official_v6_boundary_cpps_invalid_or_incomplete_support
LA_T_6671639_0099	Interior_A	True	True	159.9999999999966	160.00000000001137	
LA_T_6671639_0099	Interior_B	True	True	960.000000000008	959.9999999999943	
LA_T_6672734_0000	Boundary	True	False			official_v6_boundary_cpps_invalid_or_incomplete_support
LA_T_6672734_0000	Interior_A	True	True	960.0000000000009	960.0000000000006	
LA_T_6672734_0000	Interior_B	True	True	160.00000000000014	159.99999999999892	
LA_T_6672734_0001	Boundary	True	True			
LA_T_6672734_0001	Interior_A	True	True	160.00000000000014	159.99999999999892	
LA_T_6672734_0001	Interior_B	True	True	80.00000000000007	79.99999999999885	
LA_T_6672734_0002	Boundary	True	True			
LA_T_6672734_0002	Interior_A	True	True	80.00000000000007	79.99999999999885	
LA_T_6672734_0002	Interior_B	True	True	640.0000000000006	639.9999999999993	
LA_T_6672734_0003	Boundary	True	True			
LA_T_6672734_0003	Interior_A	True	True	640.0000000000006	639.9999999999993	
LA_T_6672734_0003	Interior_B	True	False	-80.00000000000007	-80.0000000000013	incomplete_strict_phone_support_for_nine_point_cpps_trajectory
LA_T_6672734_0004	Boundary	True	False			official_v6_boundary_cpps_invalid_or_incomplete_support
LA_T_6672734_0004	Interior_A	True	False	-80.00000000000007	-80.0000000000013	incomplete_strict_phone_support_for_nine_point_cpps_trajectory
LA_T_6672734_0004	Interior_B	True	False	-160.00000000000014	-159.99999999999957	incomplete_strict_phone_support_for_nine_point_cpps_trajectory
LA_T_6672734_0005	Boundary	True	False			official_v6_boundary_cpps_invalid_or_incomplete_support
LA_T_6672734_0005	Interior_A	True	False	-160.00000000000014	-159.99999999999957	incomplete_strict_phone_support_for_nine_point_cpps_trajectory
LA_T_6672734_0005	Interior_B	True	False	-160.00000000000014	-159.99999999999957	incomplete_strict_phone_support_for_nine_point_cpps_trajectory
LA_T_6672734_0006	Boundary	True	True			
LA_T_6672734_0006	Interior_A	True	False	-160.00000000000014	-159.99999999999957	incomplete_strict_phone_support_for_nine_point_cpps_trajectory
LA_T_6672734_0006	Interior_B	True	True	79.9999999999983	79.99999999999885	
LA_T_6672734_0007	Boundary	True	False			official_v6_boundary_cpps_invalid_or_incomplete_support
LA_T_6672734_0007	Interior_A	True	True	79.9999999999983	79.99999999999885	
LA_T_6672734_0007	Interior_B	True	True	80.00000000000185	79.99999999999885	
LA_T_6672734_0008	Boundary	True	False			official_v6_boundary_cpps_invalid_or_incomplete_support
LA_T_6672734_0008	Interior_A	True	True	80.00000000000185	79.99999999999885	
LA_T_6672734_0008	Interior_B	True	False	-160.00000000000014	-159.99999999999957	incomplete_strict_phone_support_for_nine_point_cpps_trajectory
LA_T_6672734_0010	Boundary	True	False			official_v6_boundary_cpps_invalid_or_incomplete_support
LA_T_6672734_0010	Interior_A	True	False	-160.00000000000014	-160.00000000000313	incomplete_strict_phone_support_for_nine_point_cpps_trajectory
LA_T_6672734_0010	Interior_B	True	True	480.00000000000045	480.00000000000097	
LA_T_6672734_0011	Boundary	True	False			official_v6_boundary_cpps_invalid_or_incomplete_support
LA_T_6672734_0011	Interior_A	True	True	480.00000000000045	480.00000000000097	
LA_T_6672734_0011	Interior_B	True	True	879.999999999999	879.9999999999995	
LA_T_6672734_0016	Boundary	True	True			
LA_T_6672734_0016	Interior_A	True	False	-160.00000000000014	-159.99999999999957	incomplete_strict_phone_support_for_nine_point_cpps_trajectory
LA_T_6672734_0016	Interior_B	True	True	479.9999999999969	480.00000000000455	
LA_T_6672734_0017	Boundary	True	False			official_v6_boundary_cpps_invalid_or_incomplete_support
LA_T_6672734_0017	Interior_A	True	True	479.9999999999969	480.00000000000455	
LA_T_6672734_0017	Interior_B	True	True	159.9999999999966	160.00000000000426	
LA_T_6672734_0018	Boundary	True	False			official_v6_boundary_cpps_invalid_or_incomplete_support
LA_T_6672734_0018	Interior_A	True	True	159.9999999999966	160.00000000000426	
LA_T_6672734_0018	Interior_B	True	True	79.9999999999983	79.99999999999885	
LA_T_6672734_0021	Boundary	True	True			
LA_T_6672734_0021	Interior_A	True	True	640.0000000000006	640.0000000000011	
LA_T_6672734_0021	Interior_B	True	True	159.9999999999966	160.00000000000426	
LA_T_6672734_0022	Boundary	True	True			
LA_T_6672734_0022	Interior_A	True	True	159.9999999999966	160.00000000000426	
LA_T_6672734_0022	Interior_B	True	True	320.0000000000003	320.00000000000085	
LA_T_6672734_0024	Boundary	True	True			
LA_T_6672734_0024	Interior_A	True	False	-159.9999999999966	-160.00000000000313	incomplete_strict_phone_support_for_nine_point_cpps_trajectory
LA_T_6672734_0024	Interior_B	True	False	0.0	5.551115123125783e-13	incomplete_strict_phone_support_for_nine_point_cpps_trajectory
LA_T_6672734_0025	Boundary	True	True			
LA_T_6672734_0025	Interior_A	True	False	0.0	5.551115123125783e-13	incomplete_strict_phone_support_for_nine_point_cpps_trajectory
LA_T_6672734_0025	Interior_B	True	True	79.9999999999983	79.99999999999885	
LA_T_6672734_0026	Boundary	True	True			
LA_T_6672734_0026	Interior_A	True	True	79.9999999999983	79.99999999999885	
LA_T_6672734_0026	Interior_B	True	False	0.0	5.551115123125783e-13	incomplete_strict_phone_support_for_nine_point_cpps_trajectory
LA_T_6672734_0027	Boundary	True	True			
LA_T_6672734_0027	Interior_A	True	False	0.0	5.551115123125783e-13	incomplete_strict_phone_support_for_nine_point_cpps_trajectory
LA_T_6672734_0027	Interior_B	True	True	1120.0000000000045	1119.999999999998	
LA_T_6672734_0028	Boundary	True	True			
LA_T_6672734_0028	Interior_A	True	True	1120.0000000000045	1119.999999999998	
LA_T_6672734_0028	Interior_B	True	False	-79.9999999999983	-80.00000000000485	incomplete_strict_phone_support_for_nine_point_cpps_trajectory
LA_T_6672734_0031	Boundary	True	False			official_v6_boundary_cpps_invalid_or_incomplete_support
LA_T_6672734_0031	Interior_A	True	True	399.9999999999986	399.99999999999915	
LA_T_6672734_0031	Interior_B	True	True	559.9999999999952	560.0000000000028	
LA_T_6672734_0032	Boundary	True	True			
LA_T_6672734_0032	Interior_A	True	True	559.9999999999952	560.0000000000028	
LA_T_6672734_0032	Interior_B	True	False	-79.9999999999983	-80.00000000000485	incomplete_strict_phone_support_for_nine_point_cpps_trajectory
LA_T_6672734_0033	Boundary	True	True			
LA_T_6672734_0033	Interior_A	True	False	-79.9999999999983	-80.00000000000485	incomplete_strict_phone_support_for_nine_point_cpps_trajectory
LA_T_6672734_0033	Interior_B	True	False	-79.9999999999983	-79.99999999999774	incomplete_strict_phone_support_for_nine_point_cpps_trajectory
LA_T_6672734_0034	Boundary	True	True			
LA_T_6672734_0034	Interior_A	True	False	-79.9999999999983	-79.99999999999774	incomplete_strict_phone_support_for_nine_point_cpps_trajectory
LA_T_6672734_0034	Interior_B	True	True	719.9999999999989	719.9999999999923	
LA_T_6672734_0035	Boundary	True	True			
LA_T_6672734_0035	Interior_A	True	True	719.9999999999989	719.9999999999923	
LA_T_6672734_0035	Interior_B	True	False	-79.9999999999983	-79.99999999999774	incomplete_strict_phone_support_for_nine_point_cpps_trajectory
LA_T_6672734_0036	Boundary	True	False			official_v6_boundary_cpps_invalid_or_incomplete_support
LA_T_6672734_0036	Interior_A	True	False	-79.9999999999983	-79.99999999999774	incomplete_strict_phone_support_for_nine_point_cpps_trajectory
LA_T_6672734_0036	Interior_B	True	True	239.99999999999488	240.00000000000966	
LA_T_6672734_0039	Boundary	True	True			
LA_T_6672734_0039	Interior_A	True	False	0.0	5.551115123125783e-13	incomplete_strict_phone_support_for_nine_point_cpps_trajectory
LA_T_6672734_0039	Interior_B	True	False	-160.0000000000108	-159.99999999999602	incomplete_strict_phone_support_for_nine_point_cpps_trajectory
LA_T_6672734_0040	Boundary	True	True			
LA_T_6672734_0040	Interior_A	True	False	-160.0000000000108	-159.99999999999602	incomplete_strict_phone_support_for_nine_point_cpps_trajectory
LA_T_6672734_0040	Interior_B	True	False	-159.9999999999966	-159.99999999999602	incomplete_strict_phone_support_for_nine_point_cpps_trajectory
LA_T_6672734_0041	Boundary	True	True			
LA_T_6672734_0041	Interior_A	True	False	-159.9999999999966	-159.99999999999602	incomplete_strict_phone_support_for_nine_point_cpps_trajectory
LA_T_6672734_0041	Interior_B	True	False	-80.0000000000125	-79.99999999999774	incomplete_strict_phone_support_for_nine_point_cpps_trajectory
LA_T_6672734_0042	Boundary	True	True			
LA_T_6672734_0042	Interior_A	True	False	-80.0000000000125	-79.99999999999774	incomplete_strict_phone_support_for_nine_point_cpps_trajectory
LA_T_6672734_0042	Interior_B	True	True	560.0000000000023	560.0000000000028	
LA_T_6672734_0043	Boundary	True	True			
LA_T_6672734_0043	Interior_A	True	True	560.0000000000023	560.0000000000028	
LA_T_6672734_0043	Interior_B	True	False	0.0	5.551115123125783e-13	incomplete_strict_phone_support_for_nine_point_cpps_trajectory
LA_T_6672734_0044	Boundary	True	False			official_v6_boundary_cpps_invalid_or_incomplete_support
LA_T_6672734_0044	Interior_A	True	False	0.0	5.551115123125783e-13	incomplete_strict_phone_support_for_nine_point_cpps_trajectory
LA_T_6672734_0044	Interior_B	True	False	-160.0000000000108	-159.99999999999602	incomplete_strict_phone_support_for_nine_point_cpps_trajectory
LA_T_6673679_0002	Boundary	True	False			official_v6_boundary_cpps_invalid_or_incomplete_support
LA_T_6673679_0002	Interior_A	True	True	239.99999999999844	240.00000000000256	
LA_T_6673679_0002	Interior_B	True	False	-80.00000000000185	-80.0000000000013	incomplete_strict_phone_support_for_nine_point_cpps_trajectory
LA_T_6673679_0003	Boundary	True	True			
LA_T_6673679_0003	Interior_A	True	False	-80.00000000000185	-80.0000000000013	incomplete_strict_phone_support_for_nine_point_cpps_trajectory
LA_T_6673679_0003	Interior_B	True	False	0.0	5.551115123125783e-13	incomplete_strict_phone_support_for_nine_point_cpps_trajectory
LA_T_6673679_0004	Boundary	True	False			official_v6_boundary_cpps_invalid_or_incomplete_support
LA_T_6673679_0004	Interior_A	True	False	0.0	5.551115123125783e-13	incomplete_strict_phone_support_for_nine_point_cpps_trajectory
LA_T_6673679_0004	Interior_B	True	False	-160.00000000000014	-159.99999999999957	incomplete_strict_phone_support_for_nine_point_cpps_trajectory
LA_T_6673679_0005	Boundary	True	False			official_v6_boundary_cpps_invalid_or_incomplete_support
LA_T_6673679_0005	Interior_A	True	False	-160.00000000000014	-159.99999999999957	incomplete_strict_phone_support_for_nine_point_cpps_trajectory
LA_T_6673679_0005	Interior_B	True	False	-160.00000000000014	-159.99999999999957	incomplete_strict_phone_support_for_nine_point_cpps_trajectory
LA_T_6673679_0006	Boundary	True	True			
LA_T_6673679_0006	Interior_A	True	False	-160.00000000000014	-159.99999999999957	incomplete_strict_phone_support_for_nine_point_cpps_trajectory
LA_T_6673679_0006	Interior_B	True	False	-160.0000000000037	-159.99999999999957	incomplete_strict_phone_support_for_nine_point_cpps_trajectory
LA_T_6673679_0009	Boundary	True	False			official_v6_boundary_cpps_invalid_or_incomplete_support
LA_T_6673679_0009	Interior_A	True	True	79.9999999999983	80.0000000000024	
LA_T_6673679_0009	Interior_B	True	False	-160.00000000000014	-159.99999999999957	incomplete_strict_phone_support_for_nine_point_cpps_trajectory
LA_T_6673679_0014	Boundary	True	True			
LA_T_6673679_0014	Interior_A	True	True	559.9999999999987	559.9999999999993	
LA_T_6673679_0014	Interior_B	True	True	240.000000000002	239.999999999999	
LA_T_6679107_0001	Boundary	True	True			
LA_T_6679107_0001	Interior_A	True	True	79.9999999999983	79.99999999999885	
LA_T_6679107_0001	Interior_B	True	True	79.9999999999983	80.0000000000024	
LA_T_6679107_0004	Boundary	True	True			
LA_T_6679107_0004	Interior_A	True	False	-160.00000000000014	-159.99999999999957	incomplete_strict_phone_support_for_nine_point_cpps_trajectory
LA_T_6679107_0004	Interior_B	True	True	79.9999999999983	79.99999999999885	
LA_T_6679107_0005	Boundary	True	False			official_v6_boundary_cpps_invalid_or_incomplete_support
LA_T_6679107_0005	Interior_A	True	True	79.9999999999983	79.99999999999885	
LA_T_6679107_0005	Interior_B	True	False	0.0	5.551115123125783e-13	incomplete_strict_phone_support_for_nine_point_cpps_trajectory
LA_T_6679107_0008	Boundary	True	False			official_v6_boundary_cpps_invalid_or_incomplete_support
LA_T_6679107_0008	Interior_A	True	True	160.0000000000037	159.99999999999716	
LA_T_6679107_0008	Interior_B	True	False	0.0	5.551115123125783e-13	incomplete_strict_phone_support_for_nine_point_cpps_trajectory
LA_T_6679107_0011	Boundary	True	False			official_v6_boundary_cpps_invalid_or_incomplete_support
LA_T_6679107_0011	Interior_A	True	True	240.000000000002	240.00000000000256	
LA_T_6679107_0011	Interior_B	True	True	399.9999999999986	399.99999999999915	
LA_T_6679107_0012	Boundary	True	True			
LA_T_6679107_0012	Interior_A	True	True	399.9999999999986	399.99999999999915	
LA_T_6679107_0012	Interior_B	True	False	-160.0000000000037	-159.99999999999602	incomplete_strict_phone_support_for_nine_point_cpps_trajectory
LA_T_6679107_0013	Boundary	True	True			
LA_T_6679107_0013	Interior_A	True	False	-160.0000000000037	-159.99999999999602	incomplete_strict_phone_support_for_nine_point_cpps_trajectory
LA_T_6679107_0013	Interior_B	True	True	79.9999999999983	79.99999999999885	
LA_T_6679107_0014	Boundary	True	True			
LA_T_6679107_0014	Interior_A	True	True	79.9999999999983	79.99999999999885	
LA_T_6679107_0014	Interior_B	True	False	0.0	5.551115123125783e-13	incomplete_strict_phone_support_for_nine_point_cpps_trajectory
LA_T_6679107_0015	Boundary	True	True			
LA_T_6679107_0015	Interior_A	True	False	0.0	5.551115123125783e-13	incomplete_strict_phone_support_for_nine_point_cpps_trajectory
LA_T_6679107_0015	Interior_B	True	False	-160.0000000000037	-159.99999999999602	incomplete_strict_phone_support_for_nine_point_cpps_trajectory
LA_T_6679107_0019	Boundary	True	True			
LA_T_6679107_0019	Interior_A	True	False	-159.9999999999966	-160.00000000000313	incomplete_strict_phone_support_for_nine_point_cpps_trajectory
LA_T_6679107_0019	Interior_B	True	False	-80.0000000000054	-79.99999999999774	incomplete_strict_phone_support_for_nine_point_cpps_trajectory
LA_T_6679107_0020	Boundary	True	False			official_v6_boundary_cpps_invalid_or_incomplete_support
LA_T_6679107_0020	Interior_A	True	False	-80.0000000000054	-79.99999999999774	incomplete_strict_phone_support_for_nine_point_cpps_trajectory
LA_T_6679107_0020	Interior_B	True	True	159.9999999999966	160.00000000000426	
LA_T_6679107_0021	Boundary	True	False			official_v6_boundary_cpps_invalid_or_incomplete_support
LA_T_6679107_0021	Interior_A	True	True	159.9999999999966	160.00000000000426	
LA_T_6679107_0021	Interior_B	True	True	399.9999999999986	399.99999999999915	
LA_T_6679107_0022	Boundary	True	True			
LA_T_6679107_0022	Interior_A	True	True	399.9999999999986	399.99999999999915	
LA_T_6679107_0022	Interior_B	True	True	399.9999999999986	399.99999999999915	
LA_T_6679717_0000	Boundary	True	True			
LA_T_6679717_0000	Interior_A	True	True	79.9999999999983	80.0000000000024	
LA_T_6679717_0000	Interior_B	True	False	-160.0000000000037	-159.99999999999957	incomplete_strict_phone_support_for_nine_point_cpps_trajectory
LA_T_6679717_0003	Boundary	True	True			
LA_T_6679717_0003	Interior_A	True	False	-79.9999999999983	-80.0000000000013	incomplete_strict_phone_support_for_nine_point_cpps_trajectory
LA_T_6679717_0003	Interior_B	True	True	80.00000000000185	79.99999999999885	
LA_T_6679717_0005	Boundary	True	True			
LA_T_6679717_0005	Interior_A	True	False	-160.0000000000037	-159.99999999999957	incomplete_strict_phone_support_for_nine_point_cpps_trajectory
LA_T_6679717_0005	Interior_B	True	True	80.00000000000185	79.99999999999885	
LA_T_6679717_0006	Boundary	True	True			
LA_T_6679717_0006	Interior_A	True	True	80.00000000000185	79.99999999999885	
LA_T_6679717_0006	Interior_B	True	False	0.0	5.551115123125783e-13	incomplete_strict_phone_support_for_nine_point_cpps_trajectory
LA_T_6679717_0007	Boundary	True	True			
LA_T_6679717_0007	Interior_A	True	False	0.0	5.551115123125783e-13	incomplete_strict_phone_support_for_nine_point_cpps_trajectory
LA_T_6679717_0007	Interior_B	True	False	-80.00000000000185	-80.0000000000013	incomplete_strict_phone_support_for_nine_point_cpps_trajectory
LA_T_6679717_0011	Boundary	True	True			
LA_T_6679717_0011	Interior_A	True	False	-160.00000000000014	-159.99999999999957	incomplete_strict_phone_support_for_nine_point_cpps_trajectory
LA_T_6679717_0011	Interior_B	True	False	-80.00000000000185	-80.0000000000013	incomplete_strict_phone_support_for_nine_point_cpps_trajectory
LA_T_6679717_0012	Boundary	True	False			official_v6_boundary_cpps_invalid_or_incomplete_support
LA_T_6679717_0012	Interior_A	True	False	-80.00000000000185	-80.0000000000013	incomplete_strict_phone_support_for_nine_point_cpps_trajectory
LA_T_6679717_0012	Interior_B	True	False	0.0	5.551115123125783e-13	incomplete_strict_phone_support_for_nine_point_cpps_trajectory
LA_T_6679717_0015	Boundary	True	True			
LA_T_6679717_0015	Interior_A	True	False	0.0	5.551115123125783e-13	incomplete_strict_phone_support_for_nine_point_cpps_trajectory
LA_T_6679717_0015	Interior_B	True	False	0.0	5.551115123125783e-13	incomplete_strict_phone_support_for_nine_point_cpps_trajectory
LA_T_6679717_0016	Boundary	True	True			
LA_T_6679717_0016	Interior_A	True	False	0.0	5.551115123125783e-13	incomplete_strict_phone_support_for_nine_point_cpps_trajectory
LA_T_6679717_0016	Interior_B	True	False	0.0	-6.5503158452884236e-12	incomplete_strict_phone_support_for_nine_point_cpps_trajectory
LA_T_6679717_0021	Boundary	True	True			
LA_T_6679717_0021	Interior_A	True	True	399.9999999999986	399.99999999999915	
LA_T_6679717_0021	Interior_B	True	True	399.9999999999986	399.99999999999915	
LA_T_6681548_0002	Boundary	True	False			official_v6_boundary_cpps_invalid_or_incomplete_support
LA_T_6681548_0002	Interior_A	True	False	-80.00000000000007	-79.99999999999952	incomplete_strict_phone_support_for_nine_point_cpps_trajectory
LA_T_6681548_0002	Interior_B	True	False	0.0	-1.2212453270876722e-12	incomplete_strict_phone_support_for_nine_point_cpps_trajectory
LA_T_6681548_0003	Boundary	True	True			
LA_T_6681548_0003	Interior_A	True	False	0.0	-1.2212453270876722e-12	incomplete_strict_phone_support_for_nine_point_cpps_trajectory
LA_T_6681548_0003	Interior_B	True	True	80.00000000000007	79.99999999999885	
LA_T_6681548_0006	Boundary	True	False			official_v6_boundary_cpps_invalid_or_incomplete_support
LA_T_6681548_0006	Interior_A	True	False	-80.00000000000185	-79.99999999999952	incomplete_strict_phone_support_for_nine_point_cpps_trajectory
LA_T_6681548_0006	Interior_B	True	False	0.0	5.551115123125783e-13	incomplete_strict_phone_support_for_nine_point_cpps_trajectory
LA_T_6681548_0010	Boundary	True	True			
LA_T_6681548_0010	Interior_A	True	False	-160.00000000000014	-159.99999999999957	incomplete_strict_phone_support_for_nine_point_cpps_trajectory
LA_T_6681548_0010	Interior_B	True	False	-79.9999999999983	-80.0000000000013	incomplete_strict_phone_support_for_nine_point_cpps_trajectory
LA_T_6681548_0011	Boundary	True	True			
LA_T_6681548_0011	Interior_A	True	False	-79.9999999999983	-80.0000000000013	incomplete_strict_phone_support_for_nine_point_cpps_trajectory
LA_T_6681548_0011	Interior_B	True	False	-160.0000000000037	-159.99999999999957	incomplete_strict_phone_support_for_nine_point_cpps_trajectory
LA_T_6681548_0015	Boundary	True	False			official_v6_boundary_cpps_invalid_or_incomplete_support
LA_T_6681548_0015	Interior_A	True	True	160.00000000000014	160.0000000000007	
LA_T_6681548_0015	Interior_B	True	True	159.9999999999966	160.0000000000007	
LA_T_6681548_0016	Boundary	True	True			
LA_T_6681548_0016	Interior_A	True	True	159.9999999999966	160.0000000000007	
LA_T_6681548_0016	Interior_B	True	False	-160.00000000000014	-159.99999999999957	incomplete_strict_phone_support_for_nine_point_cpps_trajectory
LA_T_6681548_0017	Boundary	True	True			
LA_T_6681548_0017	Interior_A	True	False	-160.00000000000014	-159.99999999999957	incomplete_strict_phone_support_for_nine_point_cpps_trajectory
LA_T_6681548_0017	Interior_B	True	True	239.99999999999844	239.999999999999	
LA_T_6681548_0018	Boundary	True	False			official_v6_boundary_cpps_invalid_or_incomplete_support
LA_T_6681548_0018	Interior_A	True	True	239.99999999999844	239.999999999999	
LA_T_6681548_0018	Interior_B	True	False	-80.00000000000185	-79.99999999999774	incomplete_strict_phone_support_for_nine_point_cpps_trajectory
LA_T_6681548_0021	Boundary	True	False			official_v6_boundary_cpps_invalid_or_incomplete_support
LA_T_6681548_0021	Interior_A	True	True	79.9999999999983	80.0000000000024	
LA_T_6681548_0021	Interior_B	True	False	-3.552713678800501e-12	5.551115123125783e-13	incomplete_strict_phone_support_for_nine_point_cpps_trajectory
LA_T_6681548_0022	Boundary	True	True			
LA_T_6681548_0022	Interior_A	True	False	-3.552713678800501e-12	5.551115123125783e-13	incomplete_strict_phone_support_for_nine_point_cpps_trajectory
LA_T_6681548_0022	Interior_B	True	True	160.00000000000014	160.0000000000007	
LA_T_6681548_0023	Boundary	True	True			
LA_T_6681548_0023	Interior_A	True	True	160.00000000000014	160.0000000000007	
LA_T_6681548_0023	Interior_B	True	True	640.0000000000006	640.0000000000011	
LA_T_6682645_0000	Boundary	True	True			
LA_T_6682645_0000	Interior_A	True	False	-79.99999999999984	-80.00000000000018	incomplete_strict_phone_support_for_nine_point_cpps_trajectory
LA_T_6682645_0000	Interior_B	True	False	-160.00000000000014	-160.00000000000003	incomplete_strict_phone_support_for_nine_point_cpps_trajectory
LA_T_6682645_0001	Boundary	True	True			
LA_T_6682645_0001	Interior_A	True	False	-160.00000000000014	-160.00000000000003	incomplete_strict_phone_support_for_nine_point_cpps_trajectory
LA_T_6682645_0001	Interior_B	True	False	-160.00000000000014	-159.99999999999957	incomplete_strict_phone_support_for_nine_point_cpps_trajectory
LA_T_6682645_0002	Boundary	True	True			
LA_T_6682645_0002	Interior_A	True	False	-160.00000000000014	-159.99999999999957	incomplete_strict_phone_support_for_nine_point_cpps_trajectory
LA_T_6682645_0002	Interior_B	True	False	-160.00000000000014	-159.99999999999957	incomplete_strict_phone_support_for_nine_point_cpps_trajectory
LA_T_6682645_0006	Boundary	True	True			
LA_T_6682645_0006	Interior_A	True	True	80.00000000000007	80.00000000000063	
LA_T_6682645_0006	Interior_B	True	False	-80.00000000000185	-79.99999999999952	incomplete_strict_phone_support_for_nine_point_cpps_trajectory
LA_T_6682645_0007	Boundary	True	True			
LA_T_6682645_0007	Interior_A	True	False	-80.00000000000185	-79.99999999999952	incomplete_strict_phone_support_for_nine_point_cpps_trajectory
LA_T_6682645_0007	Interior_B	True	False	-80.00000000000007	-79.99999999999952	incomplete_strict_phone_support_for_nine_point_cpps_trajectory
LA_T_6682645_0009	Boundary	True	True			
LA_T_6682645_0009	Interior_A	True	False	-160.00000000000193	-159.99999999999957	incomplete_strict_phone_support_for_nine_point_cpps_trajectory
LA_T_6682645_0009	Interior_B	True	True	160.00000000000014	159.99999999999892	
LA_T_6682645_0010	Boundary	True	False			official_v6_boundary_cpps_invalid_or_incomplete_support
LA_T_6682645_0010	Interior_A	True	True	160.00000000000014	159.99999999999892	
LA_T_6682645_0010	Interior_B	True	True	240.00000000000023	239.999999999999	
LA_T_6682645_0011	Boundary	True	False			official_v6_boundary_cpps_invalid_or_incomplete_support
LA_T_6682645_0011	Interior_A	True	True	240.00000000000023	239.999999999999	
LA_T_6682645_0011	Interior_B	True	False	-160.00000000000014	-159.99999999999957	incomplete_strict_phone_support_for_nine_point_cpps_trajectory
LA_T_6682645_0012	Boundary	True	False			official_v6_boundary_cpps_invalid_or_incomplete_support
LA_T_6682645_0012	Interior_A	True	False	-160.00000000000014	-159.99999999999957	incomplete_strict_phone_support_for_nine_point_cpps_trajectory
LA_T_6682645_0012	Interior_B	True	True	160.00000000000014	160.0000000000007	
LA_T_6682645_0013	Boundary	True	False			official_v6_boundary_cpps_invalid_or_incomplete_support
LA_T_6682645_0013	Interior_A	True	True	160.00000000000014	160.0000000000007	
LA_T_6682645_0013	Interior_B	True	False	-160.0000000000037	-159.99999999999957	incomplete_strict_phone_support_for_nine_point_cpps_trajectory
LA_T_6682645_0021	Boundary	True	True			
LA_T_6682645_0021	Interior_A	True	False	-160.0000000000037	-159.99999999999957	incomplete_strict_phone_support_for_nine_point_cpps_trajectory
LA_T_6682645_0021	Interior_B	True	False	-79.9999999999983	-80.0000000000013	incomplete_strict_phone_support_for_nine_point_cpps_trajectory
LA_T_6682645_0022	Boundary	True	True			
LA_T_6682645_0022	Interior_A	True	False	-79.9999999999983	-80.0000000000013	incomplete_strict_phone_support_for_nine_point_cpps_trajectory
LA_T_6682645_0022	Interior_B	True	False	-80.00000000000185	-79.99999999999774	incomplete_strict_phone_support_for_nine_point_cpps_trajectory
LA_T_6682645_0023	Boundary	True	True			
LA_T_6682645_0023	Interior_A	True	False	-80.00000000000185	-79.99999999999774	incomplete_strict_phone_support_for_nine_point_cpps_trajectory
LA_T_6682645_0023	Interior_B	True	False	-80.00000000000185	-80.0000000000013	incomplete_strict_phone_support_for_nine_point_cpps_trajectory
LA_T_6682645_0026	Boundary	True	False			official_v6_boundary_cpps_invalid_or_incomplete_support
LA_T_6682645_0026	Interior_A	True	True	160.00000000000014	160.0000000000007	
LA_T_6682645_0026	Interior_B	True	True	560.0000000000023	559.9999999999957	
LA_T_6682645_0028	Boundary	True	False			official_v6_boundary_cpps_invalid_or_incomplete_support
LA_T_6682645_0028	Interior_A	True	True	640.0000000000006	640.0000000000011	
LA_T_6682645_0028	Interior_B	True	False	-79.9999999999983	-80.00000000000485	incomplete_strict_phone_support_for_nine_point_cpps_trajectory
LA_T_6682645_0029	Boundary	True	False			official_v6_boundary_cpps_invalid_or_incomplete_support
LA_T_6682645_0029	Interior_A	True	False	-79.9999999999983	-80.00000000000485	incomplete_strict_phone_support_for_nine_point_cpps_trajectory
LA_T_6682645_0029	Interior_B	True	False	0.0	5.551115123125783e-13	incomplete_strict_phone_support_for_nine_point_cpps_trajectory
LA_T_6682645_0035	Boundary	True	False			official_v6_boundary_cpps_invalid_or_incomplete_support
LA_T_6682645_0035	Interior_A	True	False	-159.9999999999966	-160.00000000000313	incomplete_strict_phone_support_for_nine_point_cpps_trajectory
LA_T_6682645_0035	Interior_B	True	False	0.0	5.551115123125783e-13	incomplete_strict_phone_support_for_nine_point_cpps_trajectory
LA_T_6682645_0036	Boundary	True	False			official_v6_boundary_cpps_invalid_or_incomplete_support
LA_T_6682645_0036	Interior_A	True	False	0.0	5.551115123125783e-13	incomplete_strict_phone_support_for_nine_point_cpps_trajectory
LA_T_6682645_0036	Interior_B	True	False	0.0	5.551115123125783e-13	incomplete_strict_phone_support_for_nine_point_cpps_trajectory
LA_T_6682645_0039	Boundary	True	True			
LA_T_6682645_0039	Interior_A	True	False	0.0	5.551115123125783e-13	incomplete_strict_phone_support_for_nine_point_cpps_trajectory
LA_T_6682645_0039	Interior_B	True	False	0.0	5.551115123125783e-13	incomplete_strict_phone_support_for_nine_point_cpps_trajectory
LA_T_6682645_0040	Boundary	True	True			
LA_T_6682645_0040	Interior_A	True	False	0.0	5.551115123125783e-13	incomplete_strict_phone_support_for_nine_point_cpps_trajectory
LA_T_6682645_0040	Interior_B	True	False	-160.0000000000037	-159.99999999999602	incomplete_strict_phone_support_for_nine_point_cpps_trajectory
LA_T_6682645_0053	Boundary	True	False			official_v6_boundary_cpps_invalid_or_incomplete_support
LA_T_6682645_0053	Interior_A	True	False	0.0	5.551115123125783e-13	incomplete_strict_phone_support_for_nine_point_cpps_trajectory
LA_T_6682645_0053	Interior_B	True	True	320.0000000000074	319.99999999999375	
LA_T_6682645_0054	Boundary	True	False			official_v6_boundary_cpps_invalid_or_incomplete_support
LA_T_6682645_0054	Interior_A	True	True	320.0000000000074	319.99999999999375	
LA_T_6682645_0054	Interior_B	True	False	-159.9999999999966	-160.00000000001023	incomplete_strict_phone_support_for_nine_point_cpps_trajectory
LA_T_6682645_0058	Boundary	True	False			official_v6_boundary_cpps_invalid_or_incomplete_support
LA_T_6682645_0058	Interior_A	True	False	0.0	5.551115123125783e-13	incomplete_strict_phone_support_for_nine_point_cpps_trajectory
LA_T_6682645_0058	Interior_B	True	True	239.99999999999488	239.99999999999545	
LA_T_6682645_0059	Boundary	True	False			official_v6_boundary_cpps_invalid_or_incomplete_support
LA_T_6682645_0059	Interior_A	True	True	239.99999999999488	239.99999999999545	
LA_T_6682645_0059	Interior_B	True	True	319.9999999999932	320.00000000000796	
LA_T_6682645_0062	Boundary	True	False			official_v6_boundary_cpps_invalid_or_incomplete_support
LA_T_6682645_0062	Interior_A	True	True	240.0000000000091	239.99999999999545	
LA_T_6682645_0062	Interior_B	True	False	-160.0000000000108	-159.99999999999602	incomplete_strict_phone_support_for_nine_point_cpps_trajectory
LA_T_6682645_0063	Boundary	True	True			
LA_T_6682645_0063	Interior_A	True	False	-160.0000000000108	-159.99999999999602	incomplete_strict_phone_support_for_nine_point_cpps_trajectory
LA_T_6682645_0063	Interior_B	True	True	160.0000000000108	159.99999999999716	
LA_T_6682645_0066	Boundary	True	False			official_v6_boundary_cpps_invalid_or_incomplete_support
LA_T_6682645_0066	Interior_A	True	False	-79.9999999999983	-80.00000000001195	incomplete_strict_phone_support_for_nine_point_cpps_trajectory
LA_T_6682645_0066	Interior_B	True	True	160.0000000000108	159.99999999999716	
LA_T_6682645_0067	Boundary	True	False			official_v6_boundary_cpps_invalid_or_incomplete_support
LA_T_6682645_0067	Interior_A	True	True	160.0000000000108	159.99999999999716	
LA_T_6682645_0067	Interior_B	True	False	-80.0000000000125	-79.99999999999774	incomplete_strict_phone_support_for_nine_point_cpps_trajectory
LA_T_6682645_0068	Boundary	True	True			
LA_T_6682645_0068	Interior_A	True	False	-80.0000000000125	-79.99999999999774	incomplete_strict_phone_support_for_nine_point_cpps_trajectory
LA_T_6682645_0068	Interior_B	True	False	-159.9999999999966	-159.99999999999602	incomplete_strict_phone_support_for_nine_point_cpps_trajectory
LA_T_6682645_0071	Boundary	True	False			official_v6_boundary_cpps_invalid_or_incomplete_support
LA_T_6682645_0071	Interior_A	True	False	-79.9999999999983	-79.99999999999774	incomplete_strict_phone_support_for_nine_point_cpps_trajectory
LA_T_6682645_0071	Interior_B	True	False	0.0	-1.3655743202889425e-11	incomplete_strict_phone_support_for_nine_point_cpps_trajectory
LA_T_6682645_0076	Boundary	True	False			official_v6_boundary_cpps_invalid_or_incomplete_support
LA_T_6682645_0076	Interior_A	True	True	239.99999999999488	239.99999999999545	
LA_T_6682645_0076	Interior_B	True	True	480.000000000004	480.00000000000455	
LA_T_6682645_0077	Boundary	True	True			
LA_T_6682645_0077	Interior_A	True	True	480.000000000004	480.00000000000455	
LA_T_6682645_0077	Interior_B	True	False	-79.9999999999983	-80.00000000001195	incomplete_strict_phone_support_for_nine_point_cpps_trajectory
LA_T_6682645_0078	Boundary	True	False			official_v6_boundary_cpps_invalid_or_incomplete_support
LA_T_6682645_0078	Interior_A	True	False	-79.9999999999983	-80.00000000001195	incomplete_strict_phone_support_for_nine_point_cpps_trajectory
LA_T_6682645_0078	Interior_B	True	True	79.9999999999983	79.99999999999885	
LA_T_6682645_0081	Boundary	True	False			official_v6_boundary_cpps_invalid_or_incomplete_support
LA_T_6682645_0081	Interior_A	True	False	-79.9999999999983	-79.99999999999774	incomplete_strict_phone_support_for_nine_point_cpps_trajectory
LA_T_6682645_0081	Interior_B	True	True	159.9999999999966	159.99999999999716	
LA_T_6682645_0084	Boundary	True	True			
LA_T_6682645_0084	Interior_A	True	True	240.0000000000091	239.99999999999545	
LA_T_6682645_0084	Interior_B	True	True	79.9999999999983	79.99999999999885	
LA_T_6682645_0088	Boundary	True	False			official_v6_boundary_cpps_invalid_or_incomplete_support
LA_T_6682645_0088	Interior_A	True	True	79.9999999999983	79.99999999999885	
LA_T_6682645_0088	Interior_B	True	True	320.0000000000074	319.99999999999375	
LA_T_6682645_0089	Boundary	True	False			official_v6_boundary_cpps_invalid_or_incomplete_support
LA_T_6682645_0089	Interior_A	True	True	320.0000000000074	319.99999999999375	
LA_T_6682645_0089	Interior_B	True	False	0.0	5.551115123125783e-13	incomplete_strict_phone_support_for_nine_point_cpps_trajectory
LA_T_6682645_0090	Boundary	True	True			
LA_T_6682645_0090	Interior_A	True	False	0.0	5.551115123125783e-13	incomplete_strict_phone_support_for_nine_point_cpps_trajectory
LA_T_6682645_0090	Interior_B	True	True	159.9999999999966	159.99999999999716	
LA_T_6682645_0091	Boundary	True	True			
LA_T_6682645_0091	Interior_A	True	True	159.9999999999966	159.99999999999716	
LA_T_6682645_0091	Interior_B	True	False	-79.9999999999983	-79.99999999999774	incomplete_strict_phone_support_for_nine_point_cpps_trajectory
LA_T_6682645_0092	Boundary	True	True			
LA_T_6682645_0092	Interior_A	True	False	-79.9999999999983	-79.99999999999774	incomplete_strict_phone_support_for_nine_point_cpps_trajectory
LA_T_6682645_0092	Interior_B	True	False	-159.9999999999966	-160.00000000001023	incomplete_strict_phone_support_for_nine_point_cpps_trajectory
LA_T_6682645_0093	Boundary	True	False			official_v6_boundary_cpps_invalid_or_incomplete_support
LA_T_6682645_0093	Interior_A	True	False	-159.9999999999966	-160.00000000001023	incomplete_strict_phone_support_for_nine_point_cpps_trajectory
LA_T_6682645_0093	Interior_B	True	False	0.0	5.551115123125783e-13	incomplete_strict_phone_support_for_nine_point_cpps_trajectory
LA_T_6682645_0097	Boundary	True	False			official_v6_boundary_cpps_invalid_or_incomplete_support
LA_T_6682645_0097	Interior_A	True	True	159.9999999999966	159.99999999999716	
LA_T_6682645_0097	Interior_B	True	True	79.9999999999983	79.99999999999885	
LA_T_6682645_0098	Boundary	True	False			official_v6_boundary_cpps_invalid_or_incomplete_support
LA_T_6682645_0098	Interior_A	True	True	79.9999999999983	79.99999999999885	
LA_T_6682645_0098	Interior_B	True	True	159.9999999999966	160.00000000001137	
LA_T_6682645_0099	Boundary	True	False			official_v6_boundary_cpps_invalid_or_incomplete_support
LA_T_6682645_0099	Interior_A	True	True	159.9999999999966	160.00000000001137	
LA_T_6682645_0099	Interior_B	True	False	-79.9999999999983	-80.00000000001195	incomplete_strict_phone_support_for_nine_point_cpps_trajectory
LA_T_6682645_0100	Boundary	True	True			
LA_T_6682645_0100	Interior_A	True	False	-79.9999999999983	-80.00000000001195	incomplete_strict_phone_support_for_nine_point_cpps_trajectory
LA_T_6682645_0100	Interior_B	True	False	-159.9999999999966	-159.99999999999602	incomplete_strict_phone_support_for_nine_point_cpps_trajectory
LA_T_6682645_0105	Boundary	True	True			
LA_T_6682645_0105	Interior_A	True	False	2.8421709430404007e-11	-1.3655743202889425e-11	incomplete_strict_phone_support_for_nine_point_cpps_trajectory
LA_T_6682645_0105	Interior_B	True	False	-159.99999999996817	-160.00000000001023	incomplete_strict_phone_support_for_nine_point_cpps_trajectory
LA_T_6682645_0106	Boundary	True	False			official_v6_boundary_cpps_invalid_or_incomplete_support
LA_T_6682645_0106	Interior_A	True	False	-159.99999999996817	-160.00000000001023	incomplete_strict_phone_support_for_nine_point_cpps_trajectory
LA_T_6682645_0106	Interior_B	True	True	80.0000000000125	79.99999999999885	
LA_T_6682645_0107	Boundary	True	False			official_v6_boundary_cpps_invalid_or_incomplete_support
LA_T_6682645_0107	Interior_A	True	True	80.0000000000125	79.99999999999885	
LA_T_6682645_0107	Interior_B	True	False	-159.9999999999966	-159.9999999999818	incomplete_strict_phone_support_for_nine_point_cpps_trajectory
LA_T_6682645_0108	Boundary	True	True			
LA_T_6682645_0108	Interior_A	True	False	-159.9999999999966	-159.9999999999818	incomplete_strict_phone_support_for_nine_point_cpps_trajectory
LA_T_6682645_0108	Interior_B	True	False	-159.99999999996817	-160.00000000001023	incomplete_strict_phone_support_for_nine_point_cpps_trajectory
LA_T_6682645_0111	Boundary	True	True			
LA_T_6682645_0111	Interior_A	True	True	80.0000000000125	79.99999999999885	
LA_T_6682645_0111	Interior_B	True	False	-79.99999999998408	-79.99999999999774	incomplete_strict_phone_support_for_nine_point_cpps_trajectory
LA_T_6682645_0112	Boundary	True	True			
LA_T_6682645_0112	Interior_A	True	False	-79.99999999998408	-79.99999999999774	incomplete_strict_phone_support_for_nine_point_cpps_trajectory
LA_T_6682645_0112	Interior_B	True	False	-159.99999999996817	-160.00000000001023	incomplete_strict_phone_support_for_nine_point_cpps_trajectory
LA_T_6683229_0004	Boundary	True	False			official_v6_boundary_cpps_invalid_or_incomplete_support
LA_T_6683229_0004	Interior_A	True	False	-160.00000000000102	-159.9999999999987	incomplete_strict_phone_support_for_nine_point_cpps_trajectory
LA_T_6683229_0004	Interior_B	True	True	480.00000000000045	480.0000000000001	
LA_T_6683229_0005	Boundary	True	True			
LA_T_6683229_0005	Interior_A	True	True	480.00000000000045	480.0000000000001	
LA_T_6683229_0005	Interior_B	True	True	320.0000000000003	319.9999999999991	
LA_T_6683229_0007	Boundary	True	False			official_v6_boundary_cpps_invalid_or_incomplete_support
LA_T_6683229_0007	Interior_A	True	False	-80.00000000000007	-79.99999999999952	incomplete_strict_phone_support_for_nine_point_cpps_trajectory
LA_T_6683229_0007	Interior_B	True	False	-80.00000000000185	-79.99999999999952	incomplete_strict_phone_support_for_nine_point_cpps_trajectory
LA_T_6683229_0016	Boundary	True	False			official_v6_boundary_cpps_invalid_or_incomplete_support
LA_T_6683229_0016	Interior_A	True	True	79.9999999999983	79.99999999999885	
LA_T_6683229_0016	Interior_B	True	True	160.00000000000014	160.0000000000007	
LA_T_6683229_0017	Boundary	True	False			official_v6_boundary_cpps_invalid_or_incomplete_support
LA_T_6683229_0017	Interior_A	True	True	160.00000000000014	160.0000000000007	
LA_T_6683229_0017	Interior_B	True	True	320.0000000000003	319.99999999999727	
LA_T_6683229_0018	Boundary	True	True			
LA_T_6683229_0018	Interior_A	True	True	320.0000000000003	319.99999999999727	
LA_T_6683229_0018	Interior_B	True	False	-79.9999999999983	-80.0000000000013	incomplete_strict_phone_support_for_nine_point_cpps_trajectory
LA_T_6683229_0021	Boundary	True	False			official_v6_boundary_cpps_invalid_or_incomplete_support
LA_T_6683229_0021	Interior_A	True	False	-80.00000000000185	-79.99999999999774	incomplete_strict_phone_support_for_nine_point_cpps_trajectory
LA_T_6683229_0021	Interior_B	True	False	0.0	-2.9976021664879227e-12	incomplete_strict_phone_support_for_nine_point_cpps_trajectory
LA_T_6683229_0024	Boundary	True	False			official_v6_boundary_cpps_invalid_or_incomplete_support
LA_T_6683229_0024	Interior_A	True	True	320.0000000000003	320.00000000000085	
LA_T_6683229_0024	Interior_B	True	True	239.99999999999488	240.00000000000256	
LA_T_6683229_0025	Boundary	True	True			
LA_T_6683229_0025	Interior_A	True	True	239.99999999999488	240.00000000000256	
LA_T_6683229_0025	Interior_B	True	False	-79.9999999999983	-80.00000000000485	incomplete_strict_phone_support_for_nine_point_cpps_trajectory
LA_T_6683229_0026	Boundary	True	False			official_v6_boundary_cpps_invalid_or_incomplete_support
LA_T_6683229_0026	Interior_A	True	False	-79.9999999999983	-80.00000000000485	incomplete_strict_phone_support_for_nine_point_cpps_trajectory
LA_T_6683229_0026	Interior_B	True	True	80.0000000000054	79.99999999999885	
LA_T_6683229_0029	Boundary	True	True			
LA_T_6683229_0029	Interior_A	True	True	79.9999999999983	79.99999999999885	
LA_T_6683229_0029	Interior_B	True	False	-79.9999999999983	-80.00000000000485	incomplete_strict_phone_support_for_nine_point_cpps_trajectory
LA_T_6683229_0030	Boundary	True	True			
LA_T_6683229_0030	Interior_A	True	False	-79.9999999999983	-80.00000000000485	incomplete_strict_phone_support_for_nine_point_cpps_trajectory
LA_T_6683229_0030	Interior_B	True	False	0.0	5.551115123125783e-13	incomplete_strict_phone_support_for_nine_point_cpps_trajectory
LA_T_6683229_0031	Boundary	True	True			
LA_T_6683229_0031	Interior_A	True	False	0.0	5.551115123125783e-13	incomplete_strict_phone_support_for_nine_point_cpps_trajectory
LA_T_6683229_0031	Interior_B	True	True	240.000000000002	240.00000000000256	
LA_T_6683229_0032	Boundary	True	False			official_v6_boundary_cpps_invalid_or_incomplete_support
LA_T_6683229_0032	Interior_A	True	True	240.000000000002	240.00000000000256	
LA_T_6683229_0032	Interior_B	True	True	79.9999999999983	79.99999999999885	
LA_T_6683229_0036	Boundary	True	False			official_v6_boundary_cpps_invalid_or_incomplete_support
LA_T_6683229_0036	Interior_A	True	False	0.0	5.551115123125783e-13	incomplete_strict_phone_support_for_nine_point_cpps_trajectory
LA_T_6683229_0036	Interior_B	True	False	-160.0000000000037	-159.99999999999602	incomplete_strict_phone_support_for_nine_point_cpps_trajectory
LA_T_6683229_0037	Boundary	True	False			official_v6_boundary_cpps_invalid_or_incomplete_support
LA_T_6683229_0037	Interior_A	True	False	-160.0000000000037	-159.99999999999602	incomplete_strict_phone_support_for_nine_point_cpps_trajectory
LA_T_6683229_0037	Interior_B	True	False	-79.9999999999983	-80.00000000000485	incomplete_strict_phone_support_for_nine_point_cpps_trajectory
LA_T_6683229_0038	Boundary	True	True			
LA_T_6683229_0038	Interior_A	True	False	-79.9999999999983	-80.00000000000485	incomplete_strict_phone_support_for_nine_point_cpps_trajectory
LA_T_6683229_0038	Interior_B	True	False	-159.9999999999966	-160.00000000000313	incomplete_strict_phone_support_for_nine_point_cpps_trajectory
LA_T_6683229_0041	Boundary	True	False			official_v6_boundary_cpps_invalid_or_incomplete_support
LA_T_6683229_0041	Interior_A	True	True	79.9999999999983	79.99999999999885	
LA_T_6683229_0041	Interior_B	True	False	-79.9999999999983	-79.99999999999774	incomplete_strict_phone_support_for_nine_point_cpps_trajectory
LA_T_6683229_0042	Boundary	True	False			official_v6_boundary_cpps_invalid_or_incomplete_support
LA_T_6683229_0042	Interior_A	True	False	-79.9999999999983	-79.99999999999774	incomplete_strict_phone_support_for_nine_point_cpps_trajectory
LA_T_6683229_0042	Interior_B	True	False	-80.0000000000054	-79.99999999999774	incomplete_strict_phone_support_for_nine_point_cpps_trajectory
LA_T_6683229_0045	Boundary	True	True			
LA_T_6683229_0045	Interior_A	True	False	-79.9999999999983	-80.00000000000485	incomplete_strict_phone_support_for_nine_point_cpps_trajectory
LA_T_6683229_0045	Interior_B	True	False	0.0	5.551115123125783e-13	incomplete_strict_phone_support_for_nine_point_cpps_trajectory
LA_T_6683229_0049	Boundary	True	True			
LA_T_6683229_0049	Interior_A	True	False	-80.0000000000054	-79.99999999999774	incomplete_strict_phone_support_for_nine_point_cpps_trajectory
LA_T_6683229_0049	Interior_B	True	False	-79.9999999999983	-80.00000000000485	incomplete_strict_phone_support_for_nine_point_cpps_trajectory
LA_T_6683229_0059	Boundary	True	True			
LA_T_6683229_0059	Interior_A	True	True	159.9999999999966	159.99999999999716	
LA_T_6683229_0059	Interior_B	True	False	-159.9999999999966	-159.99999999999602	incomplete_strict_phone_support_for_nine_point_cpps_trajectory
LA_T_6683229_0060	Boundary	True	True			
LA_T_6683229_0060	Interior_A	True	False	-159.9999999999966	-159.99999999999602	incomplete_strict_phone_support_for_nine_point_cpps_trajectory
LA_T_6683229_0060	Interior_B	True	True	159.9999999999966	159.99999999999716	
LA_T_6683229_0061	Boundary	True	True			
LA_T_6683229_0061	Interior_A	True	True	159.9999999999966	159.99999999999716	
LA_T_6683229_0061	Interior_B	True	True	239.99999999999488	240.00000000000966	
LA_T_6683229_0065	Boundary	True	False			official_v6_boundary_cpps_invalid_or_incomplete_support
LA_T_6683229_0065	Interior_A	True	False	-80.0000000000125	-79.99999999999774	incomplete_strict_phone_support_for_nine_point_cpps_trajectory
LA_T_6683229_0065	Interior_B	True	False	-79.9999999999983	-79.99999999999774	incomplete_strict_phone_support_for_nine_point_cpps_trajectory
LA_T_6683229_0066	Boundary	True	True			
LA_T_6683229_0066	Interior_A	True	False	-79.9999999999983	-79.99999999999774	incomplete_strict_phone_support_for_nine_point_cpps_trajectory
LA_T_6683229_0066	Interior_B	True	False	-160.0000000000108	-159.99999999999602	incomplete_strict_phone_support_for_nine_point_cpps_trajectory
LA_T_6683229_0067	Boundary	True	False			official_v6_boundary_cpps_invalid_or_incomplete_support
LA_T_6683229_0067	Interior_A	True	False	-160.0000000000108	-159.99999999999602	incomplete_strict_phone_support_for_nine_point_cpps_trajectory
LA_T_6683229_0067	Interior_B	True	True	560.0000000000023	560.0000000000028	
LA_T_6683229_0075	Boundary	True	True			
LA_T_6683229_0075	Interior_A	True	True	879.9999999999955	880.0000000000102	
LA_T_6683229_0075	Interior_B	True	True	79.9999999999983	79.99999999999885	
LA_T_6683229_0076	Boundary	True	True			
LA_T_6683229_0076	Interior_A	True	True	79.9999999999983	79.99999999999885	
LA_T_6683229_0076	Interior_B	True	True	1040.0000000000064	1039.9999999999925	
LA_T_6683577_0002	Boundary	True	True			
LA_T_6683577_0002	Interior_A	True	False	-79.9999999999983	-80.0000000000013	incomplete_strict_phone_support_for_nine_point_cpps_trajectory
LA_T_6683577_0002	Interior_B	True	True	79.9999999999983	79.99999999999885	
LA_T_6683577_0005	Boundary	True	True			
LA_T_6683577_0005	Interior_A	True	False	-160.00000000000014	-159.99999999999957	incomplete_strict_phone_support_for_nine_point_cpps_trajectory
LA_T_6683577_0005	Interior_B	True	False	0.0	5.551115123125783e-13	incomplete_strict_phone_support_for_nine_point_cpps_trajectory
LA_T_6683577_0006	Boundary	True	True			
LA_T_6683577_0006	Interior_A	True	False	0.0	5.551115123125783e-13	incomplete_strict_phone_support_for_nine_point_cpps_trajectory
LA_T_6683577_0006	Interior_B	True	False	-3.552713678800501e-12	5.551115123125783e-13	incomplete_strict_phone_support_for_nine_point_cpps_trajectory
LA_T_6683577_0007	Boundary	True	True			
LA_T_6683577_0007	Interior_A	True	False	-3.552713678800501e-12	5.551115123125783e-13	incomplete_strict_phone_support_for_nine_point_cpps_trajectory
LA_T_6683577_0007	Interior_B	True	False	-79.9999999999983	-80.0000000000013	incomplete_strict_phone_support_for_nine_point_cpps_trajectory
LA_T_6683577_0008	Boundary	True	False			official_v6_boundary_cpps_invalid_or_incomplete_support
LA_T_6683577_0008	Interior_A	True	False	-79.9999999999983	-80.0000000000013	incomplete_strict_phone_support_for_nine_point_cpps_trajectory
LA_T_6683577_0008	Interior_B	True	True	79.9999999999983	80.0000000000024	
LA_T_6683577_0009	Boundary	True	False			official_v6_boundary_cpps_invalid_or_incomplete_support
LA_T_6683577_0009	Interior_A	True	True	79.9999999999983	80.0000000000024	
LA_T_6683577_0009	Interior_B	True	False	-80.00000000000185	-80.0000000000013	incomplete_strict_phone_support_for_nine_point_cpps_trajectory
LA_T_6683577_0010	Boundary	True	True			
LA_T_6683577_0010	Interior_A	True	False	-80.00000000000185	-80.0000000000013	incomplete_strict_phone_support_for_nine_point_cpps_trajectory
LA_T_6683577_0010	Interior_B	True	False	0.0	-2.9976021664879227e-12	incomplete_strict_phone_support_for_nine_point_cpps_trajectory
LA_T_6683577_0011	Boundary	True	True			
LA_T_6683577_0011	Interior_A	True	False	0.0	-2.9976021664879227e-12	incomplete_strict_phone_support_for_nine_point_cpps_trajectory
LA_T_6683577_0011	Interior_B	True	False	-159.9999999999966	-160.00000000000313	incomplete_strict_phone_support_for_nine_point_cpps_trajectory
LA_T_6683577_0012	Boundary	True	False			official_v6_boundary_cpps_invalid_or_incomplete_support
LA_T_6683577_0012	Interior_A	True	False	-159.9999999999966	-160.00000000000313	incomplete_strict_phone_support_for_nine_point_cpps_trajectory
LA_T_6683577_0012	Interior_B	True	True	240.000000000002	240.00000000000256	
LA_T_6683577_0018	Boundary	True	True			
LA_T_6683577_0018	Interior_A	True	False	0.0	5.551115123125783e-13	incomplete_strict_phone_support_for_nine_point_cpps_trajectory
LA_T_6683577_0018	Interior_B	True	True	240.000000000002	239.99999999999545	
LA_T_6683577_0019	Boundary	True	True			
LA_T_6683577_0019	Interior_A	True	True	240.000000000002	239.99999999999545	
LA_T_6683577_0019	Interior_B	True	False	-159.9999999999966	-160.00000000000313	incomplete_strict_phone_support_for_nine_point_cpps_trajectory
LA_T_6683577_0020	Boundary	True	True			
LA_T_6683577_0020	Interior_A	True	False	-159.9999999999966	-160.00000000000313	incomplete_strict_phone_support_for_nine_point_cpps_trajectory
LA_T_6683577_0020	Interior_B	True	False	-80.0000000000054	-79.99999999999774	incomplete_strict_phone_support_for_nine_point_cpps_trajectory
LA_T_6683577_0023	Boundary	True	False			official_v6_boundary_cpps_invalid_or_incomplete_support
LA_T_6683577_0023	Interior_A	True	False	-79.9999999999983	-79.99999999999774	incomplete_strict_phone_support_for_nine_point_cpps_trajectory
LA_T_6683577_0023	Interior_B	True	True	239.99999999999488	240.00000000000256	
LA_T_6683577_0028	Boundary	True	False			official_v6_boundary_cpps_invalid_or_incomplete_support
LA_T_6683577_0028	Interior_A	True	False	-160.0000000000037	-159.99999999999602	incomplete_strict_phone_support_for_nine_point_cpps_trajectory
LA_T_6683577_0028	Interior_B	True	False	0.0	5.551115123125783e-13	incomplete_strict_phone_support_for_nine_point_cpps_trajectory
LA_T_6683577_0031	Boundary	True	True			
LA_T_6683577_0031	Interior_A	True	True	79.9999999999983	79.99999999999885	
LA_T_6683577_0031	Interior_B	True	False	-159.9999999999966	-160.00000000000313	incomplete_strict_phone_support_for_nine_point_cpps_trajectory
LA_T_6683577_0032	Boundary	True	True			
LA_T_6683577_0032	Interior_A	True	False	-159.9999999999966	-160.00000000000313	incomplete_strict_phone_support_for_nine_point_cpps_trajectory
LA_T_6683577_0032	Interior_B	True	False	-159.9999999999966	-160.00000000000313	incomplete_strict_phone_support_for_nine_point_cpps_trajectory
LA_T_6683577_0033	Boundary	True	True			
LA_T_6683577_0033	Interior_A	True	False	-159.9999999999966	-160.00000000000313	incomplete_strict_phone_support_for_nine_point_cpps_trajectory
LA_T_6683577_0033	Interior_B	True	False	-79.9999999999983	-80.00000000000485	incomplete_strict_phone_support_for_nine_point_cpps_trajectory
LA_T_6683577_0038	Boundary	True	False			official_v6_boundary_cpps_invalid_or_incomplete_support
LA_T_6683577_0038	Interior_A	True	True	160.0000000000037	159.99999999999716	
LA_T_6683577_0038	Interior_B	True	False	-160.0000000000037	-159.99999999999602	incomplete_strict_phone_support_for_nine_point_cpps_trajectory
LA_T_6683577_0039	Boundary	True	False			official_v6_boundary_cpps_invalid_or_incomplete_support
LA_T_6683577_0039	Interior_A	True	False	-160.0000000000037	-159.99999999999602	incomplete_strict_phone_support_for_nine_point_cpps_trajectory
LA_T_6683577_0039	Interior_B	True	False	-160.0000000000037	-159.99999999999602	incomplete_strict_phone_support_for_nine_point_cpps_trajectory
LA_T_6683577_0040	Boundary	True	True			
LA_T_6683577_0040	Interior_A	True	False	-160.0000000000037	-159.99999999999602	incomplete_strict_phone_support_for_nine_point_cpps_trajectory
LA_T_6683577_0040	Interior_B	True	False	-160.0000000000037	-159.99999999999602	incomplete_strict_phone_support_for_nine_point_cpps_trajectory
LA_T_6683577_0041	Boundary	True	True			
LA_T_6683577_0041	Interior_A	True	False	-160.0000000000037	-159.99999999999602	incomplete_strict_phone_support_for_nine_point_cpps_trajectory
LA_T_6683577_0041	Interior_B	True	False	-80.0000000000054	-79.99999999999774	incomplete_strict_phone_support_for_nine_point_cpps_trajectory
LA_T_6683577_0042	Boundary	True	True			
LA_T_6683577_0042	Interior_A	True	False	-80.0000000000054	-79.99999999999774	incomplete_strict_phone_support_for_nine_point_cpps_trajectory
LA_T_6683577_0042	Interior_B	True	True	479.99999999998977	480.00000000000455	
LA_T_6683577_0043	Boundary	True	True			
LA_T_6683577_0043	Interior_A	True	True	479.99999999998977	480.00000000000455	
LA_T_6683577_0043	Interior_B	True	True	560.0000000000023	560.0000000000028	
LA_T_6686537_0004	Boundary	True	True			
LA_T_6686537_0004	Interior_A	True	False	-160.0000000000037	-159.99999999999957	incomplete_strict_phone_support_for_nine_point_cpps_trajectory
LA_T_6686537_0004	Interior_B	True	False	-160.00000000000014	-159.99999999999957	incomplete_strict_phone_support_for_nine_point_cpps_trajectory
LA_T_6686537_0011	Boundary	True	False			official_v6_boundary_cpps_invalid_or_incomplete_support
LA_T_6686537_0011	Interior_A	True	True	320.0000000000003	320.00000000000085	
LA_T_6686537_0011	Interior_B	True	True	240.000000000002	239.99999999999545	
LA_T_6686537_0016	Boundary	True	False			official_v6_boundary_cpps_invalid_or_incomplete_support
LA_T_6686537_0016	Interior_A	True	False	-79.9999999999983	-79.99999999999774	incomplete_strict_phone_support_for_nine_point_cpps_trajectory
LA_T_6686537_0016	Interior_B	True	False	-159.9999999999966	-160.00000000000313	incomplete_strict_phone_support_for_nine_point_cpps_trajectory
LA_T_6686537_0020	Boundary	True	True			
LA_T_6686537_0020	Interior_A	True	False	-160.0000000000037	-159.99999999999602	incomplete_strict_phone_support_for_nine_point_cpps_trajectory
LA_T_6686537_0020	Interior_B	True	False	-159.9999999999966	-160.00000000000313	incomplete_strict_phone_support_for_nine_point_cpps_trajectory
LA_T_6686537_0021	Boundary	True	True			
LA_T_6686537_0021	Interior_A	True	False	-159.9999999999966	-160.00000000000313	incomplete_strict_phone_support_for_nine_point_cpps_trajectory
LA_T_6686537_0021	Interior_B	True	True	799.9999999999972	799.9999999999977	
LA_T_6686537_0022	Boundary	True	True			
LA_T_6686537_0022	Interior_A	True	True	799.9999999999972	799.9999999999977	
LA_T_6686537_0022	Interior_B	True	False	-159.9999999999966	-160.00000000000313	incomplete_strict_phone_support_for_nine_point_cpps_trajectory
LA_T_6686537_0023	Boundary	True	False			official_v6_boundary_cpps_invalid_or_incomplete_support
LA_T_6686537_0023	Interior_A	True	False	-159.9999999999966	-160.00000000000313	incomplete_strict_phone_support_for_nine_point_cpps_trajectory
LA_T_6686537_0023	Interior_B	True	False	-79.9999999999983	-79.99999999999774	incomplete_strict_phone_support_for_nine_point_cpps_trajectory
LA_T_6686642_0002	Boundary	True	True			
LA_T_6686642_0002	Interior_A	True	False	-160.00000000000014	-159.99999999999957	incomplete_strict_phone_support_for_nine_point_cpps_trajectory
LA_T_6686642_0002	Interior_B	True	False	0.0	5.551115123125783e-13	incomplete_strict_phone_support_for_nine_point_cpps_trajectory
LA_T_6686642_0007	Boundary	True	False			official_v6_boundary_cpps_invalid_or_incomplete_support
LA_T_6686642_0007	Interior_A	True	True	239.99999999999844	240.00000000000256	
LA_T_6686642_0007	Interior_B	True	True	79.9999999999983	79.99999999999885	
LA_T_6686642_0011	Boundary	True	True			
LA_T_6686642_0011	Interior_A	True	False	-160.00000000000014	-159.99999999999957	incomplete_strict_phone_support_for_nine_point_cpps_trajectory
LA_T_6686642_0011	Interior_B	True	True	639.999999999997	639.9999999999976	
LA_T_6686642_0012	Boundary	True	True			
LA_T_6686642_0012	Interior_A	True	True	639.999999999997	639.9999999999976	
LA_T_6686642_0012	Interior_B	True	True	400.0000000000057	399.99999999999915	
LA_T_6687471_0000	Boundary	True	False			official_v6_boundary_cpps_invalid_or_incomplete_support
LA_T_6687471_0000	Interior_A	True	True	240.00000000000153	239.9999999999999	
LA_T_6687471_0000	Interior_B	True	True	160.00000000000014	160.00000000000026	
LA_T_6687471_0001	Boundary	True	False			official_v6_boundary_cpps_invalid_or_incomplete_support
LA_T_6687471_0001	Interior_A	True	True	160.00000000000014	160.00000000000026	
LA_T_6687471_0001	Interior_B	True	True	320.0000000000003	319.99999999999994	
LA_T_6687471_0002	Boundary	True	True			
LA_T_6687471_0002	Interior_A	True	True	320.0000000000003	319.99999999999994	
LA_T_6687471_0002	Interior_B	True	False	-160.00000000000014	-159.99999999999957	incomplete_strict_phone_support_for_nine_point_cpps_trajectory
LA_T_6687471_0011	Boundary	True	True			
LA_T_6687471_0011	Interior_A	True	False	-80.00000000000185	-79.99999999999774	incomplete_strict_phone_support_for_nine_point_cpps_trajectory
LA_T_6687471_0011	Interior_B	True	True	399.9999999999986	399.99999999999915	
LA_T_6687471_0012	Boundary	True	True			
LA_T_6687471_0012	Interior_A	True	True	399.9999999999986	399.99999999999915	
LA_T_6687471_0012	Interior_B	True	False	-79.9999999999983	-80.0000000000013	incomplete_strict_phone_support_for_nine_point_cpps_trajectory
LA_T_6687471_0013	Boundary	True	False			official_v6_boundary_cpps_invalid_or_incomplete_support
LA_T_6687471_0013	Interior_A	True	False	-79.9999999999983	-80.0000000000013	incomplete_strict_phone_support_for_nine_point_cpps_trajectory
LA_T_6687471_0013	Interior_B	True	True	240.000000000002	239.999999999999	
LA_T_6687471_0014	Boundary	True	False			official_v6_boundary_cpps_invalid_or_incomplete_support
LA_T_6687471_0014	Interior_A	True	True	240.000000000002	239.999999999999	
LA_T_6687471_0014	Interior_B	True	True	959.9999999999973	960.0000000000014	
LA_T_6692749_0000	Boundary	True	True			
LA_T_6692749_0000	Interior_A	True	False	-160.00000000000014	-159.99999999999957	incomplete_strict_phone_support_for_nine_point_cpps_trajectory
LA_T_6692749_0000	Interior_B	True	False	-160.00000000000014	-159.99999999999957	incomplete_strict_phone_support_for_nine_point_cpps_trajectory
LA_T_6692749_0002	Boundary	True	False			official_v6_boundary_cpps_invalid_or_incomplete_support
LA_T_6692749_0002	Interior_A	True	False	0.0	5.551115123125783e-13	incomplete_strict_phone_support_for_nine_point_cpps_trajectory
LA_T_6692749_0002	Interior_B	True	False	-160.00000000000014	-160.00000000000136	incomplete_strict_phone_support_for_nine_point_cpps_trajectory
LA_T_6692749_0006	Boundary	True	True			
LA_T_6692749_0006	Interior_A	True	False	0.0	5.551115123125783e-13	incomplete_strict_phone_support_for_nine_point_cpps_trajectory
LA_T_6692749_0006	Interior_B	True	True	79.9999999999983	80.00000000000063	
LA_T_6692749_0007	Boundary	True	True			
LA_T_6692749_0007	Interior_A	True	True	79.9999999999983	80.00000000000063	
LA_T_6692749_0007	Interior_B	True	False	-160.00000000000014	-159.99999999999957	incomplete_strict_phone_support_for_nine_point_cpps_trajectory
LA_T_6692749_0008	Boundary	True	False			official_v6_boundary_cpps_invalid_or_incomplete_support
LA_T_6692749_0008	Interior_A	True	False	-160.00000000000014	-159.99999999999957	incomplete_strict_phone_support_for_nine_point_cpps_trajectory
LA_T_6692749_0008	Interior_B	True	True	319.9999999999985	320.00000000000085	
LA_T_6692749_0009	Boundary	True	False			official_v6_boundary_cpps_invalid_or_incomplete_support
LA_T_6692749_0009	Interior_A	True	True	319.9999999999985	320.00000000000085	
LA_T_6692749_0009	Interior_B	True	True	719.9999999999989	719.9999999999994	
LA_T_6693334_0007	Boundary	True	False			official_v6_boundary_cpps_invalid_or_incomplete_support
LA_T_6693334_0007	Interior_A	True	False	-160.00000000000014	-159.99999999999957	incomplete_strict_phone_support_for_nine_point_cpps_trajectory
LA_T_6693334_0007	Interior_B	True	True	79.9999999999983	80.00000000000063	
LA_T_6693334_0008	Boundary	True	False			official_v6_boundary_cpps_invalid_or_incomplete_support
LA_T_6693334_0008	Interior_A	True	True	79.9999999999983	80.00000000000063	
LA_T_6693334_0008	Interior_B	True	True	719.9999999999989	720.0000000000013	
LA_T_6693334_0009	Boundary	True	True			
LA_T_6693334_0009	Interior_A	True	True	719.9999999999989	720.0000000000013	
LA_T_6693334_0009	Interior_B	True	True	79.9999999999983	79.99999999999885	
LA_T_6693334_0010	Boundary	True	True			
LA_T_6693334_0010	Interior_A	True	True	79.9999999999983	79.99999999999885	
LA_T_6693334_0010	Interior_B	True	False	-79.9999999999983	-80.0000000000013	incomplete_strict_phone_support_for_nine_point_cpps_trajectory
LA_T_6693334_0011	Boundary	True	True			
LA_T_6693334_0011	Interior_A	True	False	-79.9999999999983	-80.0000000000013	incomplete_strict_phone_support_for_nine_point_cpps_trajectory
LA_T_6693334_0011	Interior_B	True	True	639.999999999997	640.0000000000011	
LA_T_6693334_0016	Boundary	True	False			official_v6_boundary_cpps_invalid_or_incomplete_support
LA_T_6693334_0016	Interior_A	True	True	240.000000000002	239.999999999999	
LA_T_6693334_0016	Interior_B	True	True	239.99999999999844	239.999999999999	
LA_T_6693334_0021	Boundary	True	False			official_v6_boundary_cpps_invalid_or_incomplete_support
LA_T_6693334_0021	Interior_A	True	False	0.0	5.551115123125783e-13	incomplete_strict_phone_support_for_nine_point_cpps_trajectory
LA_T_6693334_0021	Interior_B	True	False	0.0	5.551115123125783e-13	incomplete_strict_phone_support_for_nine_point_cpps_trajectory
LA_T_6693334_0025	Boundary	True	False			official_v6_boundary_cpps_invalid_or_incomplete_support
LA_T_6693334_0025	Interior_A	True	False	0.0	5.551115123125783e-13	incomplete_strict_phone_support_for_nine_point_cpps_trajectory
LA_T_6693334_0025	Interior_B	True	False	-79.9999999999983	-80.00000000000485	incomplete_strict_phone_support_for_nine_point_cpps_trajectory
LA_T_6693334_0029	Boundary	True	False			official_v6_boundary_cpps_invalid_or_incomplete_support
LA_T_6693334_0029	Interior_A	True	True	239.99999999999488	240.00000000000256	
LA_T_6693334_0029	Interior_B	True	True	79.9999999999983	79.99999999999885	
LA_T_6693334_0037	Boundary	True	True			
LA_T_6693334_0037	Interior_A	True	False	0.0	5.551115123125783e-13	incomplete_strict_phone_support_for_nine_point_cpps_trajectory
LA_T_6693334_0037	Interior_B	True	True	399.9999999999986	400.00000000000625	
LA_T_6693334_0046	Boundary	True	False			official_v6_boundary_cpps_invalid_or_incomplete_support
LA_T_6693334_0046	Interior_A	True	True	159.9999999999966	160.00000000000426	
LA_T_6693334_0046	Interior_B	True	True	159.9999999999966	160.00000000000426	
LA_T_6693334_0053	Boundary	True	False			official_v6_boundary_cpps_invalid_or_incomplete_support
LA_T_6693334_0053	Interior_A	True	False	-79.9999999999983	-79.99999999999774	incomplete_strict_phone_support_for_nine_point_cpps_trajectory
LA_T_6693334_0053	Interior_B	True	False	-159.9999999999966	-160.00000000001023	incomplete_strict_phone_support_for_nine_point_cpps_trajectory
LA_T_6693334_0056	Boundary	True	False			official_v6_boundary_cpps_invalid_or_incomplete_support
LA_T_6693334_0056	Interior_A	True	True	240.0000000000091	239.99999999999545	
LA_T_6693334_0056	Interior_B	True	True	239.99999999999488	240.00000000000966	
LA_T_6693334_0061	Boundary	True	False			official_v6_boundary_cpps_invalid_or_incomplete_support
LA_T_6693334_0061	Interior_A	True	True	159.9999999999966	159.99999999999716	
LA_T_6693334_0061	Interior_B	True	False	-79.9999999999983	-79.99999999999774	incomplete_strict_phone_support_for_nine_point_cpps_trajectory
LA_T_6693334_0062	Boundary	True	True			
LA_T_6693334_0062	Interior_A	True	False	-79.9999999999983	-79.99999999999774	incomplete_strict_phone_support_for_nine_point_cpps_trajectory
LA_T_6693334_0062	Interior_B	True	False	-79.9999999999983	-79.99999999999774	incomplete_strict_phone_support_for_nine_point_cpps_trajectory
LA_T_6693334_0063	Boundary	True	True			
LA_T_6693334_0063	Interior_A	True	False	-79.9999999999983	-79.99999999999774	incomplete_strict_phone_support_for_nine_point_cpps_trajectory
LA_T_6693334_0063	Interior_B	True	False	-79.9999999999983	-80.00000000001195	incomplete_strict_phone_support_for_nine_point_cpps_trajectory
LA_T_6693334_0066	Boundary	True	False			official_v6_boundary_cpps_invalid_or_incomplete_support
LA_T_6693334_0066	Interior_A	True	False	0.0	5.551115123125783e-13	incomplete_strict_phone_support_for_nine_point_cpps_trajectory
LA_T_6693334_0066	Interior_B	True	False	0.0	5.551115123125783e-13	incomplete_strict_phone_support_for_nine_point_cpps_trajectory
LA_T_6693334_0073	Boundary	True	True			
LA_T_6693334_0073	Interior_A	True	True	160.0000000000108	159.99999999999716	
LA_T_6693334_0073	Interior_B	True	True	239.99999999999488	239.99999999999545	
LA_T_6693334_0074	Boundary	True	False			official_v6_boundary_cpps_invalid_or_incomplete_support
LA_T_6693334_0074	Interior_A	True	True	239.99999999999488	239.99999999999545	
LA_T_6693334_0074	Interior_B	True	True	319.9999999999932	320.00000000000796	
LA_T_6693334_0075	Boundary	True	False			official_v6_boundary_cpps_invalid_or_incomplete_support
LA_T_6693334_0075	Interior_A	True	True	319.9999999999932	320.00000000000796	
LA_T_6693334_0075	Interior_B	True	False	-159.9999999999966	-159.99999999999602	incomplete_strict_phone_support_for_nine_point_cpps_trajectory
LA_T_6693334_0076	Boundary	True	True			
LA_T_6693334_0076	Interior_A	True	False	-159.9999999999966	-159.99999999999602	incomplete_strict_phone_support_for_nine_point_cpps_trajectory
LA_T_6693334_0076	Interior_B	True	True	159.9999999999966	159.99999999999716	
LA_T_6693334_0081	Boundary	True	False			official_v6_boundary_cpps_invalid_or_incomplete_support
LA_T_6693334_0081	Interior_A	True	False	-159.9999999999966	-160.00000000001023	incomplete_strict_phone_support_for_nine_point_cpps_trajectory
LA_T_6693334_0081	Interior_B	True	True	79.9999999999983	79.99999999999885	
LA_T_6693334_0082	Boundary	True	False			official_v6_boundary_cpps_invalid_or_incomplete_support
LA_T_6693334_0082	Interior_A	True	True	79.9999999999983	79.99999999999885	
LA_T_6693334_0082	Interior_B	True	False	0.0	5.551115123125783e-13	incomplete_strict_phone_support_for_nine_point_cpps_trajectory
LA_T_6693334_0095	Boundary	True	True			
LA_T_6693334_0095	Interior_A	True	True	159.9999999999966	159.99999999999716	
LA_T_6693334_0095	Interior_B	True	False	-160.0000000000108	-159.99999999999602	incomplete_strict_phone_support_for_nine_point_cpps_trajectory
LA_T_6693334_0096	Boundary	True	True			
LA_T_6693334_0096	Interior_A	True	False	-160.0000000000108	-159.99999999999602	incomplete_strict_phone_support_for_nine_point_cpps_trajectory
LA_T_6693334_0096	Interior_B	True	True	80.0000000000125	79.99999999999885	
LA_T_6693334_0097	Boundary	True	False			official_v6_boundary_cpps_invalid_or_incomplete_support
LA_T_6693334_0097	Interior_A	True	True	80.0000000000125	79.99999999999885	
LA_T_6693334_0097	Interior_B	True	False	0.0	5.551115123125783e-13	incomplete_strict_phone_support_for_nine_point_cpps_trajectory
LA_T_6693334_0100	Boundary	True	True			
LA_T_6693334_0100	Interior_A	True	False	-79.9999999999983	-79.99999999999774	incomplete_strict_phone_support_for_nine_point_cpps_trajectory
LA_T_6693334_0100	Interior_B	True	False	0.0	5.551115123125783e-13	incomplete_strict_phone_support_for_nine_point_cpps_trajectory
LA_T_6693334_0101	Boundary	True	True			
LA_T_6693334_0101	Interior_A	True	False	0.0	5.551115123125783e-13	incomplete_strict_phone_support_for_nine_point_cpps_trajectory
LA_T_6693334_0101	Interior_B	True	True	319.99999999997897	320.00000000000796	
LA_T_6693334_0102	Boundary	True	True			
LA_T_6693334_0102	Interior_A	True	True	319.99999999997897	320.00000000000796	
LA_T_6693334_0102	Interior_B	True	False	0.0	1.4765966227514582e-11	incomplete_strict_phone_support_for_nine_point_cpps_trajectory
LA_T_6693334_0103	Boundary	True	False			official_v6_boundary_cpps_invalid_or_incomplete_support
LA_T_6693334_0103	Interior_A	True	False	0.0	1.4765966227514582e-11	incomplete_strict_phone_support_for_nine_point_cpps_trajectory
LA_T_6693334_0103	Interior_B	True	False	-79.99999999998408	-79.99999999999774	incomplete_strict_phone_support_for_nine_point_cpps_trajectory
LA_T_6693334_0104	Boundary	True	False			official_v6_boundary_cpps_invalid_or_incomplete_support
LA_T_6693334_0104	Interior_A	True	False	-79.99999999998408	-79.99999999999774	incomplete_strict_phone_support_for_nine_point_cpps_trajectory
LA_T_6693334_0104	Interior_B	True	True	400.0000000000057	400.00000000002046	
LA_T_6693334_0105	Boundary	True	True			
LA_T_6693334_0105	Interior_A	True	True	400.0000000000057	400.00000000002046	
LA_T_6693334_0105	Interior_B	True	True	319.9999999999932	320.00000000000796	
LA_T_6694432_0002	Boundary	True	True			
LA_T_6694432_0002	Interior_A	True	False	-160.00000000000014	-159.99999999999957	incomplete_strict_phone_support_for_nine_point_cpps_trajectory
LA_T_6694432_0002	Interior_B	True	False	0.0	-2.9976021664879227e-12	incomplete_strict_phone_support_for_nine_point_cpps_trajectory
LA_T_6694432_0005	Boundary	True	True			
LA_T_6694432_0005	Interior_A	True	False	-79.9999999999983	-80.0000000000013	incomplete_strict_phone_support_for_nine_point_cpps_trajectory
LA_T_6694432_0005	Interior_B	True	False	-80.00000000000185	-79.99999999999774	incomplete_strict_phone_support_for_nine_point_cpps_trajectory
LA_T_6694432_0010	Boundary	True	False			official_v6_boundary_cpps_invalid_or_incomplete_support
LA_T_6694432_0010	Interior_A	True	False	0.0	5.551115123125783e-13	incomplete_strict_phone_support_for_nine_point_cpps_trajectory
LA_T_6694432_0010	Interior_B	True	True	79.9999999999983	79.99999999999885	
LA_T_6694432_0013	Boundary	True	False			official_v6_boundary_cpps_invalid_or_incomplete_support
LA_T_6694432_0013	Interior_A	True	False	0.0	-2.9976021664879227e-12	incomplete_strict_phone_support_for_nine_point_cpps_trajectory
LA_T_6694432_0013	Interior_B	True	True	240.000000000002	240.00000000000256	
LA_T_6694432_0014	Boundary	True	False			official_v6_boundary_cpps_invalid_or_incomplete_support
LA_T_6694432_0014	Interior_A	True	True	240.000000000002	240.00000000000256	
LA_T_6694432_0014	Interior_B	True	False	-160.0000000000037	-159.99999999999602	incomplete_strict_phone_support_for_nine_point_cpps_trajectory
LA_T_6694432_0015	Boundary	True	False			official_v6_boundary_cpps_invalid_or_incomplete_support
LA_T_6694432_0015	Interior_A	True	False	-160.0000000000037	-159.99999999999602	incomplete_strict_phone_support_for_nine_point_cpps_trajectory
LA_T_6694432_0015	Interior_B	True	False	-79.9999999999983	-80.00000000000485	incomplete_strict_phone_support_for_nine_point_cpps_trajectory
LA_T_6694432_0016	Boundary	True	False			official_v6_boundary_cpps_invalid_or_incomplete_support
LA_T_6694432_0016	Interior_A	True	False	-79.9999999999983	-80.00000000000485	incomplete_strict_phone_support_for_nine_point_cpps_trajectory
LA_T_6694432_0016	Interior_B	True	True	240.000000000002	239.99999999999545	
LA_T_6694432_0017	Boundary	True	True			
LA_T_6694432_0017	Interior_A	True	True	240.000000000002	239.99999999999545	
LA_T_6694432_0017	Interior_B	True	True	160.0000000000037	159.99999999999716	
LA_T_6694432_0018	Boundary	True	False			official_v6_boundary_cpps_invalid_or_incomplete_support
LA_T_6694432_0018	Interior_A	True	True	160.0000000000037	159.99999999999716	
LA_T_6694432_0018	Interior_B	True	True	560.0000000000023	559.9999999999957	
LA_T_6694479_0000	Boundary	True	True			
LA_T_6694479_0000	Interior_A	True	False	-2.220446049250313e-13	1.1102230246251565e-13	incomplete_strict_phone_support_for_nine_point_cpps_trajectory
LA_T_6694479_0000	Interior_B	True	True	79.99999999999963	80.00000000000018	
LA_T_6694479_0001	Boundary	True	True			
LA_T_6694479_0001	Interior_A	True	True	79.99999999999963	80.00000000000018	
LA_T_6694479_0001	Interior_B	True	False	-159.9999999999997	-160.00000000000048	incomplete_strict_phone_support_for_nine_point_cpps_trajectory
LA_T_6694479_0003	Boundary	True	True			
LA_T_6694479_0003	Interior_A	True	False	-80.00000000000007	-79.99999999999952	incomplete_strict_phone_support_for_nine_point_cpps_trajectory
LA_T_6694479_0003	Interior_B	True	False	-80.00000000000007	-79.99999999999952	incomplete_strict_phone_support_for_nine_point_cpps_trajectory
LA_T_6694479_0005	Boundary	True	False			official_v6_boundary_cpps_invalid_or_incomplete_support
LA_T_6694479_0005	Interior_A	True	False	-160.00000000000014	-159.99999999999957	incomplete_strict_phone_support_for_nine_point_cpps_trajectory
LA_T_6694479_0005	Interior_B	True	True	79.9999999999983	80.00000000000063	
LA_T_6694479_0006	Boundary	True	False			official_v6_boundary_cpps_invalid_or_incomplete_support
LA_T_6694479_0006	Interior_A	True	True	79.9999999999983	80.00000000000063	
LA_T_6694479_0006	Interior_B	True	False	-160.00000000000014	-159.99999999999957	incomplete_strict_phone_support_for_nine_point_cpps_trajectory
LA_T_6694479_0007	Boundary	True	True			
LA_T_6694479_0007	Interior_A	True	False	-160.00000000000014	-159.99999999999957	incomplete_strict_phone_support_for_nine_point_cpps_trajectory
LA_T_6694479_0007	Interior_B	True	False	-80.00000000000007	-80.0000000000013	incomplete_strict_phone_support_for_nine_point_cpps_trajectory
LA_T_6694479_0008	Boundary	True	False			official_v6_boundary_cpps_invalid_or_incomplete_support
LA_T_6694479_0008	Interior_A	True	False	-80.00000000000007	-80.0000000000013	incomplete_strict_phone_support_for_nine_point_cpps_trajectory
LA_T_6694479_0008	Interior_B	True	False	-160.00000000000014	-159.99999999999957	incomplete_strict_phone_support_for_nine_point_cpps_trajectory
LA_T_6694479_0011	Boundary	True	False			official_v6_boundary_cpps_invalid_or_incomplete_support
LA_T_6694479_0011	Interior_A	True	True	160.00000000000014	160.0000000000007	
LA_T_6694479_0011	Interior_B	True	True	239.99999999999844	240.00000000000077	
LA_T_6694479_0014	Boundary	True	True			
LA_T_6694479_0014	Interior_A	True	True	319.9999999999967	320.00000000000085	
LA_T_6694479_0014	Interior_B	True	False	-79.9999999999983	-80.0000000000013	incomplete_strict_phone_support_for_nine_point_cpps_trajectory
LA_T_6694479_0015	Boundary	True	False			official_v6_boundary_cpps_invalid_or_incomplete_support
LA_T_6694479_0015	Interior_A	True	False	-79.9999999999983	-80.0000000000013	incomplete_strict_phone_support_for_nine_point_cpps_trajectory
LA_T_6694479_0015	Interior_B	True	False	0.0	5.551115123125783e-13	incomplete_strict_phone_support_for_nine_point_cpps_trajectory
LA_T_6694479_0019	Boundary	True	True			
LA_T_6694479_0019	Interior_A	True	False	-79.9999999999983	-80.0000000000013	incomplete_strict_phone_support_for_nine_point_cpps_trajectory
LA_T_6694479_0019	Interior_B	True	True	800.0000000000007	799.9999999999977	
LA_T_6694806_0002	Boundary	True	False			official_v6_boundary_cpps_invalid_or_incomplete_support
LA_T_6694806_0002	Interior_A	True	True	80.00000000000007	79.99999999999974	
LA_T_6694806_0002	Interior_B	True	False	0.0	5.551115123125783e-13	incomplete_strict_phone_support_for_nine_point_cpps_trajectory
LA_T_6694806_0003	Boundary	True	True			
LA_T_6694806_0003	Interior_A	True	False	0.0	5.551115123125783e-13	incomplete_strict_phone_support_for_nine_point_cpps_trajectory
LA_T_6694806_0003	Interior_B	True	False	-80.00000000000185	-79.99999999999952	incomplete_strict_phone_support_for_nine_point_cpps_trajectory
LA_T_6694806_0007	Boundary	True	False			official_v6_boundary_cpps_invalid_or_incomplete_support
LA_T_6694806_0007	Interior_A	True	False	-160.00000000000193	-159.99999999999957	incomplete_strict_phone_support_for_nine_point_cpps_trajectory
LA_T_6694806_0007	Interior_B	True	False	0.0	-1.2212453270876722e-12	incomplete_strict_phone_support_for_nine_point_cpps_trajectory
LA_T_6694806_0008	Boundary	True	False			official_v6_boundary_cpps_invalid_or_incomplete_support
LA_T_6694806_0008	Interior_A	True	False	0.0	-1.2212453270876722e-12	incomplete_strict_phone_support_for_nine_point_cpps_trajectory
LA_T_6694806_0008	Interior_B	True	False	-160.00000000000014	-159.99999999999957	incomplete_strict_phone_support_for_nine_point_cpps_trajectory
LA_T_6694806_0011	Boundary	True	False			official_v6_boundary_cpps_invalid_or_incomplete_support
LA_T_6694806_0011	Interior_A	True	True	159.99999999999835	160.0000000000007	
LA_T_6694806_0011	Interior_B	True	False	0.0	5.551115123125783e-13	incomplete_strict_phone_support_for_nine_point_cpps_trajectory
LA_T_6694806_0014	Boundary	True	False			official_v6_boundary_cpps_invalid_or_incomplete_support
LA_T_6694806_0014	Interior_A	True	False	-160.00000000000014	-159.99999999999957	incomplete_strict_phone_support_for_nine_point_cpps_trajectory
LA_T_6694806_0014	Interior_B	True	True	80.00000000000185	79.99999999999885	
LA_T_6694806_0015	Boundary	True	False			official_v6_boundary_cpps_invalid_or_incomplete_support
LA_T_6694806_0015	Interior_A	True	True	80.00000000000185	79.99999999999885	
LA_T_6694806_0015	Interior_B	True	True	239.99999999999844	239.999999999999	
LA_T_6694806_0019	Boundary	True	True			
LA_T_6694806_0019	Interior_A	True	False	-160.00000000000014	-159.99999999999957	incomplete_strict_phone_support_for_nine_point_cpps_trajectory
LA_T_6694806_0019	Interior_B	True	True	399.9999999999986	399.99999999999915	
LA_T_6694806_0022	Boundary	True	False			official_v6_boundary_cpps_invalid_or_incomplete_support
LA_T_6694806_0022	Interior_A	True	True	559.9999999999987	560.0000000000028	
LA_T_6694806_0022	Interior_B	True	False	-3.552713678800501e-12	5.551115123125783e-13	incomplete_strict_phone_support_for_nine_point_cpps_trajectory
LA_T_6695287_0000	Boundary	True	False			official_v6_boundary_cpps_invalid_or_incomplete_support
LA_T_6695287_0000	Interior_A	True	True	160.00000000000014	160.00000000000003	
LA_T_6695287_0000	Interior_B	True	False	-80.00000000000007	-79.99999999999996	incomplete_strict_phone_support_for_nine_point_cpps_trajectory
LA_T_6695287_0003	Boundary	True	True			
LA_T_6695287_0003	Interior_A	True	False	-80.00000000000007	-79.99999999999952	incomplete_strict_phone_support_for_nine_point_cpps_trajectory
LA_T_6695287_0003	Interior_B	True	False	-80.00000000000007	-80.0000000000004	incomplete_strict_phone_support_for_nine_point_cpps_trajectory
LA_T_6695287_0004	Boundary	True	True			
LA_T_6695287_0004	Interior_A	True	False	-80.00000000000007	-80.0000000000004	incomplete_strict_phone_support_for_nine_point_cpps_trajectory
LA_T_6695287_0004	Interior_B	True	False	-80.00000000000097	-79.99999999999862	incomplete_strict_phone_support_for_nine_point_cpps_trajectory
LA_T_6695287_0005	Boundary	True	True			
LA_T_6695287_0005	Interior_A	True	False	-80.00000000000097	-79.99999999999862	incomplete_strict_phone_support_for_nine_point_cpps_trajectory
LA_T_6695287_0005	Interior_B	True	True	79.99999999999918	80.00000000000063	
LA_T_6695287_0006	Boundary	True	True			
LA_T_6695287_0006	Interior_A	True	True	79.99999999999918	80.00000000000063	
LA_T_6695287_0006	Interior_B	True	False	0.0	5.551115123125783e-13	incomplete_strict_phone_support_for_nine_point_cpps_trajectory
LA_T_6695287_0012	Boundary	True	True			
LA_T_6695287_0012	Interior_A	True	False	-1.7763568394002505e-12	5.551115123125783e-13	incomplete_strict_phone_support_for_nine_point_cpps_trajectory
LA_T_6695287_0012	Interior_B	True	False	-160.00000000000014	-159.99999999999957	incomplete_strict_phone_support_for_nine_point_cpps_trajectory
LA_T_6695287_0013	Boundary	True	True			
LA_T_6695287_0013	Interior_A	True	False	-160.00000000000014	-159.99999999999957	incomplete_strict_phone_support_for_nine_point_cpps_trajectory
LA_T_6695287_0013	Interior_B	True	True	640.0000000000006	639.9999999999976	
LA_T_6695287_0015	Boundary	True	True			
LA_T_6695287_0015	Interior_A	True	False	-80.00000000000185	-80.0000000000013	incomplete_strict_phone_support_for_nine_point_cpps_trajectory
LA_T_6695287_0015	Interior_B	True	True	160.00000000000014	160.0000000000007	
LA_T_6695287_0016	Boundary	True	False			official_v6_boundary_cpps_invalid_or_incomplete_support
LA_T_6695287_0016	Interior_A	True	True	160.00000000000014	160.0000000000007	
LA_T_6695287_0016	Interior_B	True	True	320.0000000000003	320.00000000000085	
LA_T_6695287_0017	Boundary	True	False			official_v6_boundary_cpps_invalid_or_incomplete_support
LA_T_6695287_0017	Interior_A	True	True	320.0000000000003	320.00000000000085	
LA_T_6695287_0017	Interior_B	True	True	319.9999999999967	320.00000000000085	
LA_T_6695287_0018	Boundary	True	True			
LA_T_6695287_0018	Interior_A	True	True	319.9999999999967	320.00000000000085	
LA_T_6695287_0018	Interior_B	True	False	-160.00000000000014	-159.99999999999957	incomplete_strict_phone_support_for_nine_point_cpps_trajectory
LA_T_6695287_0019	Boundary	True	True			
LA_T_6695287_0019	Interior_A	True	False	-160.00000000000014	-159.99999999999957	incomplete_strict_phone_support_for_nine_point_cpps_trajectory
LA_T_6695287_0019	Interior_B	True	True	559.9999999999987	559.9999999999993	
LA_T_6695287_0021	Boundary	True	True			
LA_T_6695287_0021	Interior_A	True	False	-79.9999999999983	-80.00000000000485	incomplete_strict_phone_support_for_nine_point_cpps_trajectory
LA_T_6695287_0021	Interior_B	True	True	160.0000000000037	159.99999999999716	
LA_T_6695287_0022	Boundary	True	True			
LA_T_6695287_0022	Interior_A	True	True	160.0000000000037	159.99999999999716	
LA_T_6695287_0022	Interior_B	True	True	79.9999999999983	79.99999999999885	
LA_T_6695287_0025	Boundary	True	True			
LA_T_6695287_0025	Interior_A	True	True	320.0000000000003	320.00000000000085	
LA_T_6695287_0025	Interior_B	True	False	-159.9999999999966	-160.00000000000313	incomplete_strict_phone_support_for_nine_point_cpps_trajectory
LA_T_6695287_0028	Boundary	True	False			official_v6_boundary_cpps_invalid_or_incomplete_support
LA_T_6695287_0028	Interior_A	True	True	80.0000000000054	79.99999999999885	
LA_T_6695287_0028	Interior_B	True	True	399.9999999999986	399.99999999999915	
LA_T_6695287_0029	Boundary	True	True			
LA_T_6695287_0029	Interior_A	True	True	399.9999999999986	399.99999999999915	
LA_T_6695287_0029	Interior_B	True	False	-159.9999999999966	-160.00000000000313	incomplete_strict_phone_support_for_nine_point_cpps_trajectory
LA_T_6695287_0030	Boundary	True	True			
LA_T_6695287_0030	Interior_A	True	False	-159.9999999999966	-160.00000000000313	incomplete_strict_phone_support_for_nine_point_cpps_trajectory
LA_T_6695287_0030	Interior_B	True	True	399.9999999999986	399.99999999999915	
LA_T_6695755_0004	Boundary	True	True			
LA_T_6695755_0004	Interior_A	True	False	-159.99999999999926	-159.99999999999957	incomplete_strict_phone_support_for_nine_point_cpps_trajectory
LA_T_6695755_0004	Interior_B	True	True	79.9999999999983	80.00000000000063	
LA_T_6695755_0005	Boundary	True	True			
LA_T_6695755_0005	Interior_A	True	True	79.9999999999983	80.00000000000063	
LA_T_6695755_0005	Interior_B	True	False	-1.7763568394002505e-12	5.551115123125783e-13	incomplete_strict_phone_support_for_nine_point_cpps_trajectory
LA_T_6695755_0006	Boundary	True	True			
LA_T_6695755_0006	Interior_A	True	False	-1.7763568394002505e-12	5.551115123125783e-13	incomplete_strict_phone_support_for_nine_point_cpps_trajectory
LA_T_6695755_0006	Interior_B	True	False	0.0	5.551115123125783e-13	incomplete_strict_phone_support_for_nine_point_cpps_trajectory
LA_T_6695755_0007	Boundary	True	True			
LA_T_6695755_0007	Interior_A	True	False	0.0	5.551115123125783e-13	incomplete_strict_phone_support_for_nine_point_cpps_trajectory
LA_T_6695755_0007	Interior_B	True	True	239.99999999999844	240.00000000000077	
LA_T_6695755_0008	Boundary	True	True			
LA_T_6695755_0008	Interior_A	True	True	239.99999999999844	240.00000000000077	
LA_T_6695755_0008	Interior_B	True	True	479.99999999999864	480.00000000000097	
LA_T_6695755_0013	Boundary	True	False			official_v6_boundary_cpps_invalid_or_incomplete_support
LA_T_6695755_0013	Interior_A	True	True	160.00000000000014	160.0000000000007	
LA_T_6695755_0013	Interior_B	True	False	-80.00000000000185	-79.99999999999774	incomplete_strict_phone_support_for_nine_point_cpps_trajectory
LA_T_6695755_0022	Boundary	True	False			official_v6_boundary_cpps_invalid_or_incomplete_support
LA_T_6695755_0022	Interior_A	True	True	399.9999999999986	399.99999999999915	
LA_T_6695755_0022	Interior_B	True	True	320.0000000000003	320.00000000000085	
LA_T_6695755_0023	Boundary	True	False			official_v6_boundary_cpps_invalid_or_incomplete_support
LA_T_6695755_0023	Interior_A	True	True	320.0000000000003	320.00000000000085	
LA_T_6695755_0023	Interior_B	True	False	-159.9999999999966	-160.00000000000313	incomplete_strict_phone_support_for_nine_point_cpps_trajectory
LA_T_6695755_0030	Boundary	True	True			
LA_T_6695755_0030	Interior_A	True	True	160.0000000000037	159.99999999999716	
LA_T_6695755_0030	Interior_B	True	False	-160.0000000000037	-159.99999999999602	incomplete_strict_phone_support_for_nine_point_cpps_trajectory
LA_T_6695755_0038	Boundary	True	True			
LA_T_6695755_0038	Interior_A	True	False	-160.0000000000037	-160.00000000000313	incomplete_strict_phone_support_for_nine_point_cpps_trajectory
LA_T_6695755_0038	Interior_B	True	False	-79.9999999999983	-79.99999999999774	incomplete_strict_phone_support_for_nine_point_cpps_trajectory
LA_T_6695755_0039	Boundary	True	True			
LA_T_6695755_0039	Interior_A	True	False	-79.9999999999983	-79.99999999999774	incomplete_strict_phone_support_for_nine_point_cpps_trajectory
LA_T_6695755_0039	Interior_B	True	False	0.0	5.551115123125783e-13	incomplete_strict_phone_support_for_nine_point_cpps_trajectory
LA_T_6695755_0040	Boundary	True	True			
LA_T_6695755_0040	Interior_A	True	False	0.0	5.551115123125783e-13	incomplete_strict_phone_support_for_nine_point_cpps_trajectory
LA_T_6695755_0040	Interior_B	True	False	-159.9999999999966	-160.00000000000313	incomplete_strict_phone_support_for_nine_point_cpps_trajectory
LA_T_6699667_0000	Boundary	True	True			
LA_T_6699667_0000	Interior_A	True	True	160.00000000000014	160.0000000000007	
LA_T_6699667_0000	Interior_B	True	False	0.0	5.551115123125783e-13	incomplete_strict_phone_support_for_nine_point_cpps_trajectory
LA_T_6699667_0001	Boundary	True	True			
LA_T_6699667_0001	Interior_A	True	False	0.0	5.551115123125783e-13	incomplete_strict_phone_support_for_nine_point_cpps_trajectory
LA_T_6699667_0001	Interior_B	True	False	0.0	-2.9976021664879227e-12	incomplete_strict_phone_support_for_nine_point_cpps_trajectory
LA_T_6699667_0002	Boundary	True	True			
LA_T_6699667_0002	Interior_A	True	False	0.0	-2.9976021664879227e-12	incomplete_strict_phone_support_for_nine_point_cpps_trajectory
LA_T_6699667_0002	Interior_B	True	True	80.00000000000185	79.99999999999885	
LA_T_6699667_0005	Boundary	True	True			
LA_T_6699667_0005	Interior_A	True	False	-160.00000000000014	-159.99999999999957	incomplete_strict_phone_support_for_nine_point_cpps_trajectory
LA_T_6699667_0005	Interior_B	True	True	79.9999999999983	79.99999999999885	
LA_T_6699667_0006	Boundary	True	False			official_v6_boundary_cpps_invalid_or_incomplete_support
LA_T_6699667_0006	Interior_A	True	True	79.9999999999983	79.99999999999885	
LA_T_6699667_0006	Interior_B	True	True	320.0000000000003	320.00000000000085	
LA_T_6699667_0007	Boundary	True	False			official_v6_boundary_cpps_invalid_or_incomplete_support
LA_T_6699667_0007	Interior_A	True	True	320.0000000000003	320.00000000000085	
LA_T_6699667_0007	Interior_B	True	False	0.0	-2.9976021664879227e-12	incomplete_strict_phone_support_for_nine_point_cpps_trajectory
LA_T_6699667_0008	Boundary	True	True			
LA_T_6699667_0008	Interior_A	True	False	0.0	-2.9976021664879227e-12	incomplete_strict_phone_support_for_nine_point_cpps_trajectory
LA_T_6699667_0008	Interior_B	True	False	-160.00000000000014	-159.99999999999957	incomplete_strict_phone_support_for_nine_point_cpps_trajectory
LA_T_6699667_0011	Boundary	True	True			
LA_T_6699667_0011	Interior_A	True	True	80.00000000000185	79.99999999999885	
LA_T_6699667_0011	Interior_B	True	False	-79.9999999999983	-80.00000000000485	incomplete_strict_phone_support_for_nine_point_cpps_trajectory
LA_T_6699667_0012	Boundary	True	False			official_v6_boundary_cpps_invalid_or_incomplete_support
LA_T_6699667_0012	Interior_A	True	False	-79.9999999999983	-80.00000000000485	incomplete_strict_phone_support_for_nine_point_cpps_trajectory
LA_T_6699667_0012	Interior_B	True	True	80.0000000000054	79.99999999999885	
LA_T_6699667_0015	Boundary	True	True			
LA_T_6699667_0015	Interior_A	True	False	-159.9999999999966	-160.00000000000313	incomplete_strict_phone_support_for_nine_point_cpps_trajectory
LA_T_6699667_0015	Interior_B	True	False	-80.0000000000054	-79.99999999999774	incomplete_strict_phone_support_for_nine_point_cpps_trajectory
LA_T_6699667_0016	Boundary	True	False			official_v6_boundary_cpps_invalid_or_incomplete_support
LA_T_6699667_0016	Interior_A	True	False	-80.0000000000054	-79.99999999999774	incomplete_strict_phone_support_for_nine_point_cpps_trajectory
LA_T_6699667_0016	Interior_B	True	True	79.9999999999983	79.99999999999885	
LA_T_6699667_0017	Boundary	True	False			official_v6_boundary_cpps_invalid_or_incomplete_support
LA_T_6699667_0017	Interior_A	True	True	79.9999999999983	79.99999999999885	
LA_T_6699667_0017	Interior_B	True	True	160.0000000000037	159.99999999999716	
LA_T_6699667_0018	Boundary	True	False			official_v6_boundary_cpps_invalid_or_incomplete_support
LA_T_6699667_0018	Interior_A	True	True	160.0000000000037	159.99999999999716	
LA_T_6699667_0018	Interior_B	True	True	160.0000000000037	159.99999999999716	
LA_T_6699667_0019	Boundary	True	True			
LA_T_6699667_0019	Interior_A	True	True	160.0000000000037	159.99999999999716	
LA_T_6699667_0019	Interior_B	True	True	159.9999999999966	160.00000000000426	
LA_T_6699667_0020	Boundary	True	True			
LA_T_6699667_0020	Interior_A	True	True	159.9999999999966	160.00000000000426	
LA_T_6699667_0020	Interior_B	True	True	399.9999999999986	399.99999999999915	
LA_T_6702083_0001	Boundary	True	False			official_v6_boundary_cpps_invalid_or_incomplete_support
LA_T_6702083_0001	Interior_A	True	False	-8.881784197001252e-13	1.4432899320127035e-12	incomplete_strict_phone_support_for_nine_point_cpps_trajectory
LA_T_6702083_0001	Interior_B	True	False	0.0	5.551115123125783e-13	incomplete_strict_phone_support_for_nine_point_cpps_trajectory
LA_T_6702083_0002	Boundary	True	False			official_v6_boundary_cpps_invalid_or_incomplete_support
LA_T_6702083_0002	Interior_A	True	False	0.0	5.551115123125783e-13	incomplete_strict_phone_support_for_nine_point_cpps_trajectory
LA_T_6702083_0002	Interior_B	True	False	-80.00000000000007	-79.99999999999952	incomplete_strict_phone_support_for_nine_point_cpps_trajectory
LA_T_6702083_0003	Boundary	True	True			
LA_T_6702083_0003	Interior_A	True	False	-80.00000000000007	-79.99999999999952	incomplete_strict_phone_support_for_nine_point_cpps_trajectory
LA_T_6702083_0003	Interior_B	True	False	0.0	-1.2212453270876722e-12	incomplete_strict_phone_support_for_nine_point_cpps_trajectory
LA_T_6702083_0004	Boundary	True	True			
LA_T_6702083_0004	Interior_A	True	False	0.0	-1.2212453270876722e-12	incomplete_strict_phone_support_for_nine_point_cpps_trajectory
LA_T_6702083_0004	Interior_B	True	False	-160.00000000000014	-159.99999999999957	incomplete_strict_phone_support_for_nine_point_cpps_trajectory
LA_T_6702083_0005	Boundary	True	True			
LA_T_6702083_0005	Interior_A	True	False	-160.00000000000014	-159.99999999999957	incomplete_strict_phone_support_for_nine_point_cpps_trajectory
LA_T_6702083_0005	Interior_B	True	True	240.00000000000023	239.999999999999	
LA_T_6702083_0006	Boundary	True	True			
LA_T_6702083_0006	Interior_A	True	True	240.00000000000023	239.999999999999	
LA_T_6702083_0006	Interior_B	True	False	-160.00000000000014	-160.00000000000136	incomplete_strict_phone_support_for_nine_point_cpps_trajectory
LA_T_6702083_0009	Boundary	True	True			
LA_T_6702083_0009	Interior_A	True	False	0.0	-1.2212453270876722e-12	incomplete_strict_phone_support_for_nine_point_cpps_trajectory
LA_T_6702083_0009	Interior_B	True	False	-160.00000000000014	-159.99999999999957	incomplete_strict_phone_support_for_nine_point_cpps_trajectory
LA_T_6702083_0010	Boundary	True	False			official_v6_boundary_cpps_invalid_or_incomplete_support
LA_T_6702083_0010	Interior_A	True	False	-160.00000000000014	-159.99999999999957	incomplete_strict_phone_support_for_nine_point_cpps_trajectory
LA_T_6702083_0010	Interior_B	True	True	80.00000000000185	79.99999999999885	
LA_T_6702083_0015	Boundary	True	True			
LA_T_6702083_0015	Interior_A	True	True	160.00000000000014	160.0000000000007	
LA_T_6702083_0015	Interior_B	True	False	-3.552713678800501e-12	5.551115123125783e-13	incomplete_strict_phone_support_for_nine_point_cpps_trajectory
LA_T_6702083_0016	Boundary	True	True			
LA_T_6702083_0016	Interior_A	True	False	-3.552713678800501e-12	5.551115123125783e-13	incomplete_strict_phone_support_for_nine_point_cpps_trajectory
LA_T_6702083_0016	Interior_B	True	False	-160.00000000000014	-159.99999999999957	incomplete_strict_phone_support_for_nine_point_cpps_trajectory
LA_T_6702083_0017	Boundary	True	False			official_v6_boundary_cpps_invalid_or_incomplete_support
LA_T_6702083_0017	Interior_A	True	False	-160.00000000000014	-159.99999999999957	incomplete_strict_phone_support_for_nine_point_cpps_trajectory
LA_T_6702083_0017	Interior_B	True	True	320.0000000000003	320.00000000000085	
LA_T_6702083_0018	Boundary	True	False			official_v6_boundary_cpps_invalid_or_incomplete_support
LA_T_6702083_0018	Interior_A	True	True	320.0000000000003	320.00000000000085	
LA_T_6702083_0018	Interior_B	True	False	-3.552713678800501e-12	5.551115123125783e-13	incomplete_strict_phone_support_for_nine_point_cpps_trajectory
LA_T_6702083_0027	Boundary	True	False			official_v6_boundary_cpps_invalid_or_incomplete_support
LA_T_6702083_0027	Interior_A	True	False	0.0	5.551115123125783e-13	incomplete_strict_phone_support_for_nine_point_cpps_trajectory
LA_T_6702083_0027	Interior_B	True	True	399.9999999999986	399.99999999999915	
LA_T_6702886_0005	Boundary	True	True			
LA_T_6702886_0005	Interior_A	True	False	-1.7763568394002505e-12	5.551115123125783e-13	incomplete_strict_phone_support_for_nine_point_cpps_trajectory
LA_T_6702886_0005	Interior_B	True	False	-160.00000000000014	-159.99999999999957	incomplete_strict_phone_support_for_nine_point_cpps_trajectory
LA_T_6702886_0006	Boundary	True	True			
LA_T_6702886_0006	Interior_A	True	False	-160.00000000000014	-159.99999999999957	incomplete_strict_phone_support_for_nine_point_cpps_trajectory
LA_T_6702886_0006	Interior_B	True	False	0.0	-1.2212453270876722e-12	incomplete_strict_phone_support_for_nine_point_cpps_trajectory
LA_T_6702886_0007	Boundary	True	True			
LA_T_6702886_0007	Interior_A	True	False	0.0	-1.2212453270876722e-12	incomplete_strict_phone_support_for_nine_point_cpps_trajectory
LA_T_6702886_0007	Interior_B	True	True	320.0000000000003	319.9999999999991	
LA_T_6702886_0008	Boundary	True	False			official_v6_boundary_cpps_invalid_or_incomplete_support
LA_T_6702886_0008	Interior_A	True	True	320.0000000000003	319.9999999999991	
LA_T_6702886_0008	Interior_B	True	False	-80.00000000000185	-79.99999999999774	incomplete_strict_phone_support_for_nine_point_cpps_trajectory
LA_T_6702886_0009	Boundary	True	False			official_v6_boundary_cpps_invalid_or_incomplete_support
LA_T_6702886_0009	Interior_A	True	False	-80.00000000000185	-79.99999999999774	incomplete_strict_phone_support_for_nine_point_cpps_trajectory
LA_T_6702886_0009	Interior_B	True	True	399.9999999999986	399.99999999999915	
LA_T_6702886_0013	Boundary	True	True			
LA_T_6702886_0013	Interior_A	True	False	-160.00000000000014	-159.99999999999957	incomplete_strict_phone_support_for_nine_point_cpps_trajectory
LA_T_6702886_0013	Interior_B	True	False	-160.00000000000014	-160.00000000000313	incomplete_strict_phone_support_for_nine_point_cpps_trajectory
LA_T_6702886_0015	Boundary	True	False			official_v6_boundary_cpps_invalid_or_incomplete_support
LA_T_6702886_0015	Interior_A	True	True	560.0000000000023	559.9999999999993	
LA_T_6702886_0015	Interior_B	True	False	0.0	-2.9976021664879227e-12	incomplete_strict_phone_support_for_nine_point_cpps_trajectory
LA_T_6702886_0016	Boundary	True	True			
LA_T_6702886_0016	Interior_A	True	False	0.0	-2.9976021664879227e-12	incomplete_strict_phone_support_for_nine_point_cpps_trajectory
LA_T_6702886_0016	Interior_B	True	True	160.00000000000014	160.0000000000007	
LA_T_6702886_0017	Boundary	True	True			
LA_T_6702886_0017	Interior_A	True	True	160.00000000000014	160.0000000000007	
LA_T_6702886_0017	Interior_B	True	False	-80.00000000000185	-79.99999999999774	incomplete_strict_phone_support_for_nine_point_cpps_trajectory
LA_T_6702886_0018	Boundary	True	True			
LA_T_6702886_0018	Interior_A	True	False	-80.00000000000185	-79.99999999999774	incomplete_strict_phone_support_for_nine_point_cpps_trajectory
LA_T_6702886_0018	Interior_B	True	True	239.99999999999844	239.999999999999	
LA_T_6702886_0019	Boundary	True	True			
LA_T_6702886_0019	Interior_A	True	True	239.99999999999844	239.999999999999	
LA_T_6702886_0019	Interior_B	True	True	320.0000000000003	319.99999999999727	
LA_T_6702886_0021	Boundary	True	True			
LA_T_6702886_0021	Interior_A	True	False	-159.9999999999966	-160.00000000000313	incomplete_strict_phone_support_for_nine_point_cpps_trajectory
LA_T_6702886_0021	Interior_B	True	False	-160.0000000000037	-159.99999999999602	incomplete_strict_phone_support_for_nine_point_cpps_trajectory
LA_T_6702886_0022	Boundary	True	False			official_v6_boundary_cpps_invalid_or_incomplete_support
LA_T_6702886_0022	Interior_A	True	False	-160.0000000000037	-159.99999999999602	incomplete_strict_phone_support_for_nine_point_cpps_trajectory
LA_T_6702886_0022	Interior_B	True	True	319.9999999999932	320.00000000000085	
LA_T_6702886_0025	Boundary	True	False			official_v6_boundary_cpps_invalid_or_incomplete_support
LA_T_6702886_0025	Interior_A	True	False	0.0	5.551115123125783e-13	incomplete_strict_phone_support_for_nine_point_cpps_trajectory
LA_T_6702886_0025	Interior_B	True	True	159.9999999999966	159.99999999999716	
LA_T_6702886_0028	Boundary	True	False			official_v6_boundary_cpps_invalid_or_incomplete_support
LA_T_6702886_0028	Interior_A	True	False	-79.9999999999983	-79.99999999999774	incomplete_strict_phone_support_for_nine_point_cpps_trajectory
LA_T_6702886_0028	Interior_B	True	True	79.9999999999983	79.99999999999885	
LA_T_6702886_0029	Boundary	True	False			official_v6_boundary_cpps_invalid_or_incomplete_support
LA_T_6702886_0029	Interior_A	True	True	79.9999999999983	79.99999999999885	
LA_T_6702886_0029	Interior_B	True	False	-79.9999999999983	-80.00000000000485	incomplete_strict_phone_support_for_nine_point_cpps_trajectory
LA_T_6702886_0030	Boundary	True	False			official_v6_boundary_cpps_invalid_or_incomplete_support
LA_T_6702886_0030	Interior_A	True	False	-79.9999999999983	-80.00000000000485	incomplete_strict_phone_support_for_nine_point_cpps_trajectory
LA_T_6702886_0030	Interior_B	True	True	320.0000000000003	320.00000000000085	
LA_T_6702886_0031	Boundary	True	False			official_v6_boundary_cpps_invalid_or_incomplete_support
LA_T_6702886_0031	Interior_A	True	True	320.0000000000003	320.00000000000085	
LA_T_6702886_0031	Interior_B	True	False	0.0	5.551115123125783e-13	incomplete_strict_phone_support_for_nine_point_cpps_trajectory
LA_T_6702886_0032	Boundary	True	True			
LA_T_6702886_0032	Interior_A	True	False	0.0	5.551115123125783e-13	incomplete_strict_phone_support_for_nine_point_cpps_trajectory
LA_T_6702886_0032	Interior_B	True	False	-160.0000000000037	-159.99999999999602	incomplete_strict_phone_support_for_nine_point_cpps_trajectory
LA_T_6702886_0033	Boundary	True	False			official_v6_boundary_cpps_invalid_or_incomplete_support
LA_T_6702886_0033	Interior_A	True	False	-160.0000000000037	-159.99999999999602	incomplete_strict_phone_support_for_nine_point_cpps_trajectory
LA_T_6702886_0033	Interior_B	True	True	79.9999999999983	79.99999999999885	
LA_T_6702886_0034	Boundary	True	False			official_v6_boundary_cpps_invalid_or_incomplete_support
LA_T_6702886_0034	Interior_A	True	True	79.9999999999983	79.99999999999885	
LA_T_6702886_0034	Interior_B	True	False	-159.9999999999966	-160.00000000000313	incomplete_strict_phone_support_for_nine_point_cpps_trajectory
LA_T_6702886_0035	Boundary	True	True			
LA_T_6702886_0035	Interior_A	True	False	-159.9999999999966	-160.00000000000313	incomplete_strict_phone_support_for_nine_point_cpps_trajectory
LA_T_6702886_0035	Interior_B	True	False	-160.0000000000037	-159.99999999999602	incomplete_strict_phone_support_for_nine_point_cpps_trajectory
LA_T_6703105_0001	Boundary	True	False			official_v6_boundary_cpps_invalid_or_incomplete_support
LA_T_6703105_0001	Interior_A	True	True	240.000000000002	239.999999999999	
LA_T_6703105_0001	Interior_B	True	True	239.99999999999844	239.999999999999	
LA_T_6703105_0004	Boundary	True	True			
LA_T_6703105_0004	Interior_A	True	False	0.0	5.551115123125783e-13	incomplete_strict_phone_support_for_nine_point_cpps_trajectory
LA_T_6703105_0004	Interior_B	True	False	-160.00000000000014	-159.99999999999957	incomplete_strict_phone_support_for_nine_point_cpps_trajectory
LA_T_6703105_0005	Boundary	True	True			
LA_T_6703105_0005	Interior_A	True	False	-160.00000000000014	-159.99999999999957	incomplete_strict_phone_support_for_nine_point_cpps_trajectory
LA_T_6703105_0005	Interior_B	True	True	239.99999999999844	239.999999999999	
LA_T_6703105_0006	Boundary	True	False			official_v6_boundary_cpps_invalid_or_incomplete_support
LA_T_6703105_0006	Interior_A	True	True	239.99999999999844	239.999999999999	
LA_T_6703105_0006	Interior_B	True	False	0.0	5.551115123125783e-13	incomplete_strict_phone_support_for_nine_point_cpps_trajectory
LA_T_6703105_0007	Boundary	True	False			official_v6_boundary_cpps_invalid_or_incomplete_support
LA_T_6703105_0007	Interior_A	True	False	0.0	5.551115123125783e-13	incomplete_strict_phone_support_for_nine_point_cpps_trajectory
LA_T_6703105_0007	Interior_B	True	False	-160.00000000000014	-159.99999999999957	incomplete_strict_phone_support_for_nine_point_cpps_trajectory
LA_T_6703105_0011	Boundary	True	True			
LA_T_6703105_0011	Interior_A	True	False	-160.00000000000014	-159.99999999999957	incomplete_strict_phone_support_for_nine_point_cpps_trajectory
LA_T_6703105_0011	Interior_B	True	True	159.9999999999966	160.00000000000426	
LA_T_6703105_0012	Boundary	True	False			official_v6_boundary_cpps_invalid_or_incomplete_support
LA_T_6703105_0012	Interior_A	True	True	159.9999999999966	160.00000000000426	
LA_T_6703105_0012	Interior_B	True	True	79.9999999999983	79.99999999999885	
LA_T_6703105_0015	Boundary	True	False			official_v6_boundary_cpps_invalid_or_incomplete_support
LA_T_6703105_0015	Interior_A	True	True	399.9999999999986	399.99999999999915	
LA_T_6703105_0015	Interior_B	True	True	79.9999999999983	79.99999999999885	
LA_T_6703105_0016	Boundary	True	False			official_v6_boundary_cpps_invalid_or_incomplete_support
LA_T_6703105_0016	Interior_A	True	True	79.9999999999983	79.99999999999885	
LA_T_6703105_0016	Interior_B	True	False	-159.9999999999966	-160.00000000000313	incomplete_strict_phone_support_for_nine_point_cpps_trajectory
LA_T_6703105_0017	Boundary	True	False			official_v6_boundary_cpps_invalid_or_incomplete_support
LA_T_6703105_0017	Interior_A	True	False	-159.9999999999966	-160.00000000000313	incomplete_strict_phone_support_for_nine_point_cpps_trajectory
LA_T_6703105_0017	Interior_B	True	True	160.0000000000037	159.99999999999716	
LA_T_6703105_0018	Boundary	True	True			
LA_T_6703105_0018	Interior_A	True	True	160.0000000000037	159.99999999999716	
LA_T_6703105_0018	Interior_B	True	False	-80.0000000000054	-79.99999999999774	incomplete_strict_phone_support_for_nine_point_cpps_trajectory
LA_T_6703105_0019	Boundary	True	False			official_v6_boundary_cpps_invalid_or_incomplete_support
LA_T_6703105_0019	Interior_A	True	False	-80.0000000000054	-79.99999999999774	incomplete_strict_phone_support_for_nine_point_cpps_trajectory
LA_T_6703105_0019	Interior_B	True	True	320.0000000000003	320.00000000000085	
LA_T_6703105_0020	Boundary	True	False			official_v6_boundary_cpps_invalid_or_incomplete_support
LA_T_6703105_0020	Interior_A	True	True	320.0000000000003	320.00000000000085	
LA_T_6703105_0020	Interior_B	True	False	0.0	5.551115123125783e-13	incomplete_strict_phone_support_for_nine_point_cpps_trajectory
LA_T_6703105_0021	Boundary	True	False			official_v6_boundary_cpps_invalid_or_incomplete_support
LA_T_6703105_0021	Interior_A	True	False	0.0	5.551115123125783e-13	incomplete_strict_phone_support_for_nine_point_cpps_trajectory
LA_T_6703105_0021	Interior_B	True	True	320.0000000000003	319.99999999999375	
LA_T_6703105_0022	Boundary	True	False			official_v6_boundary_cpps_invalid_or_incomplete_support
LA_T_6703105_0022	Interior_A	True	True	320.0000000000003	319.99999999999375	
LA_T_6703105_0022	Interior_B	True	True	160.0000000000037	159.99999999999716	
LA_T_6703105_0023	Boundary	True	False			official_v6_boundary_cpps_invalid_or_incomplete_support
LA_T_6703105_0023	Interior_A	True	True	160.0000000000037	159.99999999999716	
LA_T_6703105_0023	Interior_B	True	True	79.9999999999983	80.00000000000595	
LA_T_6705592_0001	Boundary	True	True			
LA_T_6705592_0001	Interior_A	True	False	0.0	5.551115123125783e-13	incomplete_strict_phone_support_for_nine_point_cpps_trajectory
LA_T_6705592_0001	Interior_B	True	True	320.0000000000003	319.9999999999991	
LA_T_6705592_0002	Boundary	True	True			
LA_T_6705592_0002	Interior_A	True	True	320.0000000000003	319.9999999999991	
LA_T_6705592_0002	Interior_B	True	True	560.0000000000005	559.9999999999993	
LA_T_6705592_0003	Boundary	True	True			
LA_T_6705592_0003	Interior_A	True	True	560.0000000000005	559.9999999999993	
LA_T_6705592_0003	Interior_B	True	True	79.9999999999983	80.00000000000063	
LA_T_6705592_0004	Boundary	True	True			
LA_T_6705592_0004	Interior_A	True	True	79.9999999999983	80.00000000000063	
LA_T_6705592_0004	Interior_B	True	True	559.9999999999987	560.000000000001	
LA_T_6705592_0005	Boundary	True	False			official_v6_boundary_cpps_invalid_or_incomplete_support
LA_T_6705592_0005	Interior_A	True	True	559.9999999999987	560.000000000001	
LA_T_6705592_0005	Interior_B	True	True	399.9999999999986	399.99999999999915	
LA_T_6705592_0006	Boundary	True	False			official_v6_boundary_cpps_invalid_or_incomplete_support
LA_T_6705592_0006	Interior_A	True	True	399.9999999999986	399.99999999999915	
LA_T_6705592_0006	Interior_B	True	False	-160.00000000000014	-159.99999999999957	incomplete_strict_phone_support_for_nine_point_cpps_trajectory
LA_T_6705592_0007	Boundary	True	True			
LA_T_6705592_0007	Interior_A	True	False	-160.00000000000014	-159.99999999999957	incomplete_strict_phone_support_for_nine_point_cpps_trajectory
LA_T_6705592_0007	Interior_B	True	True	1519.9999999999995	1520.0	
LA_T_6705592_0009	Boundary	True	False			official_v6_boundary_cpps_invalid_or_incomplete_support
LA_T_6705592_0009	Interior_A	True	True	79.9999999999983	80.0000000000024	
LA_T_6705592_0009	Interior_B	True	True	160.00000000000014	159.99999999999716	
LA_T_6705592_0010	Boundary	True	False			official_v6_boundary_cpps_invalid_or_incomplete_support
LA_T_6705592_0010	Interior_A	True	True	160.00000000000014	159.99999999999716	
LA_T_6705592_0010	Interior_B	True	False	-79.9999999999983	-80.0000000000013	incomplete_strict_phone_support_for_nine_point_cpps_trajectory
LA_T_6705592_0011	Boundary	True	True			
LA_T_6705592_0011	Interior_A	True	False	-79.9999999999983	-80.0000000000013	incomplete_strict_phone_support_for_nine_point_cpps_trajectory
LA_T_6705592_0011	Interior_B	True	False	-3.552713678800501e-12	5.551115123125783e-13	incomplete_strict_phone_support_for_nine_point_cpps_trajectory
LA_T_6705592_0012	Boundary	True	False			official_v6_boundary_cpps_invalid_or_incomplete_support
LA_T_6705592_0012	Interior_A	True	False	-3.552713678800501e-12	5.551115123125783e-13	incomplete_strict_phone_support_for_nine_point_cpps_trajectory
LA_T_6705592_0012	Interior_B	True	True	80.0000000000054	79.99999999999885	
LA_T_6705592_0013	Boundary	True	False			official_v6_boundary_cpps_invalid_or_incomplete_support
LA_T_6705592_0013	Interior_A	True	True	80.0000000000054	79.99999999999885	
LA_T_6705592_0013	Interior_B	True	True	240.000000000002	239.99999999999545	
LA_T_6705592_0014	Boundary	True	True			
LA_T_6705592_0014	Interior_A	True	True	240.000000000002	239.99999999999545	
LA_T_6705592_0014	Interior_B	True	False	0.0	5.551115123125783e-13	incomplete_strict_phone_support_for_nine_point_cpps_trajectory
LA_T_6705592_0015	Boundary	True	True			
LA_T_6705592_0015	Interior_A	True	False	0.0	5.551115123125783e-13	incomplete_strict_phone_support_for_nine_point_cpps_trajectory
LA_T_6705592_0015	Interior_B	True	False	-159.9999999999966	-160.00000000000313	incomplete_strict_phone_support_for_nine_point_cpps_trajectory
LA_T_6705592_0016	Boundary	True	False			official_v6_boundary_cpps_invalid_or_incomplete_support
LA_T_6705592_0016	Interior_A	True	False	-159.9999999999966	-160.00000000000313	incomplete_strict_phone_support_for_nine_point_cpps_trajectory
LA_T_6705592_0016	Interior_B	True	False	0.0	5.551115123125783e-13	incomplete_strict_phone_support_for_nine_point_cpps_trajectory
LA_T_6705592_0019	Boundary	True	False			official_v6_boundary_cpps_invalid_or_incomplete_support
LA_T_6705592_0019	Interior_A	True	True	320.0000000000003	320.00000000000085	
LA_T_6705592_0019	Interior_B	True	True	79.9999999999983	79.99999999999885	
LA_T_6705592_0020	Boundary	True	False			official_v6_boundary_cpps_invalid_or_incomplete_support
LA_T_6705592_0020	Interior_A	True	True	79.9999999999983	79.99999999999885	
LA_T_6705592_0020	Interior_B	True	True	399.9999999999986	399.99999999999915	
LA_T_6705592_0021	Boundary	True	True			
LA_T_6705592_0021	Interior_A	True	True	399.9999999999986	399.99999999999915	
LA_T_6705592_0021	Interior_B	True	True	79.9999999999983	80.00000000000595	
LA_T_6705592_0022	Boundary	True	True			
LA_T_6705592_0022	Interior_A	True	True	79.9999999999983	80.00000000000595	
LA_T_6705592_0022	Interior_B	True	False	-79.9999999999983	-80.00000000000485	incomplete_strict_phone_support_for_nine_point_cpps_trajectory
LA_T_6705592_0023	Boundary	True	True			
LA_T_6705592_0023	Interior_A	True	False	-79.9999999999983	-80.00000000000485	incomplete_strict_phone_support_for_nine_point_cpps_trajectory
LA_T_6705592_0023	Interior_B	True	False	-79.9999999999983	-80.00000000000485	incomplete_strict_phone_support_for_nine_point_cpps_trajectory
LA_T_6705592_0024	Boundary	True	True			
LA_T_6705592_0024	Interior_A	True	False	-79.9999999999983	-80.00000000000485	incomplete_strict_phone_support_for_nine_point_cpps_trajectory
LA_T_6705592_0024	Interior_B	True	False	0.0	5.551115123125783e-13	incomplete_strict_phone_support_for_nine_point_cpps_trajectory
LA_T_6705592_0025	Boundary	True	True			
LA_T_6705592_0025	Interior_A	True	False	0.0	5.551115123125783e-13	incomplete_strict_phone_support_for_nine_point_cpps_trajectory
LA_T_6705592_0025	Interior_B	True	False	0.0	5.551115123125783e-13	incomplete_strict_phone_support_for_nine_point_cpps_trajectory
LA_T_6705592_0026	Boundary	True	False			official_v6_boundary_cpps_invalid_or_incomplete_support
LA_T_6705592_0026	Interior_A	True	False	0.0	5.551115123125783e-13	incomplete_strict_phone_support_for_nine_point_cpps_trajectory
LA_T_6705592_0026	Interior_B	True	True	159.9999999999966	160.00000000000426	
LA_T_6705592_0030	Boundary	True	True			
LA_T_6705592_0030	Interior_A	True	True	399.9999999999986	399.99999999999915	
LA_T_6705592_0030	Interior_B	True	True	719.9999999999989	719.9999999999994	
LA_T_6705753_0006	Boundary	True	True			
LA_T_6705753_0006	Interior_A	True	False	-80.00000000000007	-79.99999999999952	incomplete_strict_phone_support_for_nine_point_cpps_trajectory
LA_T_6705753_0006	Interior_B	True	False	0.0	-1.2212453270876722e-12	incomplete_strict_phone_support_for_nine_point_cpps_trajectory
LA_T_6705753_0007	Boundary	True	False			official_v6_boundary_cpps_invalid_or_incomplete_support
LA_T_6705753_0007	Interior_A	True	False	0.0	-1.2212453270876722e-12	incomplete_strict_phone_support_for_nine_point_cpps_trajectory
LA_T_6705753_0007	Interior_B	True	False	0.0	5.551115123125783e-13	incomplete_strict_phone_support_for_nine_point_cpps_trajectory
LA_T_6705753_0008	Boundary	True	False			official_v6_boundary_cpps_invalid_or_incomplete_support
LA_T_6705753_0008	Interior_A	True	False	0.0	5.551115123125783e-13	incomplete_strict_phone_support_for_nine_point_cpps_trajectory
LA_T_6705753_0008	Interior_B	True	True	879.9999999999973	880.0000000000031	
LA_T_6707276_0000	Boundary	True	False			official_v6_boundary_cpps_invalid_or_incomplete_support
LA_T_6707276_0000	Interior_A	True	True	800.0000000000007	800.0000000000013	
LA_T_6707276_0000	Interior_B	True	False	-160.0000000000037	-159.99999999999957	incomplete_strict_phone_support_for_nine_point_cpps_trajectory
LA_T_6707276_0002	Boundary	True	True			
LA_T_6707276_0002	Interior_A	True	False	-79.9999999999983	-80.0000000000013	incomplete_strict_phone_support_for_nine_point_cpps_trajectory
LA_T_6707276_0002	Interior_B	True	False	-80.00000000000185	-79.99999999999774	incomplete_strict_phone_support_for_nine_point_cpps_trajectory
LA_T_6707276_0003	Boundary	True	False			official_v6_boundary_cpps_invalid_or_incomplete_support
LA_T_6707276_0003	Interior_A	True	False	-80.00000000000185	-79.99999999999774	incomplete_strict_phone_support_for_nine_point_cpps_trajectory
LA_T_6707276_0003	Interior_B	True	False	0.0	-2.9976021664879227e-12	incomplete_strict_phone_support_for_nine_point_cpps_trajectory
LA_T_6707276_0009	Boundary	True	False			official_v6_boundary_cpps_invalid_or_incomplete_support
LA_T_6707276_0009	Interior_A	True	False	-160.0000000000037	-159.99999999999957	incomplete_strict_phone_support_for_nine_point_cpps_trajectory
LA_T_6707276_0009	Interior_B	True	True	80.00000000000185	79.99999999999885	
LA_T_6707276_0010	Boundary	True	False			official_v6_boundary_cpps_invalid_or_incomplete_support
LA_T_6707276_0010	Interior_A	True	True	80.00000000000185	79.99999999999885	
LA_T_6707276_0010	Interior_B	True	False	-79.9999999999983	-80.00000000000485	incomplete_strict_phone_support_for_nine_point_cpps_trajectory
LA_T_6707276_0011	Boundary	True	False			official_v6_boundary_cpps_invalid_or_incomplete_support
LA_T_6707276_0011	Interior_A	True	False	-79.9999999999983	-80.00000000000485	incomplete_strict_phone_support_for_nine_point_cpps_trajectory
LA_T_6707276_0011	Interior_B	True	True	160.0000000000037	159.99999999999716	
LA_T_6707276_0018	Boundary	True	False			official_v6_boundary_cpps_invalid_or_incomplete_support
LA_T_6707276_0018	Interior_A	True	True	240.000000000002	240.00000000000256	
LA_T_6707276_0018	Interior_B	True	True	399.9999999999986	399.99999999999915	
LA_T_6707276_0022	Boundary	True	True			
LA_T_6707276_0022	Interior_A	True	True	399.9999999999986	399.99999999999915	
LA_T_6707276_0022	Interior_B	True	False	-79.9999999999983	-80.00000000000485	incomplete_strict_phone_support_for_nine_point_cpps_trajectory
LA_T_6707276_0025	Boundary	True	False			official_v6_boundary_cpps_invalid_or_incomplete_support
LA_T_6707276_0025	Interior_A	True	True	159.9999999999966	159.99999999999716	
LA_T_6707276_0025	Interior_B	True	False	0.0	5.551115123125783e-13	incomplete_strict_phone_support_for_nine_point_cpps_trajectory
LA_T_6707276_0030	Boundary	True	False			official_v6_boundary_cpps_invalid_or_incomplete_support
LA_T_6707276_0030	Interior_A	True	True	240.000000000002	239.99999999999545	
LA_T_6707276_0030	Interior_B	True	False	-79.9999999999983	-79.99999999999774	incomplete_strict_phone_support_for_nine_point_cpps_trajectory
LA_T_6707276_0031	Boundary	True	False			official_v6_boundary_cpps_invalid_or_incomplete_support
LA_T_6707276_0031	Interior_A	True	False	-79.9999999999983	-79.99999999999774	incomplete_strict_phone_support_for_nine_point_cpps_trajectory
LA_T_6707276_0031	Interior_B	True	True	479.9999999999969	479.99999999999744	
LA_T_6707276_0032	Boundary	True	False			official_v6_boundary_cpps_invalid_or_incomplete_support
LA_T_6707276_0032	Interior_A	True	True	479.9999999999969	479.99999999999744	
LA_T_6707276_0032	Interior_B	True	False	-159.9999999999966	-160.00000000000313	incomplete_strict_phone_support_for_nine_point_cpps_trajectory
LA_T_6707276_0033	Boundary	True	True			
LA_T_6707276_0033	Interior_A	True	False	-159.9999999999966	-160.00000000000313	incomplete_strict_phone_support_for_nine_point_cpps_trajectory
LA_T_6707276_0033	Interior_B	True	True	320.0000000000003	320.00000000000085	
LA_T_6707276_0034	Boundary	True	True			
LA_T_6707276_0034	Interior_A	True	True	320.0000000000003	320.00000000000085	
LA_T_6707276_0034	Interior_B	True	True	960.0000000000009	959.9999999999943	
LA_T_6708206_0003	Boundary	True	False			official_v6_boundary_cpps_invalid_or_incomplete_support
LA_T_6708206_0003	Interior_A	True	True	399.9999999999986	400.0000000000009	
LA_T_6708206_0003	Interior_B	True	False	-1.7763568394002505e-12	5.551115123125783e-13	incomplete_strict_phone_support_for_nine_point_cpps_trajectory
LA_T_6708206_0004	Boundary	True	True			
LA_T_6708206_0004	Interior_A	True	False	-1.7763568394002505e-12	5.551115123125783e-13	incomplete_strict_phone_support_for_nine_point_cpps_trajectory
LA_T_6708206_0004	Interior_B	True	True	399.9999999999986	400.0000000000009	
LA_T_6708206_0005	Boundary	True	True			
LA_T_6708206_0005	Interior_A	True	True	399.9999999999986	400.0000000000009	
LA_T_6708206_0005	Interior_B	True	False	-160.00000000000014	-159.99999999999957	incomplete_strict_phone_support_for_nine_point_cpps_trajectory
LA_T_6708206_0006	Boundary	True	True			
LA_T_6708206_0006	Interior_A	True	False	-160.00000000000014	-159.99999999999957	incomplete_strict_phone_support_for_nine_point_cpps_trajectory
LA_T_6708206_0006	Interior_B	True	True	559.9999999999987	560.000000000001	
LA_T_6708206_0009	Boundary	True	True			
LA_T_6708206_0009	Interior_A	True	False	-160.00000000000014	-159.99999999999957	incomplete_strict_phone_support_for_nine_point_cpps_trajectory
LA_T_6708206_0009	Interior_B	True	False	0.0	-2.9976021664879227e-12	incomplete_strict_phone_support_for_nine_point_cpps_trajectory
LA_T_6708206_0010	Boundary	True	True			
LA_T_6708206_0010	Interior_A	True	False	0.0	-2.9976021664879227e-12	incomplete_strict_phone_support_for_nine_point_cpps_trajectory
LA_T_6708206_0010	Interior_B	True	True	400.00000000000216	399.99999999999915	
LA_T_6708206_0011	Boundary	True	True			
LA_T_6708206_0011	Interior_A	True	True	400.00000000000216	399.99999999999915	
LA_T_6708206_0011	Interior_B	True	False	-160.00000000000014	-159.99999999999957	incomplete_strict_phone_support_for_nine_point_cpps_trajectory
LA_T_6708206_0017	Boundary	True	False			official_v6_boundary_cpps_invalid_or_incomplete_support
LA_T_6708206_0017	Interior_A	True	True	399.9999999999986	399.99999999999915	
LA_T_6708206_0017	Interior_B	True	False	-160.00000000000014	-159.99999999999957	incomplete_strict_phone_support_for_nine_point_cpps_trajectory
LA_T_6708206_0018	Boundary	True	False			official_v6_boundary_cpps_invalid_or_incomplete_support
LA_T_6708206_0018	Interior_A	True	False	-160.00000000000014	-159.99999999999957	incomplete_strict_phone_support_for_nine_point_cpps_trajectory
LA_T_6708206_0018	Interior_B	True	False	-3.552713678800501e-12	5.551115123125783e-13	incomplete_strict_phone_support_for_nine_point_cpps_trajectory
LA_T_6708206_0023	Boundary	True	True			
LA_T_6708206_0023	Interior_A	True	True	79.9999999999983	79.99999999999885	
LA_T_6708206_0023	Interior_B	True	True	160.0000000000037	159.99999999999716	
LA_T_6708206_0024	Boundary	True	False			official_v6_boundary_cpps_invalid_or_incomplete_support
LA_T_6708206_0024	Interior_A	True	True	160.0000000000037	159.99999999999716	
LA_T_6708206_0024	Interior_B	True	True	239.99999999999488	240.00000000000256	
LA_T_6708206_0025	Boundary	True	False			official_v6_boundary_cpps_invalid_or_incomplete_support
LA_T_6708206_0025	Interior_A	True	True	239.99999999999488	240.00000000000256	
LA_T_6708206_0025	Interior_B	True	False	-160.0000000000037	-159.99999999999602	incomplete_strict_phone_support_for_nine_point_cpps_trajectory
LA_T_6708206_0026	Boundary	True	True			
LA_T_6708206_0026	Interior_A	True	False	-160.0000000000037	-159.99999999999602	incomplete_strict_phone_support_for_nine_point_cpps_trajectory
LA_T_6708206_0026	Interior_B	True	True	480.000000000004	479.99999999999744	
LA_T_6710107_0005	Boundary	True	True			
LA_T_6710107_0005	Interior_A	True	False	-160.00000000000014	-159.99999999999957	incomplete_strict_phone_support_for_nine_point_cpps_trajectory
LA_T_6710107_0005	Interior_B	True	False	-80.00000000000185	-79.99999999999952	incomplete_strict_phone_support_for_nine_point_cpps_trajectory
LA_T_6710107_0006	Boundary	True	False			official_v6_boundary_cpps_invalid_or_incomplete_support
LA_T_6710107_0006	Interior_A	True	False	-80.00000000000185	-79.99999999999952	incomplete_strict_phone_support_for_nine_point_cpps_trajectory
LA_T_6710107_0006	Interior_B	True	False	-160.00000000000014	-159.99999999999957	incomplete_strict_phone_support_for_nine_point_cpps_trajectory
LA_T_6710107_0010	Boundary	True	False			official_v6_boundary_cpps_invalid_or_incomplete_support
LA_T_6710107_0010	Interior_A	True	False	0.0	5.551115123125783e-13	incomplete_strict_phone_support_for_nine_point_cpps_trajectory
LA_T_6710107_0010	Interior_B	True	False	-80.00000000000185	-80.0000000000013	incomplete_strict_phone_support_for_nine_point_cpps_trajectory
LA_T_6710107_0011	Boundary	True	False			official_v6_boundary_cpps_invalid_or_incomplete_support
LA_T_6710107_0011	Interior_A	True	False	-80.00000000000185	-80.0000000000013	incomplete_strict_phone_support_for_nine_point_cpps_trajectory
LA_T_6710107_0011	Interior_B	True	True	160.00000000000014	160.0000000000007	
LA_T_6710107_0017	Boundary	True	False			official_v6_boundary_cpps_invalid_or_incomplete_support
LA_T_6710107_0017	Interior_A	True	True	640.0000000000006	640.0000000000011	
LA_T_6710107_0017	Interior_B	True	True	79.9999999999983	79.99999999999885	
LA_T_6710107_0018	Boundary	True	True			
LA_T_6710107_0018	Interior_A	True	True	79.9999999999983	79.99999999999885	
LA_T_6710107_0018	Interior_B	True	False	-79.9999999999983	-80.0000000000013	incomplete_strict_phone_support_for_nine_point_cpps_trajectory
LA_T_6710107_0019	Boundary	True	True			
LA_T_6710107_0019	Interior_A	True	False	-79.9999999999983	-80.0000000000013	incomplete_strict_phone_support_for_nine_point_cpps_trajectory
LA_T_6710107_0019	Interior_B	True	True	160.00000000000014	160.0000000000007	
LA_T_6710107_0027	Boundary	True	True			
LA_T_6710107_0027	Interior_A	True	False	-160.0000000000037	-160.00000000000313	incomplete_strict_phone_support_for_nine_point_cpps_trajectory
LA_T_6710107_0027	Interior_B	True	False	-159.9999999999966	-160.00000000000313	incomplete_strict_phone_support_for_nine_point_cpps_trajectory
LA_T_6710107_0030	Boundary	True	False			official_v6_boundary_cpps_invalid_or_incomplete_support
LA_T_6710107_0030	Interior_A	True	False	0.0	5.551115123125783e-13	incomplete_strict_phone_support_for_nine_point_cpps_trajectory
LA_T_6710107_0030	Interior_B	True	False	0.0	-6.5503158452884236e-12	incomplete_strict_phone_support_for_nine_point_cpps_trajectory
LA_T_6710107_0036	Boundary	True	True			
LA_T_6710107_0036	Interior_A	True	True	79.9999999999983	79.99999999999885	
LA_T_6710107_0036	Interior_B	True	False	-160.0000000000037	-159.99999999999602	incomplete_strict_phone_support_for_nine_point_cpps_trajectory
LA_T_6710107_0037	Boundary	True	True			
LA_T_6710107_0037	Interior_A	True	False	-160.0000000000037	-159.99999999999602	incomplete_strict_phone_support_for_nine_point_cpps_trajectory
LA_T_6710107_0037	Interior_B	True	False	-159.9999999999966	-160.00000000000313	incomplete_strict_phone_support_for_nine_point_cpps_trajectory
LA_T_6710107_0041	Boundary	True	False			official_v6_boundary_cpps_invalid_or_incomplete_support
LA_T_6710107_0041	Interior_A	True	True	80.0000000000054	79.99999999999885	
LA_T_6710107_0041	Interior_B	True	True	1039.999999999999	1039.9999999999995	
LA_T_6711546_0000	Boundary	True	False			official_v6_boundary_cpps_invalid_or_incomplete_support
LA_T_6711546_0000	Interior_A	True	False	-79.99999999999996	-79.99999999999996	incomplete_strict_phone_support_for_nine_point_cpps_trajectory
LA_T_6711546_0000	Interior_B	True	False	-80.00000000000007	-79.99999999999996	incomplete_strict_phone_support_for_nine_point_cpps_trajectory
LA_T_6711546_0001	Boundary	True	False			official_v6_boundary_cpps_invalid_or_incomplete_support
LA_T_6711546_0001	Interior_A	True	False	-80.00000000000007	-79.99999999999996	incomplete_strict_phone_support_for_nine_point_cpps_trajectory
LA_T_6711546_0001	Interior_B	True	False	-160.00000000000014	-160.00000000000003	incomplete_strict_phone_support_for_nine_point_cpps_trajectory
LA_T_6711546_0002	Boundary	True	True			
LA_T_6711546_0002	Interior_A	True	False	-160.00000000000014	-160.00000000000003	incomplete_strict_phone_support_for_nine_point_cpps_trajectory
LA_T_6711546_0002	Interior_B	True	False	-80.00000000000007	-79.99999999999952	incomplete_strict_phone_support_for_nine_point_cpps_trajectory
LA_T_6711546_0007	Boundary	True	False			official_v6_boundary_cpps_invalid_or_incomplete_support
LA_T_6711546_0007	Interior_A	True	False	0.0	-1.2212453270876722e-12	incomplete_strict_phone_support_for_nine_point_cpps_trajectory
LA_T_6711546_0007	Interior_B	True	True	80.00000000000007	79.99999999999885	
LA_T_6711546_0014	Boundary	True	True			
LA_T_6711546_0014	Interior_A	True	True	640.0000000000006	639.9999999999976	
LA_T_6711546_0014	Interior_B	True	True	80.00000000000185	79.99999999999885	
LA_T_6711546_0015	Boundary	True	True			
LA_T_6711546_0015	Interior_A	True	True	80.00000000000185	79.99999999999885	
LA_T_6711546_0015	Interior_B	True	False	-80.00000000000185	-79.99999999999774	incomplete_strict_phone_support_for_nine_point_cpps_trajectory
LA_T_6711546_0016	Boundary	True	True			
LA_T_6711546_0016	Interior_A	True	False	-80.00000000000185	-79.99999999999774	incomplete_strict_phone_support_for_nine_point_cpps_trajectory
LA_T_6711546_0016	Interior_B	True	True	159.9999999999966	160.0000000000007	
LA_T_6713867_0001	Boundary	True	False			official_v6_boundary_cpps_invalid_or_incomplete_support
LA_T_6713867_0001	Interior_A	True	False	-160.00000000000014	-159.99999999999957	incomplete_strict_phone_support_for_nine_point_cpps_trajectory
LA_T_6713867_0001	Interior_B	True	True	239.99999999999844	240.00000000000256	
LA_T_6713867_0004	Boundary	True	True			
LA_T_6713867_0004	Interior_A	True	False	-79.9999999999983	-80.0000000000013	incomplete_strict_phone_support_for_nine_point_cpps_trajectory
LA_T_6713867_0004	Interior_B	True	False	-160.00000000000014	-159.99999999999957	incomplete_strict_phone_support_for_nine_point_cpps_trajectory
LA_T_6713867_0005	Boundary	True	False			official_v6_boundary_cpps_invalid_or_incomplete_support
LA_T_6713867_0005	Interior_A	True	False	-160.00000000000014	-159.99999999999957	incomplete_strict_phone_support_for_nine_point_cpps_trajectory
LA_T_6713867_0005	Interior_B	True	True	79.9999999999983	79.99999999999885	
LA_T_6713867_0008	Boundary	True	False			official_v6_boundary_cpps_invalid_or_incomplete_support
LA_T_6713867_0008	Interior_A	True	False	-160.00000000000014	-159.99999999999957	incomplete_strict_phone_support_for_nine_point_cpps_trajectory
LA_T_6713867_0008	Interior_B	True	False	0.0	5.551115123125783e-13	incomplete_strict_phone_support_for_nine_point_cpps_trajectory
LA_T_6713867_0013	Boundary	True	False			official_v6_boundary_cpps_invalid_or_incomplete_support
LA_T_6713867_0013	Interior_A	True	False	-79.9999999999983	-80.00000000000485	incomplete_strict_phone_support_for_nine_point_cpps_trajectory
LA_T_6713867_0013	Interior_B	True	True	80.0000000000054	79.99999999999885	
LA_T_6713867_0014	Boundary	True	False			official_v6_boundary_cpps_invalid_or_incomplete_support
LA_T_6713867_0014	Interior_A	True	True	80.0000000000054	79.99999999999885	
LA_T_6713867_0014	Interior_B	True	True	320.0000000000003	319.99999999999375	
LA_T_6713867_0015	Boundary	True	True			
LA_T_6713867_0015	Interior_A	True	True	320.0000000000003	319.99999999999375	
LA_T_6713867_0015	Interior_B	True	False	-79.9999999999983	-79.99999999999774	incomplete_strict_phone_support_for_nine_point_cpps_trajectory
LA_T_6713867_0016	Boundary	True	False			official_v6_boundary_cpps_invalid_or_incomplete_support
LA_T_6713867_0016	Interior_A	True	False	-79.9999999999983	-79.99999999999774	incomplete_strict_phone_support_for_nine_point_cpps_trajectory
LA_T_6713867_0016	Interior_B	True	True	159.9999999999966	160.00000000000426	
LA_T_6713867_0024	Boundary	True	True			
LA_T_6713867_0024	Interior_A	True	True	399.9999999999986	399.99999999999915	
LA_T_6713867_0024	Interior_B	True	True	560.0000000000023	559.9999999999957	
LA_T_6716046_0000	Boundary	True	True			
LA_T_6716046_0000	Interior_A	True	True	160.00000000000102	159.99999999999892	
LA_T_6716046_0000	Interior_B	True	False	-80.00000000000007	-79.99999999999952	incomplete_strict_phone_support_for_nine_point_cpps_trajectory
LA_T_6716046_0002	Boundary	True	True			
LA_T_6716046_0002	Interior_A	True	False	-160.00000000000193	-159.99999999999957	incomplete_strict_phone_support_for_nine_point_cpps_trajectory
LA_T_6716046_0002	Interior_B	True	False	-160.00000000000014	-159.99999999999957	incomplete_strict_phone_support_for_nine_point_cpps_trajectory
LA_T_6716046_0003	Boundary	True	True			
LA_T_6716046_0003	Interior_A	True	False	-160.00000000000014	-159.99999999999957	incomplete_strict_phone_support_for_nine_point_cpps_trajectory
LA_T_6716046_0003	Interior_B	True	True	320.0000000000003	319.9999999999991	
LA_T_6716046_0007	Boundary	True	False			official_v6_boundary_cpps_invalid_or_incomplete_support
LA_T_6716046_0007	Interior_A	True	False	0.0	5.551115123125783e-13	incomplete_strict_phone_support_for_nine_point_cpps_trajectory
LA_T_6716046_0007	Interior_B	True	False	0.0	-2.9976021664879227e-12	incomplete_strict_phone_support_for_nine_point_cpps_trajectory
LA_T_6716046_0010	Boundary	True	True			
LA_T_6716046_0010	Interior_A	True	True	80.00000000000185	79.99999999999885	
LA_T_6716046_0010	Interior_B	True	False	-160.00000000000014	-159.99999999999957	incomplete_strict_phone_support_for_nine_point_cpps_trajectory
LA_T_6716046_0026	Boundary	True	True			
LA_T_6716046_0026	Interior_A	True	False	-160.0000000000037	-160.00000000000313	incomplete_strict_phone_support_for_nine_point_cpps_trajectory
LA_T_6716046_0026	Interior_B	True	True	400.0000000000057	399.99999999999915	
LA_T_6716046_0032	Boundary	True	True			
LA_T_6716046_0032	Interior_A	True	True	240.000000000002	239.99999999999545	
LA_T_6716046_0032	Interior_B	True	False	0.0	5.551115123125783e-13	incomplete_strict_phone_support_for_nine_point_cpps_trajectory
LA_T_6716046_0033	Boundary	True	False			official_v6_boundary_cpps_invalid_or_incomplete_support
LA_T_6716046_0033	Interior_A	True	False	0.0	5.551115123125783e-13	incomplete_strict_phone_support_for_nine_point_cpps_trajectory
LA_T_6716046_0033	Interior_B	True	True	79.9999999999983	80.00000000000595	
LA_T_6716046_0034	Boundary	True	False			official_v6_boundary_cpps_invalid_or_incomplete_support
LA_T_6716046_0034	Interior_A	True	True	79.9999999999983	80.00000000000595	
LA_T_6716046_0034	Interior_B	True	False	-160.0000000000037	-160.00000000000313	incomplete_strict_phone_support_for_nine_point_cpps_trajectory
LA_T_6716046_0035	Boundary	True	True			
LA_T_6716046_0035	Interior_A	True	False	-160.0000000000037	-160.00000000000313	incomplete_strict_phone_support_for_nine_point_cpps_trajectory
LA_T_6716046_0035	Interior_B	True	False	-159.9999999999966	-160.00000000000313	incomplete_strict_phone_support_for_nine_point_cpps_trajectory
LA_T_6716046_0036	Boundary	True	True			
LA_T_6716046_0036	Interior_A	True	False	-159.9999999999966	-160.00000000000313	incomplete_strict_phone_support_for_nine_point_cpps_trajectory
LA_T_6716046_0036	Interior_B	True	False	-79.9999999999983	-79.99999999999774	incomplete_strict_phone_support_for_nine_point_cpps_trajectory
LA_T_6716046_0037	Boundary	True	True			
LA_T_6716046_0037	Interior_A	True	False	-79.9999999999983	-79.99999999999774	incomplete_strict_phone_support_for_nine_point_cpps_trajectory
LA_T_6716046_0037	Interior_B	True	True	79.9999999999983	79.99999999999885	
LA_T_6716046_0038	Boundary	True	False			official_v6_boundary_cpps_invalid_or_incomplete_support
LA_T_6716046_0038	Interior_A	True	True	79.9999999999983	79.99999999999885	
LA_T_6716046_0038	Interior_B	True	False	-160.0000000000037	-159.99999999999602	incomplete_strict_phone_support_for_nine_point_cpps_trajectory
LA_T_6716046_0039	Boundary	True	False			official_v6_boundary_cpps_invalid_or_incomplete_support
LA_T_6716046_0039	Interior_A	True	False	-160.0000000000037	-159.99999999999602	incomplete_strict_phone_support_for_nine_point_cpps_trajectory
LA_T_6716046_0039	Interior_B	True	False	0.0	5.551115123125783e-13	incomplete_strict_phone_support_for_nine_point_cpps_trajectory
LA_T_6716046_0043	Boundary	True	True			
LA_T_6716046_0043	Interior_A	True	False	0.0	5.551115123125783e-13	incomplete_strict_phone_support_for_nine_point_cpps_trajectory
LA_T_6716046_0043	Interior_B	True	False	-160.0000000000037	-159.99999999999602	incomplete_strict_phone_support_for_nine_point_cpps_trajectory
LA_T_6716046_0046	Boundary	True	True			
LA_T_6716046_0046	Interior_A	True	False	-159.9999999999966	-160.00000000000313	incomplete_strict_phone_support_for_nine_point_cpps_trajectory
LA_T_6716046_0046	Interior_B	True	False	0.0	5.551115123125783e-13	incomplete_strict_phone_support_for_nine_point_cpps_trajectory
LA_T_6716046_0047	Boundary	True	False			official_v6_boundary_cpps_invalid_or_incomplete_support
LA_T_6716046_0047	Interior_A	True	False	0.0	5.551115123125783e-13	incomplete_strict_phone_support_for_nine_point_cpps_trajectory
LA_T_6716046_0047	Interior_B	True	False	-79.9999999999983	-80.00000000000485	incomplete_strict_phone_support_for_nine_point_cpps_trajectory
LA_T_6716046_0051	Boundary	True	False			official_v6_boundary_cpps_invalid_or_incomplete_support
LA_T_6716046_0051	Interior_A	True	False	-160.0000000000037	-159.99999999999602	incomplete_strict_phone_support_for_nine_point_cpps_trajectory
LA_T_6716046_0051	Interior_B	True	False	-80.0000000000054	-79.99999999999774	incomplete_strict_phone_support_for_nine_point_cpps_trajectory
LA_T_6716046_0052	Boundary	True	True			
LA_T_6716046_0052	Interior_A	True	False	-80.0000000000054	-79.99999999999774	incomplete_strict_phone_support_for_nine_point_cpps_trajectory
LA_T_6716046_0052	Interior_B	True	False	0.0	5.551115123125783e-13	incomplete_strict_phone_support_for_nine_point_cpps_trajectory
LA_T_6716046_0056	Boundary	True	False			official_v6_boundary_cpps_invalid_or_incomplete_support
LA_T_6716046_0056	Interior_A	True	False	-80.0000000000125	-79.99999999999774	incomplete_strict_phone_support_for_nine_point_cpps_trajectory
LA_T_6716046_0056	Interior_B	True	True	320.0000000000074	319.99999999999375	
LA_T_6716046_0057	Boundary	True	False			official_v6_boundary_cpps_invalid_or_incomplete_support
LA_T_6716046_0057	Interior_A	True	True	320.0000000000074	319.99999999999375	
LA_T_6716046_0057	Interior_B	True	False	-159.9999999999966	-159.99999999999602	incomplete_strict_phone_support_for_nine_point_cpps_trajectory
LA_T_6716046_0060	Boundary	True	False			official_v6_boundary_cpps_invalid_or_incomplete_support
LA_T_6716046_0060	Interior_A	True	False	-79.9999999999983	-79.99999999999774	incomplete_strict_phone_support_for_nine_point_cpps_trajectory
LA_T_6716046_0060	Interior_B	True	False	-79.9999999999983	-80.00000000001195	incomplete_strict_phone_support_for_nine_point_cpps_trajectory
LA_T_6716046_0061	Boundary	True	False			official_v6_boundary_cpps_invalid_or_incomplete_support
LA_T_6716046_0061	Interior_A	True	False	-79.9999999999983	-80.00000000001195	incomplete_strict_phone_support_for_nine_point_cpps_trajectory
LA_T_6716046_0061	Interior_B	True	False	-79.9999999999983	-79.99999999999774	incomplete_strict_phone_support_for_nine_point_cpps_trajectory
LA_T_6716046_0064	Boundary	True	True			
LA_T_6716046_0064	Interior_A	True	True	320.0000000000074	319.99999999999375	
LA_T_6716046_0064	Interior_B	True	False	-159.9999999999966	-160.00000000001023	incomplete_strict_phone_support_for_nine_point_cpps_trajectory
LA_T_6716046_0065	Boundary	True	True			
LA_T_6716046_0065	Interior_A	True	False	-159.9999999999966	-160.00000000001023	incomplete_strict_phone_support_for_nine_point_cpps_trajectory
LA_T_6716046_0065	Interior_B	True	False	0.0	5.551115123125783e-13	incomplete_strict_phone_support_for_nine_point_cpps_trajectory
LA_T_6716046_0066	Boundary	True	True			
LA_T_6716046_0066	Interior_A	True	False	0.0	5.551115123125783e-13	incomplete_strict_phone_support_for_nine_point_cpps_trajectory
LA_T_6716046_0066	Interior_B	True	True	320.0000000000074	319.99999999999375	
LA_T_6716046_0068	Boundary	True	True			
LA_T_6716046_0068	Interior_A	True	False	-159.9999999999966	-159.99999999999602	incomplete_strict_phone_support_for_nine_point_cpps_trajectory
LA_T_6716046_0068	Interior_B	True	False	-160.0000000000108	-159.99999999999602	incomplete_strict_phone_support_for_nine_point_cpps_trajectory
LA_T_6716046_0074	Boundary	True	True			
LA_T_6716046_0074	Interior_A	True	True	160.0000000000108	159.99999999999716	
LA_T_6716046_0074	Interior_B	True	False	-159.9999999999966	-160.00000000001023	incomplete_strict_phone_support_for_nine_point_cpps_trajectory
LA_T_6716046_0077	Boundary	True	True			
LA_T_6716046_0077	Interior_A	True	False	-160.0000000000108	-159.99999999999602	incomplete_strict_phone_support_for_nine_point_cpps_trajectory
LA_T_6716046_0077	Interior_B	True	False	0.0	5.551115123125783e-13	incomplete_strict_phone_support_for_nine_point_cpps_trajectory
LA_T_6716046_0078	Boundary	True	False			official_v6_boundary_cpps_invalid_or_incomplete_support
LA_T_6716046_0078	Interior_A	True	False	0.0	5.551115123125783e-13	incomplete_strict_phone_support_for_nine_point_cpps_trajectory
LA_T_6716046_0078	Interior_B	True	False	0.0	5.551115123125783e-13	incomplete_strict_phone_support_for_nine_point_cpps_trajectory
LA_T_6716046_0082	Boundary	True	False			official_v6_boundary_cpps_invalid_or_incomplete_support
LA_T_6716046_0082	Interior_A	True	False	-159.9999999999966	-160.00000000001023	incomplete_strict_phone_support_for_nine_point_cpps_trajectory
LA_T_6716046_0082	Interior_B	True	False	-159.9999999999966	-159.99999999999602	incomplete_strict_phone_support_for_nine_point_cpps_trajectory
LA_T_6716046_0083	Boundary	True	True			
LA_T_6716046_0083	Interior_A	True	False	-159.9999999999966	-159.99999999999602	incomplete_strict_phone_support_for_nine_point_cpps_trajectory
LA_T_6716046_0083	Interior_B	True	False	-160.0000000000108	-159.99999999999602	incomplete_strict_phone_support_for_nine_point_cpps_trajectory
LA_T_6716046_0084	Boundary	True	True			
LA_T_6716046_0084	Interior_A	True	False	-160.0000000000108	-159.99999999999602	incomplete_strict_phone_support_for_nine_point_cpps_trajectory
LA_T_6716046_0084	Interior_B	True	False	-79.9999999999983	-79.99999999999774	incomplete_strict_phone_support_for_nine_point_cpps_trajectory
LA_T_6716046_0087	Boundary	True	False			official_v6_boundary_cpps_invalid_or_incomplete_support
LA_T_6716046_0087	Interior_A	True	False	-160.0000000000108	-159.99999999999602	incomplete_strict_phone_support_for_nine_point_cpps_trajectory
LA_T_6716046_0087	Interior_B	True	True	159.9999999999966	160.00000000001137	
LA_T_6716046_0093	Boundary	True	False			official_v6_boundary_cpps_invalid_or_incomplete_support
LA_T_6716046_0093	Interior_A	True	True	79.9999999999983	79.99999999999885	
LA_T_6716046_0093	Interior_B	True	True	80.0000000000125	79.99999999999885	
LA_T_6716046_0094	Boundary	True	False			official_v6_boundary_cpps_invalid_or_incomplete_support
LA_T_6716046_0094	Interior_A	True	True	80.0000000000125	79.99999999999885	
LA_T_6716046_0094	Interior_B	True	True	79.9999999999983	79.99999999999885	
LA_T_6716046_0095	Boundary	True	True			
LA_T_6716046_0095	Interior_A	True	True	79.9999999999983	79.99999999999885	
LA_T_6716046_0095	Interior_B	True	False	0.0	5.551115123125783e-13	incomplete_strict_phone_support_for_nine_point_cpps_trajectory
LA_T_6716046_0096	Boundary	True	True			
LA_T_6716046_0096	Interior_A	True	False	0.0	5.551115123125783e-13	incomplete_strict_phone_support_for_nine_point_cpps_trajectory
LA_T_6716046_0096	Interior_B	True	False	-160.0000000000108	-159.99999999999602	incomplete_strict_phone_support_for_nine_point_cpps_trajectory
LA_T_6716046_0098	Boundary	True	True			
LA_T_6716046_0098	Interior_A	True	False	-79.9999999999983	-79.99999999999774	incomplete_strict_phone_support_for_nine_point_cpps_trajectory
LA_T_6716046_0098	Interior_B	True	False	-79.9999999999983	-80.00000000001195	incomplete_strict_phone_support_for_nine_point_cpps_trajectory
LA_T_6716046_0101	Boundary	True	True			
LA_T_6716046_0101	Interior_A	True	True	400.0000000000057	400.00000000000625	
LA_T_6716046_0101	Interior_B	True	False	-79.9999999999983	-80.00000000001195	incomplete_strict_phone_support_for_nine_point_cpps_trajectory
LA_T_6716046_0102	Boundary	True	True			
LA_T_6716046_0102	Interior_A	True	False	-79.9999999999983	-80.00000000001195	incomplete_strict_phone_support_for_nine_point_cpps_trajectory
LA_T_6716046_0102	Interior_B	True	False	-159.9999999999966	-159.99999999999602	incomplete_strict_phone_support_for_nine_point_cpps_trajectory
LA_T_6716046_0106	Boundary	True	False			official_v6_boundary_cpps_invalid_or_incomplete_support
LA_T_6716046_0106	Interior_A	True	True	319.9999999999932	320.00000000000796	
LA_T_6716046_0106	Interior_B	True	True	719.9999999999989	720.0000000000136	
LA_T_6716713_0008	Boundary	True	True			
LA_T_6716713_0008	Interior_A	True	False	-160.00000000000014	-159.99999999999957	incomplete_strict_phone_support_for_nine_point_cpps_trajectory
LA_T_6716713_0008	Interior_B	True	False	0.0	-1.2212453270876722e-12	incomplete_strict_phone_support_for_nine_point_cpps_trajectory
LA_T_6716713_0009	Boundary	True	False			official_v6_boundary_cpps_invalid_or_incomplete_support
LA_T_6716713_0009	Interior_A	True	False	0.0	-1.2212453270876722e-12	incomplete_strict_phone_support_for_nine_point_cpps_trajectory
LA_T_6716713_0009	Interior_B	True	True	400.00000000000034	399.99999999999915	
LA_T_6716713_0013	Boundary	True	True			
LA_T_6716713_0013	Interior_A	True	False	-160.00000000000014	-159.99999999999957	incomplete_strict_phone_support_for_nine_point_cpps_trajectory
LA_T_6716713_0013	Interior_B	True	True	79.9999999999983	79.99999999999885	
LA_T_6716713_0014	Boundary	True	False			official_v6_boundary_cpps_invalid_or_incomplete_support
LA_T_6716713_0014	Interior_A	True	True	79.9999999999983	79.99999999999885	
LA_T_6716713_0014	Interior_B	True	True	239.99999999999844	240.00000000000256	
LA_T_6716713_0019	Boundary	True	True			
LA_T_6716713_0019	Interior_A	True	False	-160.00000000000014	-159.99999999999957	incomplete_strict_phone_support_for_nine_point_cpps_trajectory
LA_T_6716713_0019	Interior_B	True	True	79.9999999999983	80.0000000000024	
LA_T_6716713_0020	Boundary	True	True			
LA_T_6716713_0020	Interior_A	True	True	79.9999999999983	80.0000000000024	
LA_T_6716713_0020	Interior_B	True	True	239.99999999999844	239.999999999999	
LA_T_6716713_0024	Boundary	True	True			
LA_T_6716713_0024	Interior_A	True	False	-80.00000000000185	-79.99999999999774	incomplete_strict_phone_support_for_nine_point_cpps_trajectory
LA_T_6716713_0024	Interior_B	True	True	79.9999999999983	79.99999999999885	
LA_T_6716713_0025	Boundary	True	False			official_v6_boundary_cpps_invalid_or_incomplete_support
LA_T_6716713_0025	Interior_A	True	True	79.9999999999983	79.99999999999885	
LA_T_6716713_0025	Interior_B	True	True	160.00000000000014	159.99999999999716	
LA_T_6716713_0026	Boundary	True	False			official_v6_boundary_cpps_invalid_or_incomplete_support
LA_T_6716713_0026	Interior_A	True	True	160.00000000000014	159.99999999999716	
LA_T_6716713_0026	Interior_B	True	True	400.0000000000057	399.99999999999915	
LA_T_6718805_0000	Boundary	True	False			official_v6_boundary_cpps_invalid_or_incomplete_support
LA_T_6718805_0000	Interior_A	True	True	160.00000000000014	159.9999999999998	
LA_T_6718805_0000	Interior_B	True	False	0.0	5.551115123125783e-13	incomplete_strict_phone_support_for_nine_point_cpps_trajectory
LA_T_6718805_0001	Boundary	True	False			official_v6_boundary_cpps_invalid_or_incomplete_support
LA_T_6718805_0001	Interior_A	True	False	0.0	5.551115123125783e-13	incomplete_strict_phone_support_for_nine_point_cpps_trajectory
LA_T_6718805_0001	Interior_B	True	True	160.00000000000014	159.99999999999892	
LA_T_6718805_0002	Boundary	True	True			
LA_T_6718805_0002	Interior_A	True	True	160.00000000000014	159.99999999999892	
LA_T_6718805_0002	Interior_B	True	False	-160.00000000000014	-159.99999999999957	incomplete_strict_phone_support_for_nine_point_cpps_trajectory
LA_T_6718805_0004	Boundary	True	True			
LA_T_6718805_0004	Interior_A	True	False	-160.00000000000193	-159.99999999999957	incomplete_strict_phone_support_for_nine_point_cpps_trajectory
LA_T_6718805_0004	Interior_B	True	False	-160.00000000000014	-159.99999999999957	incomplete_strict_phone_support_for_nine_point_cpps_trajectory
LA_T_6718805_0005	Boundary	True	True			
LA_T_6718805_0005	Interior_A	True	False	-160.00000000000014	-159.99999999999957	incomplete_strict_phone_support_for_nine_point_cpps_trajectory
LA_T_6718805_0005	Interior_B	True	False	0.0	-1.2212453270876722e-12	incomplete_strict_phone_support_for_nine_point_cpps_trajectory
LA_T_6718805_0006	Boundary	True	True			
LA_T_6718805_0006	Interior_A	True	False	0.0	-1.2212453270876722e-12	incomplete_strict_phone_support_for_nine_point_cpps_trajectory
LA_T_6718805_0006	Interior_B	True	True	400.00000000000034	399.99999999999915	
LA_T_6718805_0007	Boundary	True	True			
LA_T_6718805_0007	Interior_A	True	True	400.00000000000034	399.99999999999915	
LA_T_6718805_0007	Interior_B	True	False	-80.00000000000185	-79.99999999999774	incomplete_strict_phone_support_for_nine_point_cpps_trajectory
LA_T_6718805_0008	Boundary	True	True			
LA_T_6718805_0008	Interior_A	True	False	-80.00000000000185	-79.99999999999774	incomplete_strict_phone_support_for_nine_point_cpps_trajectory
LA_T_6718805_0008	Interior_B	True	False	-160.00000000000014	-160.00000000000313	incomplete_strict_phone_support_for_nine_point_cpps_trajectory
LA_T_6718805_0013	Boundary	True	True			
LA_T_6718805_0013	Interior_A	True	False	0.0	5.551115123125783e-13	incomplete_strict_phone_support_for_nine_point_cpps_trajectory
LA_T_6718805_0013	Interior_B	True	True	159.9999999999966	160.0000000000007	
LA_T_6718805_0014	Boundary	True	True			
LA_T_6718805_0014	Interior_A	True	True	159.9999999999966	160.0000000000007	
LA_T_6718805_0014	Interior_B	True	True	719.9999999999989	720.000000000003	
LA_T_6718805_0018	Boundary	True	True			
LA_T_6718805_0018	Interior_A	True	False	-160.00000000000014	-159.99999999999957	incomplete_strict_phone_support_for_nine_point_cpps_trajectory
LA_T_6718805_0018	Interior_B	True	False	-160.00000000000014	-159.99999999999957	incomplete_strict_phone_support_for_nine_point_cpps_trajectory
LA_T_6718805_0019	Boundary	True	True			
LA_T_6718805_0019	Interior_A	True	False	-160.00000000000014	-159.99999999999957	incomplete_strict_phone_support_for_nine_point_cpps_trajectory
LA_T_6718805_0019	Interior_B	True	True	479.9999999999969	479.99999999999744	
LA_T_6718805_0020	Boundary	True	False			official_v6_boundary_cpps_invalid_or_incomplete_support
LA_T_6718805_0020	Interior_A	True	True	479.9999999999969	479.99999999999744	
LA_T_6718805_0020	Interior_B	True	True	560.0000000000023	560.0000000000028	
LA_T_6720010_0000	Boundary	True	True			
LA_T_6720010_0000	Interior_A	True	False	-160.00000000000014	-159.99999999999957	incomplete_strict_phone_support_for_nine_point_cpps_trajectory
LA_T_6720010_0000	Interior_B	True	False	-160.0000000000037	-159.99999999999957	incomplete_strict_phone_support_for_nine_point_cpps_trajectory
LA_T_6720010_0002	Boundary	True	True			
LA_T_6720010_0002	Interior_A	True	True	160.00000000000014	160.0000000000007	
LA_T_6720010_0002	Interior_B	True	False	-160.00000000000014	-159.99999999999957	incomplete_strict_phone_support_for_nine_point_cpps_trajectory
LA_T_6720010_0003	Boundary	True	False			official_v6_boundary_cpps_invalid_or_incomplete_support
LA_T_6720010_0003	Interior_A	True	False	-160.00000000000014	-159.99999999999957	incomplete_strict_phone_support_for_nine_point_cpps_trajectory
LA_T_6720010_0003	Interior_B	True	True	159.9999999999966	160.0000000000007	
LA_T_6720010_0004	Boundary	True	False			official_v6_boundary_cpps_invalid_or_incomplete_support
LA_T_6720010_0004	Interior_A	True	True	159.9999999999966	160.0000000000007	
LA_T_6720010_0004	Interior_B	True	False	0.0	5.551115123125783e-13	incomplete_strict_phone_support_for_nine_point_cpps_trajectory
LA_T_6720010_0005	Boundary	True	False			official_v6_boundary_cpps_invalid_or_incomplete_support
LA_T_6720010_0005	Interior_A	True	False	0.0	5.551115123125783e-13	incomplete_strict_phone_support_for_nine_point_cpps_trajectory
LA_T_6720010_0005	Interior_B	True	True	239.99999999999844	240.00000000000256	
LA_T_6720010_0007	Boundary	True	True			
LA_T_6720010_0007	Interior_A	True	False	-160.0000000000037	-159.99999999999957	incomplete_strict_phone_support_for_nine_point_cpps_trajectory
LA_T_6720010_0007	Interior_B	True	False	-160.00000000000014	-159.99999999999957	incomplete_strict_phone_support_for_nine_point_cpps_trajectory
LA_T_6720010_0010	Boundary	True	True			
LA_T_6720010_0010	Interior_A	True	False	-79.9999999999983	-80.00000000000485	incomplete_strict_phone_support_for_nine_point_cpps_trajectory
LA_T_6720010_0010	Interior_B	True	False	-79.9999999999983	-79.99999999999774	incomplete_strict_phone_support_for_nine_point_cpps_trajectory
LA_T_6720010_0011	Boundary	True	True			
LA_T_6720010_0011	Interior_A	True	False	-79.9999999999983	-79.99999999999774	incomplete_strict_phone_support_for_nine_point_cpps_trajectory
LA_T_6720010_0011	Interior_B	True	False	-80.0000000000054	-79.99999999999774	incomplete_strict_phone_support_for_nine_point_cpps_trajectory
LA_T_6720010_0012	Boundary	True	False			official_v6_boundary_cpps_invalid_or_incomplete_support
LA_T_6720010_0012	Interior_A	True	False	-80.0000000000054	-79.99999999999774	incomplete_strict_phone_support_for_nine_point_cpps_trajectory
LA_T_6720010_0012	Interior_B	True	True	240.000000000002	239.99999999999545	
LA_T_6720010_0013	Boundary	True	False			official_v6_boundary_cpps_invalid_or_incomplete_support
LA_T_6720010_0013	Interior_A	True	True	240.000000000002	239.99999999999545	
LA_T_6720010_0013	Interior_B	True	False	-159.9999999999966	-160.00000000000313	incomplete_strict_phone_support_for_nine_point_cpps_trajectory
LA_T_6720010_0016	Boundary	True	True			
LA_T_6720010_0016	Interior_A	True	False	-159.9999999999966	-160.00000000000313	incomplete_strict_phone_support_for_nine_point_cpps_trajectory
LA_T_6720010_0016	Interior_B	True	False	0.0	5.551115123125783e-13	incomplete_strict_phone_support_for_nine_point_cpps_trajectory
LA_T_6720010_0019	Boundary	True	True			
LA_T_6720010_0019	Interior_A	True	False	0.0	5.551115123125783e-13	incomplete_strict_phone_support_for_nine_point_cpps_trajectory
LA_T_6720010_0019	Interior_B	True	False	-160.0000000000037	-159.99999999999602	incomplete_strict_phone_support_for_nine_point_cpps_trajectory
LA_T_6720010_0020	Boundary	True	False			official_v6_boundary_cpps_invalid_or_incomplete_support
LA_T_6720010_0020	Interior_A	True	False	-160.0000000000037	-159.99999999999602	incomplete_strict_phone_support_for_nine_point_cpps_trajectory
LA_T_6720010_0020	Interior_B	True	False	-159.9999999999966	-160.00000000000313	incomplete_strict_phone_support_for_nine_point_cpps_trajectory
LA_T_6720010_0021	Boundary	True	False			official_v6_boundary_cpps_invalid_or_incomplete_support
LA_T_6720010_0021	Interior_A	True	False	-159.9999999999966	-160.00000000000313	incomplete_strict_phone_support_for_nine_point_cpps_trajectory
LA_T_6720010_0021	Interior_B	True	False	-80.0000000000054	-79.99999999999774	incomplete_strict_phone_support_for_nine_point_cpps_trajectory
LA_T_6720010_0022	Boundary	True	True			
LA_T_6720010_0022	Interior_A	True	False	-80.0000000000054	-79.99999999999774	incomplete_strict_phone_support_for_nine_point_cpps_trajectory
LA_T_6720010_0022	Interior_B	True	False	0.0	5.551115123125783e-13	incomplete_strict_phone_support_for_nine_point_cpps_trajectory
LA_T_6720010_0023	Boundary	True	True			
LA_T_6720010_0023	Interior_A	True	False	0.0	5.551115123125783e-13	incomplete_strict_phone_support_for_nine_point_cpps_trajectory
LA_T_6720010_0023	Interior_B	True	False	-79.9999999999983	-80.00000000000485	incomplete_strict_phone_support_for_nine_point_cpps_trajectory
LA_T_6720010_0024	Boundary	True	False			official_v6_boundary_cpps_invalid_or_incomplete_support
LA_T_6720010_0024	Interior_A	True	False	-79.9999999999983	-80.00000000000485	incomplete_strict_phone_support_for_nine_point_cpps_trajectory
LA_T_6720010_0024	Interior_B	True	False	-79.9999999999983	-79.99999999999774	incomplete_strict_phone_support_for_nine_point_cpps_trajectory
LA_T_6720010_0025	Boundary	True	False			official_v6_boundary_cpps_invalid_or_incomplete_support
LA_T_6720010_0025	Interior_A	True	False	-79.9999999999983	-79.99999999999774	incomplete_strict_phone_support_for_nine_point_cpps_trajectory
LA_T_6720010_0025	Interior_B	True	True	79.9999999999983	79.99999999999885	
LA_T_6720010_0026	Boundary	True	False			official_v6_boundary_cpps_invalid_or_incomplete_support
LA_T_6720010_0026	Interior_A	True	True	79.9999999999983	79.99999999999885	
LA_T_6720010_0026	Interior_B	True	False	-160.0000000000037	-159.99999999999602	incomplete_strict_phone_support_for_nine_point_cpps_trajectory
LA_T_6720010_0027	Boundary	True	False			official_v6_boundary_cpps_invalid_or_incomplete_support
LA_T_6720010_0027	Interior_A	True	False	-160.0000000000037	-159.99999999999602	incomplete_strict_phone_support_for_nine_point_cpps_trajectory
LA_T_6720010_0027	Interior_B	True	False	0.0	5.551115123125783e-13	incomplete_strict_phone_support_for_nine_point_cpps_trajectory
LA_T_6720010_0031	Boundary	True	False			official_v6_boundary_cpps_invalid_or_incomplete_support
LA_T_6720010_0031	Interior_A	True	True	240.000000000002	239.99999999999545	
LA_T_6720010_0031	Interior_B	True	True	320.0000000000003	320.00000000000085	
LA_T_6720010_0036	Boundary	True	False			official_v6_boundary_cpps_invalid_or_incomplete_support
LA_T_6720010_0036	Interior_A	True	True	320.0000000000003	320.00000000000085	
LA_T_6720010_0036	Interior_B	True	True	479.9999999999969	480.00000000000455	
LA_T_6720010_0043	Boundary	True	False			official_v6_boundary_cpps_invalid_or_incomplete_support
LA_T_6720010_0043	Interior_A	True	True	239.99999999999488	239.99999999999545	
LA_T_6720010_0043	Interior_B	True	True	480.000000000004	480.00000000000455	
LA_T_6720010_0044	Boundary	True	True			
LA_T_6720010_0044	Interior_A	True	True	480.000000000004	480.00000000000455	
LA_T_6720010_0044	Interior_B	True	True	239.99999999999488	239.99999999999545	
LA_T_6720010_0045	Boundary	True	True			
LA_T_6720010_0045	Interior_A	True	True	239.99999999999488	239.99999999999545	
LA_T_6720010_0045	Interior_B	True	True	320.0000000000074	319.99999999999375	
LA_T_6720491_0000	Boundary	True	True			
LA_T_6720491_0000	Interior_A	True	False	-80.00000000000007	-79.99999999999952	incomplete_strict_phone_support_for_nine_point_cpps_trajectory
LA_T_6720491_0000	Interior_B	True	False	-160.00000000000014	-159.99999999999957	incomplete_strict_phone_support_for_nine_point_cpps_trajectory
LA_T_6720491_0002	Boundary	True	False			official_v6_boundary_cpps_invalid_or_incomplete_support
LA_T_6720491_0002	Interior_A	True	False	-160.00000000000014	-159.99999999999957	incomplete_strict_phone_support_for_nine_point_cpps_trajectory
LA_T_6720491_0002	Interior_B	True	False	-160.00000000000014	-160.00000000000136	incomplete_strict_phone_support_for_nine_point_cpps_trajectory
LA_T_6720491_0005	Boundary	True	False			official_v6_boundary_cpps_invalid_or_incomplete_support
LA_T_6720491_0005	Interior_A	True	False	-80.00000000000007	-80.0000000000013	incomplete_strict_phone_support_for_nine_point_cpps_trajectory
LA_T_6720491_0005	Interior_B	True	True	320.0000000000003	320.00000000000085	
LA_T_6720491_0008	Boundary	True	True			
LA_T_6720491_0008	Interior_A	True	False	-80.00000000000007	-79.99999999999952	incomplete_strict_phone_support_for_nine_point_cpps_trajectory
LA_T_6720491_0008	Interior_B	True	False	-1.7763568394002505e-12	5.551115123125783e-13	incomplete_strict_phone_support_for_nine_point_cpps_trajectory
LA_T_6720491_0009	Boundary	True	True			
LA_T_6720491_0009	Interior_A	True	False	-1.7763568394002505e-12	5.551115123125783e-13	incomplete_strict_phone_support_for_nine_point_cpps_trajectory
LA_T_6720491_0009	Interior_B	True	True	399.9999999999986	399.99999999999915	
LA_T_6720491_0010	Boundary	True	False			official_v6_boundary_cpps_invalid_or_incomplete_support
LA_T_6720491_0010	Interior_A	True	True	399.9999999999986	399.99999999999915	
LA_T_6720491_0010	Interior_B	True	True	80.00000000000185	79.99999999999885	
LA_T_6720491_0012	Boundary	True	True			
LA_T_6720491_0012	Interior_A	True	False	-160.00000000000014	-159.99999999999957	incomplete_strict_phone_support_for_nine_point_cpps_trajectory
LA_T_6720491_0012	Interior_B	True	False	-160.00000000000014	-160.00000000000313	incomplete_strict_phone_support_for_nine_point_cpps_trajectory
LA_T_6720491_0015	Boundary	True	True			
LA_T_6720491_0015	Interior_A	True	False	-79.9999999999983	-80.0000000000013	incomplete_strict_phone_support_for_nine_point_cpps_trajectory
LA_T_6720491_0015	Interior_B	True	False	0.0	5.551115123125783e-13	incomplete_strict_phone_support_for_nine_point_cpps_trajectory
LA_T_6720491_0016	Boundary	True	False			official_v6_boundary_cpps_invalid_or_incomplete_support
LA_T_6720491_0016	Interior_A	True	False	0.0	5.551115123125783e-13	incomplete_strict_phone_support_for_nine_point_cpps_trajectory
LA_T_6720491_0016	Interior_B	True	False	-3.552713678800501e-12	5.551115123125783e-13	incomplete_strict_phone_support_for_nine_point_cpps_trajectory
LA_T_6720491_0017	Boundary	True	False			official_v6_boundary_cpps_invalid_or_incomplete_support
LA_T_6720491_0017	Interior_A	True	False	-3.552713678800501e-12	5.551115123125783e-13	incomplete_strict_phone_support_for_nine_point_cpps_trajectory
LA_T_6720491_0017	Interior_B	True	False	-79.9999999999983	-80.0000000000013	incomplete_strict_phone_support_for_nine_point_cpps_trajectory
LA_T_6720491_0018	Boundary	True	True			
LA_T_6720491_0018	Interior_A	True	False	-79.9999999999983	-80.0000000000013	incomplete_strict_phone_support_for_nine_point_cpps_trajectory
LA_T_6720491_0018	Interior_B	True	True	79.9999999999983	80.0000000000024	
LA_T_6720491_0019	Boundary	True	True			
LA_T_6720491_0019	Interior_A	True	True	79.9999999999983	80.0000000000024	
LA_T_6720491_0019	Interior_B	True	False	-3.552713678800501e-12	5.551115123125783e-13	incomplete_strict_phone_support_for_nine_point_cpps_trajectory
LA_T_6720491_0020	Boundary	True	True			
LA_T_6720491_0020	Interior_A	True	False	-3.552713678800501e-12	5.551115123125783e-13	incomplete_strict_phone_support_for_nine_point_cpps_trajectory
LA_T_6720491_0020	Interior_B	True	False	-160.00000000000014	-159.99999999999957	incomplete_strict_phone_support_for_nine_point_cpps_trajectory
LA_T_6720491_0022	Boundary	True	True			
LA_T_6720491_0022	Interior_A	True	False	-160.0000000000037	-159.99999999999602	incomplete_strict_phone_support_for_nine_point_cpps_trajectory
LA_T_6720491_0022	Interior_B	True	False	-79.9999999999983	-80.00000000000485	incomplete_strict_phone_support_for_nine_point_cpps_trajectory
LA_T_6720491_0023	Boundary	True	True			
LA_T_6720491_0023	Interior_A	True	False	-79.9999999999983	-80.00000000000485	incomplete_strict_phone_support_for_nine_point_cpps_trajectory
LA_T_6720491_0023	Interior_B	True	False	-79.9999999999983	-79.99999999999774	incomplete_strict_phone_support_for_nine_point_cpps_trajectory
LA_T_6720491_0024	Boundary	True	False			official_v6_boundary_cpps_invalid_or_incomplete_support
LA_T_6720491_0024	Interior_A	True	False	-79.9999999999983	-79.99999999999774	incomplete_strict_phone_support_for_nine_point_cpps_trajectory
LA_T_6720491_0024	Interior_B	True	True	240.000000000002	239.99999999999545	
LA_T_6720491_0025	Boundary	True	False			official_v6_boundary_cpps_invalid_or_incomplete_support
LA_T_6720491_0025	Interior_A	True	True	240.000000000002	239.99999999999545	
LA_T_6720491_0025	Interior_B	True	False	-159.9999999999966	-160.00000000000313	incomplete_strict_phone_support_for_nine_point_cpps_trajectory
LA_T_6720491_0026	Boundary	True	True			
LA_T_6720491_0026	Interior_A	True	False	-159.9999999999966	-160.00000000000313	incomplete_strict_phone_support_for_nine_point_cpps_trajectory
LA_T_6720491_0026	Interior_B	True	False	0.0	5.551115123125783e-13	incomplete_strict_phone_support_for_nine_point_cpps_trajectory
LA_T_6720491_0027	Boundary	True	False			official_v6_boundary_cpps_invalid_or_incomplete_support
LA_T_6720491_0027	Interior_A	True	False	0.0	5.551115123125783e-13	incomplete_strict_phone_support_for_nine_point_cpps_trajectory
LA_T_6720491_0027	Interior_B	True	True	240.000000000002	239.99999999999545	
LA_T_6720491_0028	Boundary	True	False			official_v6_boundary_cpps_invalid_or_incomplete_support
LA_T_6720491_0028	Interior_A	True	True	240.000000000002	239.99999999999545	
LA_T_6720491_0028	Interior_B	True	True	640.0000000000006	640.0000000000011	
LA_T_6721304_0000	Boundary	True	True			
LA_T_6721304_0000	Interior_A	True	True	79.9999999999983	80.0000000000024	
LA_T_6721304_0000	Interior_B	True	True	559.9999999999987	559.9999999999993	
LA_T_6721304_0001	Boundary	True	True			
LA_T_6721304_0001	Interior_A	True	True	559.9999999999987	559.9999999999993	
LA_T_6721304_0001	Interior_B	True	False	-160.00000000000014	-159.99999999999957	incomplete_strict_phone_support_for_nine_point_cpps_trajectory
LA_T_6721304_0002	Boundary	True	False			official_v6_boundary_cpps_invalid_or_incomplete_support
LA_T_6721304_0002	Interior_A	True	False	-160.00000000000014	-159.99999999999957	incomplete_strict_phone_support_for_nine_point_cpps_trajectory
LA_T_6721304_0002	Interior_B	True	False	-160.00000000000014	-159.99999999999957	incomplete_strict_phone_support_for_nine_point_cpps_trajectory
LA_T_6721304_0006	Boundary	True	True			
LA_T_6721304_0006	Interior_A	True	False	-160.00000000000014	-159.99999999999957	incomplete_strict_phone_support_for_nine_point_cpps_trajectory
LA_T_6721304_0006	Interior_B	True	False	-80.00000000000185	-79.99999999999774	incomplete_strict_phone_support_for_nine_point_cpps_trajectory
LA_T_6721304_0007	Boundary	True	False			official_v6_boundary_cpps_invalid_or_incomplete_support
LA_T_6721304_0007	Interior_A	True	False	-80.00000000000185	-79.99999999999774	incomplete_strict_phone_support_for_nine_point_cpps_trajectory
LA_T_6721304_0007	Interior_B	True	True	160.00000000000014	159.99999999999716	
LA_T_6721304_0008	Boundary	True	False			official_v6_boundary_cpps_invalid_or_incomplete_support
LA_T_6721304_0008	Interior_A	True	True	160.00000000000014	159.99999999999716	
LA_T_6721304_0008	Interior_B	True	False	-160.00000000000014	-159.99999999999957	incomplete_strict_phone_support_for_nine_point_cpps_trajectory
LA_T_6721304_0009	Boundary	True	True			
LA_T_6721304_0009	Interior_A	True	False	-160.00000000000014	-159.99999999999957	incomplete_strict_phone_support_for_nine_point_cpps_trajectory
LA_T_6721304_0009	Interior_B	True	False	-80.00000000000185	-79.99999999999774	incomplete_strict_phone_support_for_nine_point_cpps_trajectory
LA_T_6721304_0010	Boundary	True	True			
LA_T_6721304_0010	Interior_A	True	False	-80.00000000000185	-79.99999999999774	incomplete_strict_phone_support_for_nine_point_cpps_trajectory
LA_T_6721304_0010	Interior_B	True	False	0.0	5.551115123125783e-13	incomplete_strict_phone_support_for_nine_point_cpps_trajectory
LA_T_6721304_0013	Boundary	True	True			
LA_T_6721304_0013	Interior_A	True	False	-79.9999999999983	-80.0000000000013	incomplete_strict_phone_support_for_nine_point_cpps_trajectory
LA_T_6721304_0013	Interior_B	True	False	-80.00000000000185	-79.99999999999774	incomplete_strict_phone_support_for_nine_point_cpps_trajectory
LA_T_6721304_0016	Boundary	True	False			official_v6_boundary_cpps_invalid_or_incomplete_support
LA_T_6721304_0016	Interior_A	True	True	160.0000000000037	159.99999999999716	
LA_T_6721304_0016	Interior_B	True	False	-160.0000000000037	-160.00000000000313	incomplete_strict_phone_support_for_nine_point_cpps_trajectory
LA_T_6721304_0019	Boundary	True	True			
LA_T_6721304_0019	Interior_A	True	True	320.0000000000003	320.00000000000085	
LA_T_6721304_0019	Interior_B	True	False	-79.9999999999983	-79.99999999999774	incomplete_strict_phone_support_for_nine_point_cpps_trajectory
LA_T_6721304_0022	Boundary	True	True			
LA_T_6721304_0022	Interior_A	True	False	-159.9999999999966	-160.00000000000313	incomplete_strict_phone_support_for_nine_point_cpps_trajectory
LA_T_6721304_0022	Interior_B	True	False	0.0	5.551115123125783e-13	incomplete_strict_phone_support_for_nine_point_cpps_trajectory
LA_T_6721304_0025	Boundary	True	False			official_v6_boundary_cpps_invalid_or_incomplete_support
LA_T_6721304_0025	Interior_A	True	True	320.0000000000003	320.00000000000085	
LA_T_6721304_0025	Interior_B	True	True	160.0000000000037	159.99999999999716	
LA_T_6721304_0026	Boundary	True	True			
LA_T_6721304_0026	Interior_A	True	True	160.0000000000037	159.99999999999716	
LA_T_6721304_0026	Interior_B	True	True	79.9999999999983	79.99999999999885	
LA_T_6721304_0027	Boundary	True	True			
LA_T_6721304_0027	Interior_A	True	True	79.9999999999983	79.99999999999885	
LA_T_6721304_0027	Interior_B	True	True	79.9999999999983	79.99999999999885	
LA_T_6721304_0028	Boundary	True	True			
LA_T_6721304_0028	Interior_A	True	True	79.9999999999983	79.99999999999885	
LA_T_6721304_0028	Interior_B	True	True	320.0000000000003	320.00000000000085	
LA_T_6723005_0007	Boundary	True	True			
LA_T_6723005_0007	Interior_A	True	False	-160.00000000000014	-159.99999999999957	incomplete_strict_phone_support_for_nine_point_cpps_trajectory
LA_T_6723005_0007	Interior_B	True	False	-80.00000000000185	-79.99999999999952	incomplete_strict_phone_support_for_nine_point_cpps_trajectory
LA_T_6723005_0008	Boundary	True	False			official_v6_boundary_cpps_invalid_or_incomplete_support
LA_T_6723005_0008	Interior_A	True	False	-80.00000000000185	-79.99999999999952	incomplete_strict_phone_support_for_nine_point_cpps_trajectory
LA_T_6723005_0008	Interior_B	True	False	-80.00000000000007	-80.0000000000013	incomplete_strict_phone_support_for_nine_point_cpps_trajectory
LA_T_6723005_0009	Boundary	True	False			official_v6_boundary_cpps_invalid_or_incomplete_support
LA_T_6723005_0009	Interior_A	True	False	-80.00000000000007	-80.0000000000013	incomplete_strict_phone_support_for_nine_point_cpps_trajectory
LA_T_6723005_0009	Interior_B	True	False	-160.00000000000014	-159.99999999999957	incomplete_strict_phone_support_for_nine_point_cpps_trajectory
LA_T_6723005_0012	Boundary	True	True			
LA_T_6723005_0012	Interior_A	True	False	-160.00000000000014	-159.99999999999957	incomplete_strict_phone_support_for_nine_point_cpps_trajectory
LA_T_6723005_0012	Interior_B	True	True	159.9999999999966	160.0000000000007	
LA_T_6723005_0017	Boundary	True	True			
LA_T_6723005_0017	Interior_A	True	True	160.00000000000014	159.99999999999716	
LA_T_6723005_0017	Interior_B	True	True	160.00000000000014	160.0000000000007	
LA_T_6723005_0020	Boundary	True	True			
LA_T_6723005_0020	Interior_A	True	False	-160.00000000000014	-159.99999999999957	incomplete_strict_phone_support_for_nine_point_cpps_trajectory
LA_T_6723005_0020	Interior_B	True	True	159.9999999999966	160.0000000000007	
LA_T_6723005_0021	Boundary	True	True			
LA_T_6723005_0021	Interior_A	True	True	159.9999999999966	160.0000000000007	
LA_T_6723005_0021	Interior_B	True	True	399.9999999999986	400.0000000000027	
LA_T_6723039_0002	Boundary	True	True			
LA_T_6723039_0002	Interior_A	True	False	-160.00000000000014	-160.00000000000003	incomplete_strict_phone_support_for_nine_point_cpps_trajectory
LA_T_6723039_0002	Interior_B	True	False	-159.9999999999997	-160.00000000000048	incomplete_strict_phone_support_for_nine_point_cpps_trajectory
LA_T_6723039_0006	Boundary	True	True			
LA_T_6723039_0006	Interior_A	True	False	-160.00000000000014	-159.99999999999957	incomplete_strict_phone_support_for_nine_point_cpps_trajectory
LA_T_6723039_0006	Interior_B	True	False	0.0	-1.2212453270876722e-12	incomplete_strict_phone_support_for_nine_point_cpps_trajectory
LA_T_6723039_0016	Boundary	True	True			
LA_T_6723039_0016	Interior_A	True	False	0.0	5.551115123125783e-13	incomplete_strict_phone_support_for_nine_point_cpps_trajectory
LA_T_6723039_0016	Interior_B	True	False	-3.552713678800501e-12	5.551115123125783e-13	incomplete_strict_phone_support_for_nine_point_cpps_trajectory
LA_T_6723039_0017	Boundary	True	False			official_v6_boundary_cpps_invalid_or_incomplete_support
LA_T_6723039_0017	Interior_A	True	False	-3.552713678800501e-12	5.551115123125783e-13	incomplete_strict_phone_support_for_nine_point_cpps_trajectory
LA_T_6723039_0017	Interior_B	True	True	400.00000000000216	399.99999999999915	
LA_T_6723039_0018	Boundary	True	False			official_v6_boundary_cpps_invalid_or_incomplete_support
LA_T_6723039_0018	Interior_A	True	True	400.00000000000216	399.99999999999915	
LA_T_6723039_0018	Interior_B	True	True	559.9999999999987	559.9999999999993	
LA_T_6723416_0000	Boundary	True	False			official_v6_boundary_cpps_invalid_or_incomplete_support
LA_T_6723416_0000	Interior_A	True	True	239.99999999999844	239.999999999999	
LA_T_6723416_0000	Interior_B	True	False	-160.00000000000014	-159.99999999999957	incomplete_strict_phone_support_for_nine_point_cpps_trajectory
LA_T_6723416_0001	Boundary	True	True			
LA_T_6723416_0001	Interior_A	True	False	-160.00000000000014	-159.99999999999957	incomplete_strict_phone_support_for_nine_point_cpps_trajectory
LA_T_6723416_0001	Interior_B	True	True	79.9999999999983	80.0000000000024	
LA_T_6723416_0004	Boundary	True	False			official_v6_boundary_cpps_invalid_or_incomplete_support
LA_T_6723416_0004	Interior_A	True	True	239.99999999999844	239.999999999999	
LA_T_6723416_0004	Interior_B	True	True	79.9999999999983	80.0000000000024	
LA_T_6723416_0005	Boundary	True	False			official_v6_boundary_cpps_invalid_or_incomplete_support
LA_T_6723416_0005	Interior_A	True	True	79.9999999999983	80.0000000000024	
LA_T_6723416_0005	Interior_B	True	True	399.9999999999986	399.99999999999915	
LA_T_6723416_0006	Boundary	True	False			official_v6_boundary_cpps_invalid_or_incomplete_support
LA_T_6723416_0006	Interior_A	True	True	399.9999999999986	399.99999999999915	
LA_T_6723416_0006	Interior_B	True	True	80.00000000000185	79.99999999999885	
LA_T_6723416_0010	Boundary	True	True			
LA_T_6723416_0010	Interior_A	True	False	-160.0000000000037	-159.99999999999957	incomplete_strict_phone_support_for_nine_point_cpps_trajectory
LA_T_6723416_0010	Interior_B	True	False	0.0	-2.9976021664879227e-12	incomplete_strict_phone_support_for_nine_point_cpps_trajectory
LA_T_6723416_0011	Boundary	True	True			
LA_T_6723416_0011	Interior_A	True	False	0.0	-2.9976021664879227e-12	incomplete_strict_phone_support_for_nine_point_cpps_trajectory
LA_T_6723416_0011	Interior_B	True	True	320.0000000000003	320.00000000000085	
LA_T_6723416_0016	Boundary	True	False			official_v6_boundary_cpps_invalid_or_incomplete_support
LA_T_6723416_0016	Interior_A	True	True	79.9999999999983	80.00000000000595	
LA_T_6723416_0016	Interior_B	True	True	159.9999999999966	159.99999999999716	
LA_T_6723416_0017	Boundary	True	False			official_v6_boundary_cpps_invalid_or_incomplete_support
LA_T_6723416_0017	Interior_A	True	True	159.9999999999966	159.99999999999716	
LA_T_6723416_0017	Interior_B	True	True	400.0000000000057	399.99999999999915	
LA_T_6723416_0018	Boundary	True	True			
LA_T_6723416_0018	Interior_A	True	True	400.0000000000057	399.99999999999915	
LA_T_6723416_0018	Interior_B	True	True	239.99999999999488	240.00000000000256	
LA_T_6723416_0021	Boundary	True	False			official_v6_boundary_cpps_invalid_or_incomplete_support
LA_T_6723416_0021	Interior_A	True	False	0.0	5.551115123125783e-13	incomplete_strict_phone_support_for_nine_point_cpps_trajectory
LA_T_6723416_0021	Interior_B	True	False	-159.9999999999966	-160.00000000000313	incomplete_strict_phone_support_for_nine_point_cpps_trajectory
LA_T_6723416_0022	Boundary	True	False			official_v6_boundary_cpps_invalid_or_incomplete_support
LA_T_6723416_0022	Interior_A	True	False	-159.9999999999966	-160.00000000000313	incomplete_strict_phone_support_for_nine_point_cpps_trajectory
LA_T_6723416_0022	Interior_B	True	True	79.9999999999983	79.99999999999885	
LA_T_6723416_0023	Boundary	True	False			official_v6_boundary_cpps_invalid_or_incomplete_support
LA_T_6723416_0023	Interior_A	True	True	79.9999999999983	79.99999999999885	
LA_T_6723416_0023	Interior_B	True	True	320.0000000000003	320.00000000000085	
LA_T_6723416_0024	Boundary	True	False			official_v6_boundary_cpps_invalid_or_incomplete_support
LA_T_6723416_0024	Interior_A	True	True	320.0000000000003	320.00000000000085	
LA_T_6723416_0024	Interior_B	True	False	0.0	5.551115123125783e-13	incomplete_strict_phone_support_for_nine_point_cpps_trajectory
LA_T_6723416_0025	Boundary	True	True			
LA_T_6723416_0025	Interior_A	True	False	0.0	5.551115123125783e-13	incomplete_strict_phone_support_for_nine_point_cpps_trajectory
LA_T_6723416_0025	Interior_B	True	False	-160.0000000000037	-159.99999999999602	incomplete_strict_phone_support_for_nine_point_cpps_trajectory
LA_T_6723416_0026	Boundary	True	True			
LA_T_6723416_0026	Interior_A	True	False	-160.0000000000037	-159.99999999999602	incomplete_strict_phone_support_for_nine_point_cpps_trajectory
LA_T_6723416_0026	Interior_B	True	False	-79.9999999999983	-80.00000000000485	incomplete_strict_phone_support_for_nine_point_cpps_trajectory
LA_T_6723416_0029	Boundary	True	True			
LA_T_6723416_0029	Interior_A	True	False	0.0	-6.5503158452884236e-12	incomplete_strict_phone_support_for_nine_point_cpps_trajectory
LA_T_6723416_0029	Interior_B	True	True	960.0000000000009	960.0000000000014	
LA_T_6723416_0031	Boundary	True	True			
LA_T_6723416_0031	Interior_A	True	True	79.9999999999983	79.99999999999885	
LA_T_6723416_0031	Interior_B	True	False	-79.9999999999983	-79.99999999999774	incomplete_strict_phone_support_for_nine_point_cpps_trajectory
LA_T_6723416_0034	Boundary	True	True			
LA_T_6723416_0034	Interior_A	True	False	-159.9999999999966	-159.99999999999602	incomplete_strict_phone_support_for_nine_point_cpps_trajectory
LA_T_6723416_0034	Interior_B	True	True	79.9999999999983	79.99999999999885	
LA_T_6723416_0035	Boundary	True	False			official_v6_boundary_cpps_invalid_or_incomplete_support
LA_T_6723416_0035	Interior_A	True	True	79.9999999999983	79.99999999999885	
LA_T_6723416_0035	Interior_B	True	True	79.9999999999983	79.99999999999885	
LA_T_6723416_0036	Boundary	True	False			official_v6_boundary_cpps_invalid_or_incomplete_support
LA_T_6723416_0036	Interior_A	True	True	79.9999999999983	79.99999999999885	
LA_T_6723416_0036	Interior_B	True	False	-160.0000000000108	-159.99999999999602	incomplete_strict_phone_support_for_nine_point_cpps_trajectory
LA_T_6723416_0037	Boundary	True	True			
LA_T_6723416_0037	Interior_A	True	False	-160.0000000000108	-159.99999999999602	incomplete_strict_phone_support_for_nine_point_cpps_trajectory
LA_T_6723416_0037	Interior_B	True	False	0.0	5.551115123125783e-13	incomplete_strict_phone_support_for_nine_point_cpps_trajectory
LA_T_6723416_0038	Boundary	True	False			official_v6_boundary_cpps_invalid_or_incomplete_support
LA_T_6723416_0038	Interior_A	True	False	0.0	5.551115123125783e-13	incomplete_strict_phone_support_for_nine_point_cpps_trajectory
LA_T_6723416_0038	Interior_B	True	False	-159.9999999999966	-159.99999999999602	incomplete_strict_phone_support_for_nine_point_cpps_trajectory
LA_T_6723416_0039	Boundary	True	False			official_v6_boundary_cpps_invalid_or_incomplete_support
LA_T_6723416_0039	Interior_A	True	False	-159.9999999999966	-159.99999999999602	incomplete_strict_phone_support_for_nine_point_cpps_trajectory
LA_T_6723416_0039	Interior_B	True	False	-80.0000000000125	-79.99999999999774	incomplete_strict_phone_support_for_nine_point_cpps_trajectory
LA_T_6723416_0040	Boundary	True	False			official_v6_boundary_cpps_invalid_or_incomplete_support
LA_T_6723416_0040	Interior_A	True	False	-80.0000000000125	-79.99999999999774	incomplete_strict_phone_support_for_nine_point_cpps_trajectory
LA_T_6723416_0040	Interior_B	True	True	80.0000000000125	79.99999999999885	
LA_T_6726993_0008	Boundary	True	True			
LA_T_6726993_0008	Interior_A	True	True	80.00000000000007	80.00000000000063	
LA_T_6726993_0008	Interior_B	True	True	159.99999999999835	160.0000000000007	
LA_T_6726993_0011	Boundary	True	True			
LA_T_6726993_0011	Interior_A	True	False	-160.0000000000037	-159.99999999999957	incomplete_strict_phone_support_for_nine_point_cpps_trajectory
LA_T_6726993_0011	Interior_B	True	False	-80.00000000000185	-79.99999999999774	incomplete_strict_phone_support_for_nine_point_cpps_trajectory
LA_T_6726993_0012	Boundary	True	True			
LA_T_6726993_0012	Interior_A	True	False	-80.00000000000185	-79.99999999999774	incomplete_strict_phone_support_for_nine_point_cpps_trajectory
LA_T_6726993_0012	Interior_B	True	True	160.00000000000014	160.0000000000007	
LA_T_6726993_0019	Boundary	True	True			
LA_T_6726993_0019	Interior_A	True	False	-160.00000000000014	-159.99999999999957	incomplete_strict_phone_support_for_nine_point_cpps_trajectory
LA_T_6726993_0019	Interior_B	True	True	79.9999999999983	79.99999999999885	
LA_T_6726993_0028	Boundary	True	False			official_v6_boundary_cpps_invalid_or_incomplete_support
LA_T_6726993_0028	Interior_A	True	False	-79.9999999999983	-80.00000000000485	incomplete_strict_phone_support_for_nine_point_cpps_trajectory
LA_T_6726993_0028	Interior_B	True	True	160.0000000000037	159.99999999999716	
LA_T_6726993_0029	Boundary	True	False			official_v6_boundary_cpps_invalid_or_incomplete_support
LA_T_6726993_0029	Interior_A	True	True	160.0000000000037	159.99999999999716	
LA_T_6726993_0029	Interior_B	True	False	-79.9999999999983	-80.00000000000485	incomplete_strict_phone_support_for_nine_point_cpps_trajectory
LA_T_6726993_0035	Boundary	True	False			official_v6_boundary_cpps_invalid_or_incomplete_support
LA_T_6726993_0035	Interior_A	True	False	0.0	5.551115123125783e-13	incomplete_strict_phone_support_for_nine_point_cpps_trajectory
LA_T_6726993_0035	Interior_B	True	False	0.0	5.551115123125783e-13	incomplete_strict_phone_support_for_nine_point_cpps_trajectory
LA_T_6726993_0038	Boundary	True	True			
LA_T_6726993_0038	Interior_A	True	True	399.9999999999986	399.99999999999915	
LA_T_6726993_0038	Interior_B	True	True	399.9999999999986	400.00000000000625	
LA_T_6727178_0006	Boundary	True	True			
LA_T_6727178_0006	Interior_A	True	False	-160.00000000000102	-159.9999999999987	incomplete_strict_phone_support_for_nine_point_cpps_trajectory
LA_T_6727178_0006	Interior_B	True	True	399.9999999999986	400.0000000000009	
LA_T_6727178_0007	Boundary	True	False			official_v6_boundary_cpps_invalid_or_incomplete_support
LA_T_6727178_0007	Interior_A	True	True	399.9999999999986	400.0000000000009	
LA_T_6727178_0007	Interior_B	True	False	-160.00000000000014	-159.99999999999957	incomplete_strict_phone_support_for_nine_point_cpps_trajectory
LA_T_6727178_0022	Boundary	True	False			official_v6_boundary_cpps_invalid_or_incomplete_support
LA_T_6727178_0022	Interior_A	True	True	239.99999999999844	240.00000000000256	
LA_T_6727178_0022	Interior_B	True	True	160.00000000000014	160.0000000000007	
LA_T_6727178_0023	Boundary	True	True			
LA_T_6727178_0023	Interior_A	True	True	160.00000000000014	160.0000000000007	
LA_T_6727178_0023	Interior_B	True	True	79.9999999999983	79.99999999999885	
LA_T_6727178_0024	Boundary	True	True			
LA_T_6727178_0024	Interior_A	True	True	79.9999999999983	79.99999999999885	
LA_T_6727178_0024	Interior_B	True	False	-160.00000000000014	-159.99999999999957	incomplete_strict_phone_support_for_nine_point_cpps_trajectory
LA_T_6727178_0025	Boundary	True	False			official_v6_boundary_cpps_invalid_or_incomplete_support
LA_T_6727178_0025	Interior_A	True	False	-160.00000000000014	-159.99999999999957	incomplete_strict_phone_support_for_nine_point_cpps_trajectory
LA_T_6727178_0025	Interior_B	True	True	160.00000000000014	160.0000000000007	
LA_T_6727178_0028	Boundary	True	True			
LA_T_6727178_0028	Interior_A	True	False	-79.9999999999983	-80.0000000000013	incomplete_strict_phone_support_for_nine_point_cpps_trajectory
LA_T_6727178_0028	Interior_B	True	False	-80.00000000000185	-79.99999999999774	incomplete_strict_phone_support_for_nine_point_cpps_trajectory
LA_T_6727178_0029	Boundary	True	True			
LA_T_6727178_0029	Interior_A	True	False	-80.00000000000185	-79.99999999999774	incomplete_strict_phone_support_for_nine_point_cpps_trajectory
LA_T_6727178_0029	Interior_B	True	False	-79.9999999999983	-80.00000000000485	incomplete_strict_phone_support_for_nine_point_cpps_trajectory
LA_T_6727178_0030	Boundary	True	False			official_v6_boundary_cpps_invalid_or_incomplete_support
LA_T_6727178_0030	Interior_A	True	False	-79.9999999999983	-80.00000000000485	incomplete_strict_phone_support_for_nine_point_cpps_trajectory
LA_T_6727178_0030	Interior_B	True	True	160.0000000000037	159.99999999999716	
LA_T_6727178_0031	Boundary	True	False			official_v6_boundary_cpps_invalid_or_incomplete_support
LA_T_6727178_0031	Interior_A	True	True	160.0000000000037	159.99999999999716	
LA_T_6727178_0031	Interior_B	True	False	-159.9999999999966	-160.00000000000313	incomplete_strict_phone_support_for_nine_point_cpps_trajectory
LA_T_6727178_0032	Boundary	True	False			official_v6_boundary_cpps_invalid_or_incomplete_support
LA_T_6727178_0032	Interior_A	True	False	-159.9999999999966	-160.00000000000313	incomplete_strict_phone_support_for_nine_point_cpps_trajectory
LA_T_6727178_0032	Interior_B	True	False	-79.9999999999983	-80.00000000000485	incomplete_strict_phone_support_for_nine_point_cpps_trajectory
LA_T_6727178_0033	Boundary	True	True			
LA_T_6727178_0033	Interior_A	True	False	-79.9999999999983	-80.00000000000485	incomplete_strict_phone_support_for_nine_point_cpps_trajectory
LA_T_6727178_0033	Interior_B	True	True	320.0000000000003	320.00000000000085	
LA_T_6727178_0036	Boundary	True	True			
LA_T_6727178_0036	Interior_A	True	True	640.0000000000006	640.0000000000011	
LA_T_6727178_0036	Interior_B	True	True	640.0000000000006	640.0000000000011	
LA_T_6729623_0000	Boundary	True	False			official_v6_boundary_cpps_invalid_or_incomplete_support
LA_T_6729623_0000	Interior_A	True	False	0.0	5.551115123125783e-13	incomplete_strict_phone_support_for_nine_point_cpps_trajectory
LA_T_6729623_0000	Interior_B	True	False	-79.9999999999983	-80.0000000000013	incomplete_strict_phone_support_for_nine_point_cpps_trajectory
LA_T_6729623_0001	Boundary	True	False			official_v6_boundary_cpps_invalid_or_incomplete_support
LA_T_6729623_0001	Interior_A	True	False	-79.9999999999983	-80.0000000000013	incomplete_strict_phone_support_for_nine_point_cpps_trajectory
LA_T_6729623_0001	Interior_B	True	False	-160.00000000000014	-159.99999999999957	incomplete_strict_phone_support_for_nine_point_cpps_trajectory
LA_T_6729623_0002	Boundary	True	False			official_v6_boundary_cpps_invalid_or_incomplete_support
LA_T_6729623_0002	Interior_A	True	False	-160.00000000000014	-159.99999999999957	incomplete_strict_phone_support_for_nine_point_cpps_trajectory
LA_T_6729623_0002	Interior_B	True	False	-80.00000000000185	-80.0000000000013	incomplete_strict_phone_support_for_nine_point_cpps_trajectory
LA_T_6729623_0003	Boundary	True	False			official_v6_boundary_cpps_invalid_or_incomplete_support
LA_T_6729623_0003	Interior_A	True	False	-80.00000000000185	-80.0000000000013	incomplete_strict_phone_support_for_nine_point_cpps_trajectory
LA_T_6729623_0003	Interior_B	True	False	-160.00000000000014	-159.99999999999957	incomplete_strict_phone_support_for_nine_point_cpps_trajectory
LA_T_6729623_0004	Boundary	True	True			
LA_T_6729623_0004	Interior_A	True	False	-160.00000000000014	-159.99999999999957	incomplete_strict_phone_support_for_nine_point_cpps_trajectory
LA_T_6729623_0004	Interior_B	True	True	320.0000000000003	320.00000000000085	
LA_T_6729623_0005	Boundary	True	True			
LA_T_6729623_0005	Interior_A	True	True	320.0000000000003	320.00000000000085	
LA_T_6729623_0005	Interior_B	True	True	239.99999999999844	239.999999999999	
LA_T_6729623_0008	Boundary	True	False			official_v6_boundary_cpps_invalid_or_incomplete_support
LA_T_6729623_0008	Interior_A	True	True	160.00000000000014	160.0000000000007	
LA_T_6729623_0008	Interior_B	True	True	719.9999999999989	719.9999999999994	
LA_T_6729623_0010	Boundary	True	False			official_v6_boundary_cpps_invalid_or_incomplete_support
LA_T_6729623_0010	Interior_A	True	True	159.9999999999966	160.00000000000426	
LA_T_6729623_0010	Interior_B	True	False	-80.0000000000054	-79.99999999999774	incomplete_strict_phone_support_for_nine_point_cpps_trajectory
LA_T_6729623_0011	Boundary	True	False			official_v6_boundary_cpps_invalid_or_incomplete_support
LA_T_6729623_0011	Interior_A	True	False	-80.0000000000054	-79.99999999999774	incomplete_strict_phone_support_for_nine_point_cpps_trajectory
LA_T_6729623_0011	Interior_B	True	False	-160.0000000000037	-159.99999999999602	incomplete_strict_phone_support_for_nine_point_cpps_trajectory
LA_T_6729623_0012	Boundary	True	True			
LA_T_6729623_0012	Interior_A	True	False	-160.0000000000037	-159.99999999999602	incomplete_strict_phone_support_for_nine_point_cpps_trajectory
LA_T_6729623_0012	Interior_B	True	True	320.0000000000003	320.00000000000085	
LA_T_6729623_0013	Boundary	True	True			
LA_T_6729623_0013	Interior_A	True	True	320.0000000000003	320.00000000000085	
LA_T_6729623_0013	Interior_B	True	True	320.0000000000003	319.99999999999375	
LA_T_6729623_0016	Boundary	True	False			official_v6_boundary_cpps_invalid_or_incomplete_support
LA_T_6729623_0016	Interior_A	True	False	0.0	5.551115123125783e-13	incomplete_strict_phone_support_for_nine_point_cpps_trajectory
LA_T_6729623_0016	Interior_B	True	True	719.9999999999989	719.9999999999994	
LA_T_6730755_0002	Boundary	True	True			
LA_T_6730755_0002	Interior_A	True	True	240.00000000000023	240.00000000000077	
LA_T_6730755_0002	Interior_B	True	False	-160.00000000000014	-160.00000000000136	incomplete_strict_phone_support_for_nine_point_cpps_trajectory
LA_T_6730755_0005	Boundary	True	True			
LA_T_6730755_0005	Interior_A	True	True	319.9999999999985	320.00000000000085	
LA_T_6730755_0005	Interior_B	True	False	-80.00000000000185	-79.99999999999952	incomplete_strict_phone_support_for_nine_point_cpps_trajectory
LA_T_6730755_0006	Boundary	True	True			
LA_T_6730755_0006	Interior_A	True	False	-80.00000000000185	-79.99999999999952	incomplete_strict_phone_support_for_nine_point_cpps_trajectory
LA_T_6730755_0006	Interior_B	True	True	240.00000000000023	239.999999999999	
LA_T_6730755_0009	Boundary	True	True			
LA_T_6730755_0009	Interior_A	True	False	-80.00000000000185	-79.99999999999774	incomplete_strict_phone_support_for_nine_point_cpps_trajectory
LA_T_6730755_0009	Interior_B	True	False	-160.00000000000014	-160.00000000000313	incomplete_strict_phone_support_for_nine_point_cpps_trajectory
LA_T_6730755_0011	Boundary	True	True			
LA_T_6730755_0011	Interior_A	True	False	-79.9999999999983	-80.0000000000013	incomplete_strict_phone_support_for_nine_point_cpps_trajectory
LA_T_6730755_0011	Interior_B	True	False	-79.9999999999983	-80.0000000000013	incomplete_strict_phone_support_for_nine_point_cpps_trajectory
LA_T_6730755_0012	Boundary	True	True			
LA_T_6730755_0012	Interior_A	True	False	-79.9999999999983	-80.0000000000013	incomplete_strict_phone_support_for_nine_point_cpps_trajectory
LA_T_6730755_0012	Interior_B	True	False	-160.00000000000014	-159.99999999999957	incomplete_strict_phone_support_for_nine_point_cpps_trajectory
LA_T_6732027_0004	Boundary	True	True			
LA_T_6732027_0004	Interior_A	True	False	-79.9999999999983	-80.0000000000013	incomplete_strict_phone_support_for_nine_point_cpps_trajectory
LA_T_6732027_0004	Interior_B	True	False	-160.00000000000014	-159.99999999999957	incomplete_strict_phone_support_for_nine_point_cpps_trajectory
LA_T_6732027_0005	Boundary	True	True			
LA_T_6732027_0005	Interior_A	True	False	-160.00000000000014	-159.99999999999957	incomplete_strict_phone_support_for_nine_point_cpps_trajectory
LA_T_6732027_0005	Interior_B	True	True	80.00000000000185	79.99999999999885	
LA_T_6732027_0008	Boundary	True	False			official_v6_boundary_cpps_invalid_or_incomplete_support
LA_T_6732027_0008	Interior_A	True	False	-160.00000000000014	-159.99999999999957	incomplete_strict_phone_support_for_nine_point_cpps_trajectory
LA_T_6732027_0008	Interior_B	True	True	79.9999999999983	80.0000000000024	
LA_T_6732027_0011	Boundary	True	False			official_v6_boundary_cpps_invalid_or_incomplete_support
LA_T_6732027_0011	Interior_A	True	True	159.9999999999966	160.0000000000007	
LA_T_6732027_0011	Interior_B	True	False	0.0	-2.9976021664879227e-12	incomplete_strict_phone_support_for_nine_point_cpps_trajectory
LA_T_6732027_0012	Boundary	True	False			official_v6_boundary_cpps_invalid_or_incomplete_support
LA_T_6732027_0012	Interior_A	True	False	0.0	-2.9976021664879227e-12	incomplete_strict_phone_support_for_nine_point_cpps_trajectory
LA_T_6732027_0012	Interior_B	True	True	80.0000000000054	79.99999999999885	
LA_T_6732027_0013	Boundary	True	True			
LA_T_6732027_0013	Interior_A	True	True	80.0000000000054	79.99999999999885	
LA_T_6732027_0013	Interior_B	True	True	399.9999999999986	399.99999999999915	
LA_T_6732027_0017	Boundary	True	False			official_v6_boundary_cpps_invalid_or_incomplete_support
LA_T_6732027_0017	Interior_A	True	False	-160.0000000000037	-160.00000000000313	incomplete_strict_phone_support_for_nine_point_cpps_trajectory
LA_T_6732027_0017	Interior_B	True	True	160.0000000000037	159.99999999999716	
LA_T_6732027_0018	Boundary	True	False			official_v6_boundary_cpps_invalid_or_incomplete_support
LA_T_6732027_0018	Interior_A	True	True	160.0000000000037	159.99999999999716	
LA_T_6732027_0018	Interior_B	True	False	0.0	5.551115123125783e-13	incomplete_strict_phone_support_for_nine_point_cpps_trajectory
LA_T_6732027_0022	Boundary	True	False			official_v6_boundary_cpps_invalid_or_incomplete_support
LA_T_6732027_0022	Interior_A	True	False	-159.9999999999966	-160.00000000000313	incomplete_strict_phone_support_for_nine_point_cpps_trajectory
LA_T_6732027_0022	Interior_B	True	False	-159.9999999999966	-160.00000000000313	incomplete_strict_phone_support_for_nine_point_cpps_trajectory
LA_T_6732027_0025	Boundary	True	False			official_v6_boundary_cpps_invalid_or_incomplete_support
LA_T_6732027_0025	Interior_A	True	False	-160.0000000000037	-159.99999999999602	incomplete_strict_phone_support_for_nine_point_cpps_trajectory
LA_T_6732027_0025	Interior_B	True	False	0.0	5.551115123125783e-13	incomplete_strict_phone_support_for_nine_point_cpps_trajectory
LA_T_6732027_0028	Boundary	True	False			official_v6_boundary_cpps_invalid_or_incomplete_support
LA_T_6732027_0028	Interior_A	True	True	159.9999999999966	159.99999999999716	
LA_T_6732027_0028	Interior_B	True	True	160.0000000000037	159.99999999999716	
LA_T_6732027_0029	Boundary	True	True			
LA_T_6732027_0029	Interior_A	True	True	160.0000000000037	159.99999999999716	
LA_T_6732027_0029	Interior_B	True	False	0.0	5.551115123125783e-13	incomplete_strict_phone_support_for_nine_point_cpps_trajectory
LA_T_6732027_0030	Boundary	True	True			
LA_T_6732027_0030	Interior_A	True	False	0.0	5.551115123125783e-13	incomplete_strict_phone_support_for_nine_point_cpps_trajectory
LA_T_6732027_0030	Interior_B	True	False	-79.9999999999983	-80.00000000000485	incomplete_strict_phone_support_for_nine_point_cpps_trajectory
LA_T_6732027_0031	Boundary	True	True			
LA_T_6732027_0031	Interior_A	True	False	-79.9999999999983	-80.00000000000485	incomplete_strict_phone_support_for_nine_point_cpps_trajectory
LA_T_6732027_0031	Interior_B	True	True	720.0000000000059	719.9999999999994	
LA_T_6732309_0000	Boundary	True	False			official_v6_boundary_cpps_invalid_or_incomplete_support
LA_T_6732309_0000	Interior_A	True	True	160.00000000000014	160.0000000000007	
LA_T_6732309_0000	Interior_B	True	True	79.9999999999983	80.00000000000063	
LA_T_6732309_0001	Boundary	True	False			official_v6_boundary_cpps_invalid_or_incomplete_support
LA_T_6732309_0001	Interior_A	True	True	79.9999999999983	80.00000000000063	
LA_T_6732309_0001	Interior_B	True	False	-1.7763568394002505e-12	5.551115123125783e-13	incomplete_strict_phone_support_for_nine_point_cpps_trajectory
LA_T_6732309_0002	Boundary	True	True			
LA_T_6732309_0002	Interior_A	True	False	-1.7763568394002505e-12	5.551115123125783e-13	incomplete_strict_phone_support_for_nine_point_cpps_trajectory
LA_T_6732309_0002	Interior_B	True	False	-80.00000000000007	-79.99999999999952	incomplete_strict_phone_support_for_nine_point_cpps_trajectory
LA_T_6732309_0006	Boundary	True	False			official_v6_boundary_cpps_invalid_or_incomplete_support
LA_T_6732309_0006	Interior_A	True	False	-160.00000000000014	-159.99999999999957	incomplete_strict_phone_support_for_nine_point_cpps_trajectory
LA_T_6732309_0006	Interior_B	True	True	239.99999999999844	240.00000000000077	
LA_T_6732309_0007	Boundary	True	False			official_v6_boundary_cpps_invalid_or_incomplete_support
LA_T_6732309_0007	Interior_A	True	True	239.99999999999844	240.00000000000077	
LA_T_6732309_0007	Interior_B	True	True	640.0000000000006	639.9999999999976	
LA_T_6732309_0014	Boundary	True	True			
LA_T_6732309_0014	Interior_A	True	True	320.0000000000003	320.00000000000085	
LA_T_6732309_0014	Interior_B	True	False	-160.0000000000037	-159.99999999999957	incomplete_strict_phone_support_for_nine_point_cpps_trajectory
LA_T_6732309_0016	Boundary	True	True			
LA_T_6732309_0016	Interior_A	True	True	400.00000000000216	399.99999999999915	
LA_T_6732309_0016	Interior_B	True	False	-160.00000000000014	-159.99999999999957	incomplete_strict_phone_support_for_nine_point_cpps_trajectory
LA_T_6732309_0017	Boundary	True	False			official_v6_boundary_cpps_invalid_or_incomplete_support
LA_T_6732309_0017	Interior_A	True	False	-160.00000000000014	-159.99999999999957	incomplete_strict_phone_support_for_nine_point_cpps_trajectory
LA_T_6732309_0017	Interior_B	True	False	-160.0000000000037	-159.99999999999957	incomplete_strict_phone_support_for_nine_point_cpps_trajectory
LA_T_6732309_0020	Boundary	True	False			official_v6_boundary_cpps_invalid_or_incomplete_support
LA_T_6732309_0020	Interior_A	True	False	-80.00000000000185	-79.99999999999774	incomplete_strict_phone_support_for_nine_point_cpps_trajectory
LA_T_6732309_0020	Interior_B	True	True	79.9999999999983	79.99999999999885	
LA_T_6732309_0021	Boundary	True	True			
LA_T_6732309_0021	Interior_A	True	True	79.9999999999983	79.99999999999885	
LA_T_6732309_0021	Interior_B	True	True	79.9999999999983	80.00000000000595	
LA_T_6732309_0024	Boundary	True	True			
LA_T_6732309_0024	Interior_A	True	True	240.000000000002	239.99999999999545	
LA_T_6732309_0024	Interior_B	True	True	320.0000000000003	320.00000000000085	
LA_T_6732309_0026	Boundary	True	True			
LA_T_6732309_0026	Interior_A	True	False	0.0	5.551115123125783e-13	incomplete_strict_phone_support_for_nine_point_cpps_trajectory
LA_T_6732309_0026	Interior_B	True	False	-159.9999999999966	-160.00000000000313	incomplete_strict_phone_support_for_nine_point_cpps_trajectory
LA_T_6732309_0032	Boundary	True	False			official_v6_boundary_cpps_invalid_or_incomplete_support
LA_T_6732309_0032	Interior_A	True	True	560.0000000000023	559.9999999999957	
LA_T_6732309_0032	Interior_B	True	False	0.0	5.551115123125783e-13	incomplete_strict_phone_support_for_nine_point_cpps_trajectory
LA_T_6732309_0033	Boundary	True	False			official_v6_boundary_cpps_invalid_or_incomplete_support
LA_T_6732309_0033	Interior_A	True	False	0.0	5.551115123125783e-13	incomplete_strict_phone_support_for_nine_point_cpps_trajectory
LA_T_6732309_0033	Interior_B	True	False	-80.0000000000054	-79.99999999999774	incomplete_strict_phone_support_for_nine_point_cpps_trajectory
LA_T_6732309_0034	Boundary	True	False			official_v6_boundary_cpps_invalid_or_incomplete_support
LA_T_6732309_0034	Interior_A	True	False	-80.0000000000054	-79.99999999999774	incomplete_strict_phone_support_for_nine_point_cpps_trajectory
LA_T_6732309_0034	Interior_B	True	False	-159.9999999999966	-160.00000000000313	incomplete_strict_phone_support_for_nine_point_cpps_trajectory
LA_T_6732309_0039	Boundary	True	True			
LA_T_6732309_0039	Interior_A	True	True	239.99999999999488	240.00000000000256	
LA_T_6732309_0039	Interior_B	True	True	160.0000000000037	159.99999999999716	
LA_T_6732309_0040	Boundary	True	False			official_v6_boundary_cpps_invalid_or_incomplete_support
LA_T_6732309_0040	Interior_A	True	True	160.0000000000037	159.99999999999716	
LA_T_6732309_0040	Interior_B	True	False	-160.0000000000037	-159.99999999999602	incomplete_strict_phone_support_for_nine_point_cpps_trajectory
LA_T_6732309_0044	Boundary	True	True			
LA_T_6732309_0044	Interior_A	True	False	-160.0000000000037	-159.99999999999602	incomplete_strict_phone_support_for_nine_point_cpps_trajectory
LA_T_6732309_0044	Interior_B	True	True	320.0000000000003	320.00000000000085	
LA_T_6732309_0045	Boundary	True	True			
LA_T_6732309_0045	Interior_A	True	True	320.0000000000003	320.00000000000085	
LA_T_6732309_0045	Interior_B	True	False	0.0	5.551115123125783e-13	incomplete_strict_phone_support_for_nine_point_cpps_trajectory
LA_T_6732309_0046	Boundary	True	True			
LA_T_6732309_0046	Interior_A	True	False	0.0	5.551115123125783e-13	incomplete_strict_phone_support_for_nine_point_cpps_trajectory
LA_T_6732309_0046	Interior_B	True	True	239.99999999999488	239.99999999999545	
LA_T_6732309_0047	Boundary	True	True			
LA_T_6732309_0047	Interior_A	True	True	239.99999999999488	239.99999999999545	
LA_T_6732309_0047	Interior_B	True	True	160.0000000000108	159.99999999999716	
LA_T_6732309_0048	Boundary	True	True			
LA_T_6732309_0048	Interior_A	True	True	160.0000000000108	159.99999999999716	
LA_T_6732309_0048	Interior_B	True	False	-160.0000000000108	-159.99999999999602	incomplete_strict_phone_support_for_nine_point_cpps_trajectory
LA_T_6732309_0051	Boundary	True	True			
LA_T_6732309_0051	Interior_A	True	False	-159.9999999999966	-159.99999999999602	incomplete_strict_phone_support_for_nine_point_cpps_trajectory
LA_T_6732309_0051	Interior_B	True	True	159.9999999999966	159.99999999999716	
LA_T_6732309_0052	Boundary	True	True			
LA_T_6732309_0052	Interior_A	True	True	159.9999999999966	159.99999999999716	
LA_T_6732309_0052	Interior_B	True	False	0.0	5.551115123125783e-13	incomplete_strict_phone_support_for_nine_point_cpps_trajectory
LA_T_6732309_0053	Boundary	True	True			
LA_T_6732309_0053	Interior_A	True	False	0.0	5.551115123125783e-13	incomplete_strict_phone_support_for_nine_point_cpps_trajectory
LA_T_6732309_0053	Interior_B	True	True	79.9999999999983	79.99999999999885	
LA_T_6732309_0054	Boundary	True	True			
LA_T_6732309_0054	Interior_A	True	True	79.9999999999983	79.99999999999885	
LA_T_6732309_0054	Interior_B	True	True	480.000000000004	480.00000000000455	
LA_T_6732309_0055	Boundary	True	True			
LA_T_6732309_0055	Interior_A	True	True	480.000000000004	480.00000000000455	
LA_T_6732309_0055	Interior_B	True	True	79.9999999999983	79.99999999999885	
LA_T_6732309_0056	Boundary	True	False			official_v6_boundary_cpps_invalid_or_incomplete_support
LA_T_6732309_0056	Interior_A	True	True	79.9999999999983	79.99999999999885	
LA_T_6732309_0056	Interior_B	True	True	879.9999999999955	879.999999999996	
LA_T_6733358_0002	Boundary	True	False			official_v6_boundary_cpps_invalid_or_incomplete_support
LA_T_6733358_0002	Interior_A	True	False	-160.00000000000014	-160.00000000000003	incomplete_strict_phone_support_for_nine_point_cpps_trajectory
LA_T_6733358_0002	Interior_B	True	False	-159.9999999999997	-160.00000000000048	incomplete_strict_phone_support_for_nine_point_cpps_trajectory
LA_T_6733358_0004	Boundary	True	True			
LA_T_6733358_0004	Interior_A	True	False	-80.00000000000007	-79.99999999999952	incomplete_strict_phone_support_for_nine_point_cpps_trajectory
LA_T_6733358_0004	Interior_B	True	False	-80.00000000000007	-79.99999999999952	incomplete_strict_phone_support_for_nine_point_cpps_trajectory
LA_T_6733358_0005	Boundary	True	True			
LA_T_6733358_0005	Interior_A	True	False	-80.00000000000007	-79.99999999999952	incomplete_strict_phone_support_for_nine_point_cpps_trajectory
LA_T_6733358_0005	Interior_B	True	True	320.0000000000003	319.9999999999991	
LA_T_6734109_0001	Boundary	True	True			
LA_T_6734109_0001	Interior_A	True	True	239.99999999999977	239.9999999999999	
LA_T_6734109_0001	Interior_B	True	True	240.00000000000023	239.9999999999999	
LA_T_6734109_0004	Boundary	True	False			official_v6_boundary_cpps_invalid_or_incomplete_support
LA_T_6734109_0004	Interior_A	True	False	-79.99999999999918	-79.99999999999952	incomplete_strict_phone_support_for_nine_point_cpps_trajectory
LA_T_6734109_0004	Interior_B	True	False	0.0	-1.2212453270876722e-12	incomplete_strict_phone_support_for_nine_point_cpps_trajectory
LA_T_6734109_0011	Boundary	True	False			official_v6_boundary_cpps_invalid_or_incomplete_support
LA_T_6734109_0011	Interior_A	True	True	159.99999999999835	160.0000000000007	
LA_T_6734109_0011	Interior_B	True	False	0.0	5.551115123125783e-13	incomplete_strict_phone_support_for_nine_point_cpps_trajectory
LA_T_6734109_0012	Boundary	True	True			
LA_T_6734109_0012	Interior_A	True	False	0.0	5.551115123125783e-13	incomplete_strict_phone_support_for_nine_point_cpps_trajectory
LA_T_6734109_0012	Interior_B	True	False	-80.00000000000185	-80.0000000000013	incomplete_strict_phone_support_for_nine_point_cpps_trajectory
LA_T_6734109_0018	Boundary	True	True			
LA_T_6734109_0018	Interior_A	True	True	79.9999999999983	79.99999999999885	
LA_T_6734109_0018	Interior_B	True	False	-160.00000000000014	-159.99999999999957	incomplete_strict_phone_support_for_nine_point_cpps_trajectory
LA_T_6734109_0019	Boundary	True	True			
LA_T_6734109_0019	Interior_A	True	False	-160.00000000000014	-159.99999999999957	incomplete_strict_phone_support_for_nine_point_cpps_trajectory
LA_T_6734109_0019	Interior_B	True	False	-160.00000000000014	-159.99999999999957	incomplete_strict_phone_support_for_nine_point_cpps_trajectory
LA_T_6734109_0020	Boundary	True	True			
LA_T_6734109_0020	Interior_A	True	False	-160.00000000000014	-159.99999999999957	incomplete_strict_phone_support_for_nine_point_cpps_trajectory
LA_T_6734109_0020	Interior_B	True	True	160.00000000000014	159.99999999999716	
LA_T_6734109_0021	Boundary	True	False			official_v6_boundary_cpps_invalid_or_incomplete_support
LA_T_6734109_0021	Interior_A	True	True	160.00000000000014	159.99999999999716	
LA_T_6734109_0021	Interior_B	True	False	0.0	5.551115123125783e-13	incomplete_strict_phone_support_for_nine_point_cpps_trajectory
LA_T_6734109_0022	Boundary	True	False			official_v6_boundary_cpps_invalid_or_incomplete_support
LA_T_6734109_0022	Interior_A	True	False	0.0	5.551115123125783e-13	incomplete_strict_phone_support_for_nine_point_cpps_trajectory
LA_T_6734109_0022	Interior_B	True	True	160.00000000000014	160.0000000000007	
LA_T_6734109_0023	Boundary	True	True			
LA_T_6734109_0023	Interior_A	True	True	160.00000000000014	160.0000000000007	
LA_T_6734109_0023	Interior_B	True	False	0.0	-2.9976021664879227e-12	incomplete_strict_phone_support_for_nine_point_cpps_trajectory
LA_T_6734109_0024	Boundary	True	True			
LA_T_6734109_0024	Interior_A	True	False	0.0	-2.9976021664879227e-12	incomplete_strict_phone_support_for_nine_point_cpps_trajectory
LA_T_6734109_0024	Interior_B	True	False	-160.00000000000014	-159.99999999999957	incomplete_strict_phone_support_for_nine_point_cpps_trajectory
LA_T_6734109_0025	Boundary	True	True			
LA_T_6734109_0025	Interior_A	True	False	-160.00000000000014	-159.99999999999957	incomplete_strict_phone_support_for_nine_point_cpps_trajectory
LA_T_6734109_0025	Interior_B	True	False	-80.00000000000185	-79.99999999999774	incomplete_strict_phone_support_for_nine_point_cpps_trajectory
LA_T_6734109_0026	Boundary	True	True			
LA_T_6734109_0026	Interior_A	True	False	-80.00000000000185	-79.99999999999774	incomplete_strict_phone_support_for_nine_point_cpps_trajectory
LA_T_6734109_0026	Interior_B	True	False	-159.9999999999966	-160.00000000000313	incomplete_strict_phone_support_for_nine_point_cpps_trajectory
LA_T_6734109_0027	Boundary	True	True			
LA_T_6734109_0027	Interior_A	True	False	-159.9999999999966	-160.00000000000313	incomplete_strict_phone_support_for_nine_point_cpps_trajectory
LA_T_6734109_0027	Interior_B	True	False	0.0	5.551115123125783e-13	incomplete_strict_phone_support_for_nine_point_cpps_trajectory
LA_T_6734109_0028	Boundary	True	True			
LA_T_6734109_0028	Interior_A	True	False	0.0	5.551115123125783e-13	incomplete_strict_phone_support_for_nine_point_cpps_trajectory
LA_T_6734109_0028	Interior_B	True	False	0.0	-6.5503158452884236e-12	incomplete_strict_phone_support_for_nine_point_cpps_trajectory
LA_T_6734109_0032	Boundary	True	False			official_v6_boundary_cpps_invalid_or_incomplete_support
LA_T_6734109_0032	Interior_A	True	True	240.000000000002	240.00000000000256	
LA_T_6734109_0032	Interior_B	True	True	79.9999999999983	79.99999999999885	
LA_T_6734109_0035	Boundary	True	True			
LA_T_6734109_0035	Interior_A	True	False	-159.9999999999966	-160.00000000000313	incomplete_strict_phone_support_for_nine_point_cpps_trajectory
LA_T_6734109_0035	Interior_B	True	False	-159.9999999999966	-160.00000000000313	incomplete_strict_phone_support_for_nine_point_cpps_trajectory
LA_T_6734109_0036	Boundary	True	False			official_v6_boundary_cpps_invalid_or_incomplete_support
LA_T_6734109_0036	Interior_A	True	False	-159.9999999999966	-160.00000000000313	incomplete_strict_phone_support_for_nine_point_cpps_trajectory
LA_T_6734109_0036	Interior_B	True	False	-79.9999999999983	-80.00000000000485	incomplete_strict_phone_support_for_nine_point_cpps_trajectory
LA_T_6734109_0037	Boundary	True	False			official_v6_boundary_cpps_invalid_or_incomplete_support
LA_T_6734109_0037	Interior_A	True	False	-79.9999999999983	-80.00000000000485	incomplete_strict_phone_support_for_nine_point_cpps_trajectory
LA_T_6734109_0037	Interior_B	True	False	-79.9999999999983	-79.99999999999774	incomplete_strict_phone_support_for_nine_point_cpps_trajectory
LA_T_6734109_0038	Boundary	True	True			
LA_T_6734109_0038	Interior_A	True	False	-79.9999999999983	-79.99999999999774	incomplete_strict_phone_support_for_nine_point_cpps_trajectory
LA_T_6734109_0038	Interior_B	True	False	-159.9999999999966	-160.00000000000313	incomplete_strict_phone_support_for_nine_point_cpps_trajectory
LA_T_6734109_0039	Boundary	True	True			
LA_T_6734109_0039	Interior_A	True	False	-159.9999999999966	-160.00000000000313	incomplete_strict_phone_support_for_nine_point_cpps_trajectory
LA_T_6734109_0039	Interior_B	True	False	-80.0000000000054	-79.99999999999774	incomplete_strict_phone_support_for_nine_point_cpps_trajectory
LA_T_6734109_0040	Boundary	True	True			
LA_T_6734109_0040	Interior_A	True	False	-80.0000000000054	-79.99999999999774	incomplete_strict_phone_support_for_nine_point_cpps_trajectory
LA_T_6734109_0040	Interior_B	True	False	0.0	5.551115123125783e-13	incomplete_strict_phone_support_for_nine_point_cpps_trajectory
LA_T_6734109_0041	Boundary	True	True			
LA_T_6734109_0041	Interior_A	True	False	0.0	5.551115123125783e-13	incomplete_strict_phone_support_for_nine_point_cpps_trajectory
LA_T_6734109_0041	Interior_B	True	True	79.9999999999983	79.99999999999885	
LA_T_6734387_0000	Boundary	True	False			official_v6_boundary_cpps_invalid_or_incomplete_support
LA_T_6734387_0000	Interior_A	True	True	639.999999999997	640.0000000000011	
LA_T_6734387_0000	Interior_B	True	True	240.000000000002	239.999999999999	
LA_T_6734387_0001	Boundary	True	False			official_v6_boundary_cpps_invalid_or_incomplete_support
LA_T_6734387_0001	Interior_A	True	True	240.000000000002	239.999999999999	
LA_T_6734387_0001	Interior_B	True	True	399.9999999999986	399.99999999999915	
LA_T_6734387_0002	Boundary	True	False			official_v6_boundary_cpps_invalid_or_incomplete_support
LA_T_6734387_0002	Interior_A	True	True	399.9999999999986	399.99999999999915	
LA_T_6734387_0002	Interior_B	True	False	-80.00000000000185	-79.99999999999774	incomplete_strict_phone_support_for_nine_point_cpps_trajectory
LA_T_6734387_0003	Boundary	True	True			
LA_T_6734387_0003	Interior_A	True	False	-80.00000000000185	-79.99999999999774	incomplete_strict_phone_support_for_nine_point_cpps_trajectory
LA_T_6734387_0003	Interior_B	True	False	0.0	5.551115123125783e-13	incomplete_strict_phone_support_for_nine_point_cpps_trajectory
LA_T_6734387_0015	Boundary	True	True			
LA_T_6734387_0015	Interior_A	True	False	-80.0000000000054	-79.99999999999774	incomplete_strict_phone_support_for_nine_point_cpps_trajectory
LA_T_6734387_0015	Interior_B	True	False	-79.9999999999983	-80.00000000000485	incomplete_strict_phone_support_for_nine_point_cpps_trajectory
LA_T_6734387_0016	Boundary	True	True			
LA_T_6734387_0016	Interior_A	True	False	-79.9999999999983	-80.00000000000485	incomplete_strict_phone_support_for_nine_point_cpps_trajectory
LA_T_6734387_0016	Interior_B	True	False	0.0	5.551115123125783e-13	incomplete_strict_phone_support_for_nine_point_cpps_trajectory
LA_T_6734387_0020	Boundary	True	False			official_v6_boundary_cpps_invalid_or_incomplete_support
LA_T_6734387_0020	Interior_A	True	True	79.9999999999983	79.99999999999885	
LA_T_6734387_0020	Interior_B	True	False	-79.9999999999983	-80.00000000000485	incomplete_strict_phone_support_for_nine_point_cpps_trajectory
LA_T_6734387_0021	Boundary	True	False			official_v6_boundary_cpps_invalid_or_incomplete_support
LA_T_6734387_0021	Interior_A	True	False	-79.9999999999983	-80.00000000000485	incomplete_strict_phone_support_for_nine_point_cpps_trajectory
LA_T_6734387_0021	Interior_B	True	False	-79.9999999999983	-79.99999999999774	incomplete_strict_phone_support_for_nine_point_cpps_trajectory
LA_T_6734387_0022	Boundary	True	True			
LA_T_6734387_0022	Interior_A	True	False	-79.9999999999983	-79.99999999999774	incomplete_strict_phone_support_for_nine_point_cpps_trajectory
LA_T_6734387_0022	Interior_B	True	True	240.000000000002	239.99999999999545	
LA_T_6738625_0003	Boundary	True	False			official_v6_boundary_cpps_invalid_or_incomplete_support
LA_T_6738625_0003	Interior_A	True	False	-160.0000000000037	-159.99999999999957	incomplete_strict_phone_support_for_nine_point_cpps_trajectory
LA_T_6738625_0003	Interior_B	True	True	240.000000000002	239.999999999999	
LA_T_6738625_0004	Boundary	True	False			official_v6_boundary_cpps_invalid_or_incomplete_support
LA_T_6738625_0004	Interior_A	True	True	240.000000000002	239.999999999999	
LA_T_6738625_0004	Interior_B	True	False	0.0	5.551115123125783e-13	incomplete_strict_phone_support_for_nine_point_cpps_trajectory
LA_T_6738625_0005	Boundary	True	True			
LA_T_6738625_0005	Interior_A	True	False	0.0	5.551115123125783e-13	incomplete_strict_phone_support_for_nine_point_cpps_trajectory
LA_T_6738625_0005	Interior_B	True	False	-80.00000000000185	-80.0000000000013	incomplete_strict_phone_support_for_nine_point_cpps_trajectory
LA_T_6738625_0013	Boundary	True	False			official_v6_boundary_cpps_invalid_or_incomplete_support
LA_T_6738625_0013	Interior_A	True	True	159.9999999999966	160.00000000000426	
LA_T_6738625_0013	Interior_B	True	False	-79.9999999999983	-80.00000000000485	incomplete_strict_phone_support_for_nine_point_cpps_trajectory
LA_T_6738625_0016	Boundary	True	True			
LA_T_6738625_0016	Interior_A	True	False	0.0	-6.5503158452884236e-12	incomplete_strict_phone_support_for_nine_point_cpps_trajectory
LA_T_6738625_0016	Interior_B	True	False	-159.9999999999966	-160.00000000000313	incomplete_strict_phone_support_for_nine_point_cpps_trajectory
LA_T_6738625_0019	Boundary	True	True			
LA_T_6738625_0019	Interior_A	True	True	79.9999999999983	79.99999999999885	
LA_T_6738625_0019	Interior_B	True	False	-79.9999999999983	-80.00000000000485	incomplete_strict_phone_support_for_nine_point_cpps_trajectory
LA_T_6738625_0020	Boundary	True	True			
LA_T_6738625_0020	Interior_A	True	False	-79.9999999999983	-80.00000000000485	incomplete_strict_phone_support_for_nine_point_cpps_trajectory
LA_T_6738625_0020	Interior_B	True	False	-159.9999999999966	-160.00000000000313	incomplete_strict_phone_support_for_nine_point_cpps_trajectory
LA_T_6738625_0021	Boundary	True	True			
LA_T_6738625_0021	Interior_A	True	False	-159.9999999999966	-160.00000000000313	incomplete_strict_phone_support_for_nine_point_cpps_trajectory
LA_T_6738625_0021	Interior_B	True	False	-159.9999999999966	-160.00000000000313	incomplete_strict_phone_support_for_nine_point_cpps_trajectory
LA_T_6738625_0022	Boundary	True	True			
LA_T_6738625_0022	Interior_A	True	False	-159.9999999999966	-160.00000000000313	incomplete_strict_phone_support_for_nine_point_cpps_trajectory
LA_T_6738625_0022	Interior_B	True	False	0.0	5.551115123125783e-13	incomplete_strict_phone_support_for_nine_point_cpps_trajectory
LA_T_6738625_0023	Boundary	True	False			official_v6_boundary_cpps_invalid_or_incomplete_support
LA_T_6738625_0023	Interior_A	True	False	0.0	5.551115123125783e-13	incomplete_strict_phone_support_for_nine_point_cpps_trajectory
LA_T_6738625_0023	Interior_B	True	True	320.0000000000003	320.00000000000085	
LA_T_6738625_0024	Boundary	True	False			official_v6_boundary_cpps_invalid_or_incomplete_support
LA_T_6738625_0024	Interior_A	True	True	320.0000000000003	320.00000000000085	
LA_T_6738625_0024	Interior_B	True	False	-159.9999999999966	-160.00000000000313	incomplete_strict_phone_support_for_nine_point_cpps_trajectory
LA_T_6738625_0025	Boundary	True	False			official_v6_boundary_cpps_invalid_or_incomplete_support
LA_T_6738625_0025	Interior_A	True	False	-159.9999999999966	-160.00000000000313	incomplete_strict_phone_support_for_nine_point_cpps_trajectory
LA_T_6738625_0025	Interior_B	True	False	0.0	5.551115123125783e-13	incomplete_strict_phone_support_for_nine_point_cpps_trajectory
LA_T_6738625_0030	Boundary	True	False			official_v6_boundary_cpps_invalid_or_incomplete_support
LA_T_6738625_0030	Interior_A	True	True	240.000000000002	240.00000000000256	
LA_T_6738625_0030	Interior_B	True	True	319.9999999999932	320.00000000000085	
LA_T_6738625_0031	Boundary	True	False			official_v6_boundary_cpps_invalid_or_incomplete_support
LA_T_6738625_0031	Interior_A	True	True	319.9999999999932	320.00000000000085	
LA_T_6738625_0031	Interior_B	True	True	79.9999999999983	80.00000000000595	
LA_T_6738625_0032	Boundary	True	True			
LA_T_6738625_0032	Interior_A	True	True	79.9999999999983	80.00000000000595	
LA_T_6738625_0032	Interior_B	True	True	159.9999999999966	159.99999999999716	
LA_T_6738625_0037	Boundary	True	False			official_v6_boundary_cpps_invalid_or_incomplete_support
LA_T_6738625_0037	Interior_A	True	False	-160.0000000000037	-159.99999999999602	incomplete_strict_phone_support_for_nine_point_cpps_trajectory
LA_T_6738625_0037	Interior_B	True	True	239.99999999999488	240.00000000000256	
LA_T_6738625_0038	Boundary	True	False			official_v6_boundary_cpps_invalid_or_incomplete_support
LA_T_6738625_0038	Interior_A	True	True	239.99999999999488	240.00000000000256	
LA_T_6738625_0038	Interior_B	True	True	159.9999999999966	160.00000000000426	
LA_T_6738625_0042	Boundary	True	True			
LA_T_6738625_0042	Interior_A	True	True	79.9999999999983	79.99999999999885	
LA_T_6738625_0042	Interior_B	True	False	-159.9999999999966	-159.99999999999602	incomplete_strict_phone_support_for_nine_point_cpps_trajectory
LA_T_6738625_0043	Boundary	True	True			
LA_T_6738625_0043	Interior_A	True	False	-159.9999999999966	-159.99999999999602	incomplete_strict_phone_support_for_nine_point_cpps_trajectory
LA_T_6738625_0043	Interior_B	True	True	159.9999999999966	159.99999999999716	
LA_T_6738625_0044	Boundary	True	True			
LA_T_6738625_0044	Interior_A	True	True	159.9999999999966	159.99999999999716	
LA_T_6738625_0044	Interior_B	True	False	-159.9999999999966	-160.00000000001023	incomplete_strict_phone_support_for_nine_point_cpps_trajectory
LA_T_6738625_0045	Boundary	True	True			
LA_T_6738625_0045	Interior_A	True	False	-159.9999999999966	-160.00000000001023	incomplete_strict_phone_support_for_nine_point_cpps_trajectory
LA_T_6738625_0045	Interior_B	True	False	0.0	5.551115123125783e-13	incomplete_strict_phone_support_for_nine_point_cpps_trajectory
LA_T_6738625_0046	Boundary	True	False			official_v6_boundary_cpps_invalid_or_incomplete_support
LA_T_6738625_0046	Interior_A	True	False	0.0	5.551115123125783e-13	incomplete_strict_phone_support_for_nine_point_cpps_trajectory
LA_T_6738625_0046	Interior_B	True	True	239.99999999999488	240.00000000000966	
LA_T_6738625_0047	Boundary	True	False			official_v6_boundary_cpps_invalid_or_incomplete_support
LA_T_6738625_0047	Interior_A	True	True	239.99999999999488	240.00000000000966	
LA_T_6738625_0047	Interior_B	True	False	-159.9999999999966	-160.00000000001023	incomplete_strict_phone_support_for_nine_point_cpps_trajectory
LA_T_6738625_0048	Boundary	True	False			official_v6_boundary_cpps_invalid_or_incomplete_support
LA_T_6738625_0048	Interior_A	True	False	-159.9999999999966	-160.00000000001023	incomplete_strict_phone_support_for_nine_point_cpps_trajectory
LA_T_6738625_0048	Interior_B	True	True	79.9999999999983	80.00000000001306	
LA_T_6738625_0051	Boundary	True	True			
LA_T_6738625_0051	Interior_A	True	False	-79.9999999999983	-80.00000000001195	incomplete_strict_phone_support_for_nine_point_cpps_trajectory
LA_T_6738625_0051	Interior_B	True	True	79.9999999999983	79.99999999999885	
LA_T_6738625_0052	Boundary	True	True			
LA_T_6738625_0052	Interior_A	True	True	79.9999999999983	79.99999999999885	
LA_T_6738625_0052	Interior_B	True	True	80.0000000000125	79.99999999999885	
LA_T_6738625_0053	Boundary	True	True			
LA_T_6738625_0053	Interior_A	True	True	80.0000000000125	79.99999999999885	
LA_T_6738625_0053	Interior_B	True	False	-160.0000000000108	-159.99999999999602	incomplete_strict_phone_support_for_nine_point_cpps_trajectory
LA_T_6738625_0054	Boundary	True	True			
LA_T_6738625_0054	Interior_A	True	False	-160.0000000000108	-159.99999999999602	incomplete_strict_phone_support_for_nine_point_cpps_trajectory
LA_T_6738625_0054	Interior_B	True	False	0.0	5.551115123125783e-13	incomplete_strict_phone_support_for_nine_point_cpps_trajectory
LA_T_6738842_0005	Boundary	True	False			official_v6_boundary_cpps_invalid_or_incomplete_support
LA_T_6738842_0005	Interior_A	True	False	-160.00000000000102	-159.9999999999987	incomplete_strict_phone_support_for_nine_point_cpps_trajectory
LA_T_6738842_0005	Interior_B	True	False	-79.99999999999918	-79.99999999999952	incomplete_strict_phone_support_for_nine_point_cpps_trajectory
LA_T_6738842_0011	Boundary	True	False			official_v6_boundary_cpps_invalid_or_incomplete_support
LA_T_6738842_0011	Interior_A	True	False	0.0	-1.2212453270876722e-12	incomplete_strict_phone_support_for_nine_point_cpps_trajectory
LA_T_6738842_0011	Interior_B	True	False	0.0	5.551115123125783e-13	incomplete_strict_phone_support_for_nine_point_cpps_trajectory
LA_T_6738842_0012	Boundary	True	False			official_v6_boundary_cpps_invalid_or_incomplete_support
LA_T_6738842_0012	Interior_A	True	False	0.0	5.551115123125783e-13	incomplete_strict_phone_support_for_nine_point_cpps_trajectory
LA_T_6738842_0012	Interior_B	True	True	239.99999999999844	240.00000000000077	
